Job,Operation,Arrival,Deadline,Machine,Start,Processing Time,End,Lateness,Tardiness,Earliness
Job_093,1,6988,8115,M1,7207,78,7285,-830,0,830
Job_094,1,7086,8626,M0,7207,13,7220,-1406,0,1406
Job_083,6,6238,7775,M8,7222,19,7241,-534,0,534
Job_077,8,5841,7295,M7,7223,72,7295,0,0,0
Job_082,5,6093,7280,M5,7223,21,7244,-36,0,36
Job_094,2,7086,8626,M2,7225,61,7286,-1340,0,1340
Job_071,9,5424,7292,M5,7244,43,7287,-5,0,5
Job_092,2,6872,8491,M3,7247,39,7286,-1205,0,1205
Job_090,4,6864,8732,M6,7250,9,7259,-1473,0,1473
Job_091,1,6870,7991,M0,7256,6,7262,-729,0,729
Job_095,0,7200,8326,M0,7262,29,7291,-1035,0,1035
Job_082,6,6093,7280,M9,7268,32,7300,20,20,0
Job_091,2,6870,7991,M1,7285,22,7307,-684,0,684
Job_088,4,6691,8145,M3,7286,69,7355,-790,0,790
Job_092,3,6872,8491,M2,7286,74,7360,-1131,0,1131
Job_084,3,6454,8156,M5,7287,51,7338,-818,0,818
Job_096,0,7281,8735,M0,7291,43,7334,-1401,0,1401
Job_077,9,5841,7295,M8,7295,30,7325,30,30,0
Job_081,5,6056,7470,M9,7300,72,7372,-98,0,98
Job_095,1,7200,8326,M1,7307,78,7385,-941,0,941
Job_094,3,7086,8626,M6,7321,7,7328,-1298,0,1298
Job_082,7,6093,7280,M8,7325,89,7414,134,134,0
Job_087,3,6636,8338,M5,7338,51,7389,-949,0,949
Job_089,3,6860,8274,M3,7355,95,7450,-824,0,824
Job_093,2,6988,8115,M2,7360,9,7369,-746,0,746
Job_084,4,6454,8156,M2,7369,85,7454,-702,0,702
Job_081,6,6056,7470,M0,7372,47,7419,-51,0,51
Job_083,7,6238,7775,M9,7372,48,7420,-355,0,355
Job_088,5,6691,8145,M1,7385,28,7413,-732,0,732
Job_091,3,6870,7991,M5,7389,61,7450,-541,0,541
Job_078,9,5901,7521,M4,7411,33,7444,-77,0,77
Job_097,0,7341,8961,M1,7413,91,7504,-1457,0,1457
Job_082,8,6093,7280,M7,7414,30,7444,164,164,0
Job_094,4,7086,8626,M8,7414,64,7478,-1148,0,1148
Job_081,7,6056,7470,M6,7419,65,7484,14,14,0
Job_082,9,6093,7280,M4,7444,55,7499,219,219,0
Job_083,8,6238,7775,M7,7444,36,7480,-295,0,295
Job_085,6,6485,8025,M5,7450,47,7497,-528,0,528
Job_091,4,6870,7991,M3,7450,26,7476,-515,0,515
Job_084,5,6454,8156,M9,7454,11,7465,-691,0,691
Job_099,0,7428,8549,M2,7454,14,7468,-1081,0,1081
Job_095,2,7200,8326,M2,7468,9,7477,-849,0,849
Job_099,1,7428,8549,M0,7468,6,7474,-1075,0,1075
Job_079,7,5952,7820,M3,7476,98,7574,-246,0,246
Job_087,4,6636,8338,M2,7477,85,7562,-776,0,776
Job_089,4,6860,8274,M8,7478,48,7526,-748,0,748
Job_094,5,7086,8626,M9,7478,76,7554,-1072,0,1072
Job_084,6,6454,8156,M6,7484,40,7524,-632,0,632
Job_081,8,6056,7470,M4,7499,6,7505,35,35,0
Job_097,1,7341,8961,M0,7504,85,7589,-1372,0,1372
Job_098,0,7392,9260,M1,7504,81,7585,-1675,0,1675
Job_081,9,6056,7470,M7,7505,25,7530,60,60,0
Job_091,5,6870,7991,M4,7509,69,7578,-413,0,413
Job_088,6,6691,8145,M6,7524,46,7570,-575,0,575
Job_092,4,6872,8491,M8,7526,90,7616,-875,0,875
Job_084,7,6454,8156,M7,7530,89,7619,-537,0,537
Job_094,6,7086,8626,M5,7554,47,7601,-1025,0,1025
Job_087,5,6636,8338,M9,7562,11,7573,-765,0,765
Job_100,0,7496,8910,M2,7562,84,7646,-1264,0,1264
Job_087,6,6636,8338,M6,7573,40,7613,-725,0,725
Job_079,8,5952,7820,M9,7574,22,7596,-224,0,224
Job_093,3,6988,8115,M3,7574,36,7610,-505,0,505
Job_086,4,6587,8124,M4,7578,32,7610,-514,0,514
Job_101,0,7533,8720,M1,7585,46,7631,-1089,0,1089
Job_089,5,6860,8274,M9,7596,72,7668,-606,0,606
Job_085,7,6485,8025,M3,7610,52,7662,-363,0,363
Job_093,4,6988,8115,M4,7610,49,7659,-456,0,456
Job_091,6,6870,7991,M8,7616,21,7637,-354,0,354
Job_092,5,6872,8491,M5,7616,10,7626,-865,0,865
Job_088,7,6691,8145,M5,7626,46,7672,-473,0,473
Job_092,6,6872,8491,M7,7626,12,7638,-853,0,853
Job_086,5,6587,8124,M6,7631,88,7719,-405,0,405
Job_099,2,7428,8549,M1,7631,22,7653,-896,0,896
Job_101,1,7533,8720,M0,7631,37,7668,-1052,0,1052
Job_090,5,6864,8732,M8,7637,52,7689,-1043,0,1043
Job_087,7,6636,8338,M7,7638,89,7727,-611,0,611
Job_100,1,7496,8910,M1,7653,2,7655,-1255,0,1255
Job_084,8,6454,8156,M4,7659,26,7685,-471,0,471
Job_083,9,6238,7775,M3,7662,79,7741,-34,0,34
Job_089,6,6860,8274,M0,7668,47,7715,-559,0,559
Job_093,5,6988,8115,M5,7672,11,7683,-432,0,432
Job_102,0,7678,9215,M2,7678,31,7709,-1506,0,1506
Job_099,3,7428,8549,M5,7683,61,7744,-805,0,805
Job_085,8,6485,8025,M4,7685,90,7775,-250,0,250
Job_098,1,7392,9260,M2,7709,95,7804,-1456,0,1456
Job_102,1,7678,9215,M0,7715,86,7801,-1414,0,1414
Job_093,6,6988,8115,M6,7719,62,7781,-334,0,334
Job_091,7,6870,7991,M7,7727,49,7776,-215,0,215
Job_094,7,7086,8626,M3,7741,52,7793,-833,0,833
Job_086,6,6587,8124,M8,7748,19,7767,-357,0,357
Job_086,7,6587,8124,M9,7767,48,7815,-309,0,309
Job_087,8,6636,8338,M4,7775,26,7801,-537,0,537
Job_079,9,5952,7820,M5,7777,43,7820,0,0,0
Job_089,7,6860,8274,M6,7781,65,7846,-428,0,428
Job_093,7,6988,8115,M7,7781,56,7837,-278,0,278
Job_095,3,7200,8326,M3,7793,36,7829,-497,0,497
Job_102,2,7678,9215,M1,7801,46,7847,-1368,0,1368
Job_096,1,7281,8735,M2,7804,90,7894,-841,0,841
Job_098,2,7392,9260,M0,7804,71,7875,-1385,0,1385
Job_091,8,6870,7991,M9,7815,72,7887,-104,0,104
Job_100,2,7496,8910,M5,7820,52,7872,-1038,0,1038
Job_099,4,7428,8549,M3,7829,26,7855,-694,0,694
Job_086,8,6587,8124,M7,7837,36,7873,-251,0,251
Job_093,8,6988,8115,M8,7837,44,7881,-234,0,234
Job_089,8,6860,8274,M4,7846,6,7852,-422,0,422
Job_092,7,6872,8491,M6,7846,89,7935,-556,0,556
Job_094,8,7086,8626,M4,7852,90,7942,-684,0,684
Job_101,2,7533,8720,M3,7855,61,7916,-804,0,804
Job_102,3,7678,9215,M5,7872,74,7946,-1269,0,1269
Job_090,6,6864,8732,M7,7873,85,7958,-774,0,774
Job_103,0,7894,9596,M0,7894,76,7970,-1626,0,1626
Job_097,2,7341,8961,M3,7916,39,7955,-1006,0,1006
Job_101,3,7533,8720,M2,7916,13,7929,-791,0,791
Job_104,0,7925,9465,M1,7925,85,8010,-1455,0,1455
Job_092,8,6872,8491,M9,7935,45,7980,-511,0,511
Job_091,9,6870,7991,M6,7938,53,7991,0,0,0
Job_095,4,7200,8326,M4,7942,49,7991,-335,0,335
Job_097,3,7341,8961,M2,7955,74,8029,-932,0,932
Job_100,3,7496,8910,M3,7955,95,8050,-860,0,860
Job_085,9,6485,8025,M7,7972,45,8017,-8,0,8
Job_095,5,7200,8326,M5,7991,11,8002,-324,0,324
Job_096,2,7281,8735,M4,7991,75,8066,-669,0,669
Job_101,4,7533,8720,M6,7991,32,8023,-697,0,697
Job_103,1,7894,9596,M1,8010,69,8079,-1517,0,1517
Job_104,1,7925,9465,M0,8010,13,8023,-1442,0,1442
Job_088,8,6691,8145,M7,8017,72,8089,-56,0,56
Job_095,6,7200,8326,M6,8023,62,8085,-241,0,241
Job_101,5,7533,8720,M5,8023,21,8044,-676,0,676
Job_104,2,7925,9465,M2,8029,61,8090,-1375,0,1375
Job_084,9,6454,8156,M8,8041,74,8115,-41,0,41
Job_101,6,7533,8720,M9,8044,32,8076,-644,0,644
Job_086,9,6587,8124,M3,8050,79,8129,5,5,0
Job_099,5,7428,8549,M4,8066,69,8135,-414,0,414
Job_096,3,7281,8735,M9,8076,11,8087,-648,0,648
Job_106,0,8076,9778,M0,8076,76,8152,-1626,0,1626
Job_095,7,7200,8326,M7,8089,56,8145,-181,0,181
Job_104,3,7925,9465,M6,8090,7,8097,-1368,0,1368
Job_105,0,8027,9564,M2,8090,31,8121,-1443,0,1443
Job_093,9,6988,8115,M9,8094,21,8115,0,0,0
Job_088,9,6691,8145,M8,8115,30,8145,0,0,0
Job_096,4,7281,8735,M3,8129,69,8198,-537,0,537
Job_098,3,7392,9260,M4,8135,99,8234,-1026,0,1026
Job_095,8,7200,8326,M8,8145,44,8189,-137,0,137
Job_105,1,8027,9564,M0,8152,86,8238,-1326,0,1326
Job_106,1,8076,9778,M1,8152,69,8221,-1557,0,1557
Job_099,6,7428,8549,M8,8189,21,8210,-339,0,339
Job_090,7,6864,8732,M3,8198,98,8296,-436,0,436
Job_100,4,7496,8910,M8,8210,48,8258,-652,0,652
Job_096,5,7281,8735,M1,8221,28,8249,-486,0,486
Job_098,4,7392,9260,M6,8234,9,8243,-1017,0,1017
Job_102,4,7678,9215,M4,8234,32,8266,-949,0,949
Job_107,0,8131,9585,M0,8238,43,8281,-1304,0,1304
Job_089,9,6860,8274,M7,8249,25,8274,0,0,0
Job_096,6,7281,8735,M6,8249,46,8295,-440,0,440
Job_105,2,8027,9564,M1,8249,46,8295,-1269,0,1269
Job_087,9,6636,8338,M8,8264,74,8338,0,0,0
Job_099,7,7428,8549,M7,8274,49,8323,-226,0,226
Job_107,1,8131,9585,M2,8281,90,8371,-1214,0,1214
Job_095,9,7200,8326,M9,8283,21,8304,-22,0,22
Job_102,5,7678,9215,M6,8295,88,8383,-832,0,832
Job_105,3,8027,9564,M5,8295,74,8369,-1195,0,1195
Job_103,2,7894,9596,M3,8296,76,8372,-1224,0,1224
Job_090,8,6864,8732,M9,8304,22,8326,-406,0,406
Job_109,0,8304,10172,M1,8304,81,8385,-1787,0,1787
Job_099,8,7428,8549,M9,8326,72,8398,-151,0,151
Job_101,7,7533,8720,M8,8338,89,8427,-293,0,293
Job_096,7,7281,8735,M5,8369,46,8415,-320,0,320
Job_105,4,8027,9564,M4,8369,32,8401,-1163,0,1163
Job_110,0,8310,9431,M2,8371,14,8385,-1046,0,1046
Job_106,2,8076,9778,M3,8372,76,8448,-1330,0,1330
Job_109,1,8304,10172,M2,8385,95,8480,-1692,0,1692
Job_110,1,8310,9431,M0,8385,6,8391,-1040,0,1040
Job_111,0,8312,9931,M1,8385,91,8476,-1455,0,1455
Job_100,5,7496,8910,M9,8398,72,8470,-440,0,440
Job_105,5,8027,9564,M6,8401,88,8489,-1075,0,1075
Job_096,8,7281,8735,M7,8415,72,8487,-248,0,248
Job_103,3,7894,9596,M5,8415,51,8466,-1130,0,1130
Job_097,4,7341,8961,M8,8427,90,8517,-444,0,444
Job_112,0,8428,9555,M0,8428,29,8457,-1098,0,1098
Job_092,9,6872,8491,M4,8458,33,8491,0,0,0
Job_106,3,8076,9778,M5,8466,51,8517,-1261,0,1261
Job_100,6,7496,8910,M0,8470,47,8517,-393,0,393
Job_112,1,8428,9555,M1,8476,78,8554,-1001,0,1001
Job_108,0,8300,9714,M2,8480,84,8564,-1150,0,1150
Job_101,8,7533,8720,M7,8487,30,8517,-203,0,203
Job_107,2,8131,9585,M4,8491,75,8566,-1019,0,1019
Job_099,9,7428,8549,M6,8496,53,8549,0,0,0
Job_097,5,7341,8961,M5,8517,10,8527,-434,0,434
Job_098,5,7392,9260,M8,8517,52,8569,-691,0,691
Job_109,2,8304,10172,M0,8517,71,8588,-1584,0,1584
Job_097,6,7341,8961,M7,8527,12,8539,-422,0,422
Job_097,7,7341,8961,M6,8549,89,8638,-323,0,323
Job_110,2,8310,9431,M1,8554,22,8576,-855,0,855
Job_112,2,8428,9555,M2,8564,9,8573,-982,0,982
Job_107,3,8131,9585,M9,8566,11,8577,-1008,0,1008
Job_102,6,7678,9215,M8,8569,19,8588,-627,0,627
Job_103,4,7894,9596,M2,8573,85,8658,-938,0,938
Job_112,3,8428,9555,M3,8573,36,8609,-946,0,946
Job_108,1,8300,9714,M1,8576,2,8578,-1136,0,1136
Job_110,3,8310,9431,M5,8576,61,8637,-794,0,794
Job_113,0,8526,10066,M1,8578,85,8663,-1403,0,1403
Job_094,9,7086,8626,M7,8581,45,8626,0,0,0
Job_102,7,7678,9215,M9,8588,48,8636,-579,0,579
Job_104,4,7925,9465,M8,8588,64,8652,-813,0,813
Job_111,1,8312,9931,M0,8588,85,8673,-1258,0,1258
Job_107,4,8131,9585,M3,8609,69,8678,-907,0,907
Job_112,4,8428,9555,M4,8609,49,8658,-897,0,897
Job_098,6,7392,9260,M7,8626,85,8711,-549,0,549
Job_097,8,7341,8961,M9,8638,45,8683,-278,0,278
Job_105,6,8027,9564,M8,8652,19,8671,-893,0,893
Job_106,4,8076,9778,M2,8658,85,8743,-1035,0,1035
Job_112,5,8428,9555,M5,8658,11,8669,-886,0,886
Job_101,9,7533,8720,M4,8665,55,8720,0,0,0
Job_112,6,8428,9555,M6,8669,62,8731,-824,0,824
Job_113,1,8526,10066,M0,8673,13,8686,-1380,0,1380
Job_107,5,8131,9585,M1,8678,28,8706,-879,0,879
Job_111,2,8312,9931,M3,8678,39,8717,-1214,0,1214
Job_105,7,8027,9564,M9,8683,48,8731,-833,0,833
Job_114,0,8640,9766,M0,8686,29,8715,-1051,0,1051
Job_090,9,6864,8732,M5,8689,43,8732,0,0,0
Job_096,9,7281,8735,M8,8705,30,8735,0,0,0
Job_114,1,8640,9766,M1,8715,78,8793,-973,0,973
Job_098,7,7392,9260,M3,8717,98,8815,-445,0,445
Job_109,3,8304,10172,M4,8720,99,8819,-1353,0,1353
Job_115,0,8721,10175,M0,8721,43,8764,-1411,0,1411
Job_100,7,7496,8910,M6,8731,65,8796,-114,0,114
Job_104,5,7925,9465,M9,8731,76,8807,-658,0,658
Job_112,7,8428,9555,M7,8731,56,8787,-768,0,768
Job_108,2,8300,9714,M5,8732,52,8784,-930,0,930
Job_111,3,8312,9931,M2,8743,74,8817,-1114,0,1114
Job_102,8,7678,9215,M7,8787,36,8823,-392,0,392
Job_112,8,8428,9555,M8,8787,44,8831,-724,0,724
Job_116,0,8781,10401,M1,8793,91,8884,-1517,0,1517
Job_107,6,8131,9585,M6,8796,46,8842,-743,0,743
Job_104,6,7925,9465,M5,8807,47,8854,-611,0,611
Job_106,5,8076,9778,M9,8807,11,8818,-960,0,960
Job_110,4,8310,9431,M3,8815,26,8841,-590,0,590
Job_113,2,8526,10066,M2,8817,61,8878,-1188,0,1188
Job_098,8,7392,9260,M9,8818,22,8840,-420,0,420
Job_100,8,7496,8910,M4,8819,6,8825,-85,0,85
Job_105,8,8027,9564,M7,8823,36,8859,-705,0,705
Job_111,4,8312,9931,M8,8831,90,8921,-1010,0,1010
Job_103,5,7894,9596,M9,8840,11,8851,-745,0,745
Job_108,3,8300,9714,M3,8841,95,8936,-778,0,778
Job_110,5,8310,9431,M4,8841,69,8910,-521,0,521
Job_106,6,8076,9778,M6,8842,40,8882,-896,0,896
Job_107,7,8131,9585,M5,8854,46,8900,-685,0,685
Job_118,0,8868,9989,M2,8878,14,8892,-1097,0,1097
Job_113,3,8526,10066,M6,8882,7,8889,-1177,0,1177
Job_116,1,8781,10401,M0,8884,85,8969,-1432,0,1432
Job_117,0,8832,10700,M1,8884,81,8965,-1735,0,1735
Job_100,9,7496,8910,M7,8885,25,8910,0,0,0
Job_109,4,8304,10172,M6,8889,9,8898,-1274,0,1274
Job_114,2,8640,9766,M2,8892,9,8901,-865,0,865
Job_103,6,7894,9596,M6,8898,40,8938,-658,0,658
Job_115,1,8721,10175,M2,8901,90,8991,-1184,0,1184
Job_107,8,8131,9585,M7,8910,72,8982,-603,0,603
Job_110,6,8310,9431,M8,8921,21,8942,-489,0,489
Job_111,5,8312,9931,M5,8921,10,8931,-1000,0,1000
Job_097,9,7341,8961,M4,8928,33,8961,0,0,0
Job_104,7,7925,9465,M3,8936,52,8988,-477,0,477
Job_109,5,8304,10172,M8,8942,52,8994,-1178,0,1178
Job_118,1,8868,9989,M0,8969,6,8975,-1014,0,1014
Job_120,0,8973,10160,M1,8973,46,9019,-1141,0,1141
Job_111,6,8312,9931,M7,8982,12,8994,-937,0,937
Job_104,8,7925,9465,M4,8988,90,9078,-387,0,387
Job_116,2,8781,10401,M3,8988,39,9027,-1374,0,1374
Job_117,1,8832,10700,M2,8991,95,9086,-1614,0,1614
Job_108,4,8300,9714,M8,8994,48,9042,-672,0,672
Job_110,7,8310,9431,M7,8994,49,9043,-388,0,388
Job_111,7,8312,9931,M6,8994,89,9083,-848,0,848
Job_118,2,8868,9989,M1,9019,22,9041,-948,0,948
Job_120,1,8973,10160,M0,9019,37,9056,-1104,0,1104
Job_114,3,8640,9766,M3,9027,36,9063,-703,0,703
Job_118,3,8868,9989,M5,9041,61,9102,-887,0,887
Job_113,4,8526,10066,M8,9042,64,9106,-960,0,960
Job_109,6,8304,10172,M7,9043,85,9128,-1044,0,1044
Job_110,8,8310,9431,M9,9043,72,9115,-316,0,316
Job_120,2,8973,10160,M3,9063,61,9124,-1036,0,1036
Job_115,2,8721,10175,M4,9078,75,9153,-1022,0,1022
Job_117,2,8832,10700,M0,9086,71,9157,-1543,0,1543
Job_119,0,8936,10350,M2,9086,84,9170,-1180,0,1180
Job_108,5,8300,9714,M9,9115,72,9187,-527,0,527
Job_106,7,8076,9778,M7,9128,89,9217,-561,0,561
Job_102,9,7678,9215,M3,9136,79,9215,0,0,0
Job_114,4,8640,9766,M4,9153,49,9202,-564,0,564
Job_119,1,8936,10350,M1,9170,2,9172,-1178,0,1178
Job_121,0,9118,10655,M2,9170,31,9201,-1454,0,1454
Job_108,6,8300,9714,M0,9187,47,9234,-480,0,480
Job_111,8,8312,9931,M9,9187,45,9232,-699,0,699
Job_116,3,8781,10401,M2,9201,74,9275,-1126,0,1126
Job_114,5,8640,9766,M5,9202,11,9213,-553,0,553
Job_109,7,8304,10172,M3,9215,98,9313,-859,0,859
Job_098,9,7392,9260,M5,9217,43,9260,0,0,0
Job_103,7,7894,9596,M7,9217,89,9306,-290,0,290
Job_106,8,8076,9778,M4,9217,26,9243,-535,0,535
Job_113,5,8526,10066,M9,9232,76,9308,-758,0,758
Job_108,7,8300,9714,M6,9234,65,9299,-415,0,415
Job_121,1,9118,10655,M0,9234,86,9320,-1335,0,1335
Job_116,4,8781,10401,M8,9275,90,9365,-1036,0,1036
Job_120,3,8973,10160,M2,9275,13,9288,-872,0,872
Job_108,8,8300,9714,M4,9299,6,9305,-409,0,409
Job_114,6,8640,9766,M6,9299,62,9361,-405,0,405
Job_103,8,7894,9596,M4,9306,26,9332,-264,0,264
Job_113,6,8526,10066,M5,9308,47,9355,-711,0,711
Job_109,8,8304,10172,M9,9313,22,9335,-837,0,837
Job_118,4,8868,9989,M3,9313,26,9339,-650,0,650
Job_121,2,9118,10655,M1,9320,46,9366,-1289,0,1289
Job_122,0,9334,11036,M0,9334,76,9410,-1626,0,1626
Job_115,3,8721,10175,M9,9335,11,9346,-829,0,829
Job_118,5,8868,9989,M4,9339,69,9408,-581,0,581
Job_115,4,8721,10175,M3,9346,69,9415,-760,0,760
Job_114,7,8640,9766,M7,9361,56,9417,-349,0,349
Job_121,3,9118,10655,M5,9366,74,9440,-1215,0,1215
Job_123,0,9365,10905,M1,9366,85,9451,-1454,0,1454
Job_110,9,8310,9431,M6,9378,53,9431,0,0,0
Job_117,3,8832,10700,M4,9408,99,9507,-1193,0,1193
Job_118,6,8868,9989,M8,9408,21,9429,-560,0,560
Job_104,9,7925,9465,M7,9420,45,9465,0,0,0
Job_114,8,8640,9766,M8,9429,44,9473,-293,0,293
Job_120,4,8973,10160,M6,9431,32,9463,-697,0,697
Job_116,5,8781,10401,M5,9440,10,9450,-951,0,951
Job_119,2,8936,10350,M5,9450,52,9502,-848,0,848
Job_115,5,8721,10175,M1,9451,28,9479,-696,0,696
Job_123,1,9365,10905,M0,9451,13,9464,-1441,0,1441
Job_123,2,9365,10905,M2,9464,61,9525,-1380,0,1380
Job_116,6,8781,10401,M7,9465,12,9477,-924,0,924
Job_118,7,8868,9989,M7,9477,49,9526,-463,0,463
Job_122,1,9334,11036,M1,9479,69,9548,-1488,0,1488
Job_103,9,7894,9596,M8,9481,74,9555,-41,0,41
Job_105,9,8027,9564,M3,9485,79,9564,0,0,0
Job_120,5,8973,10160,M5,9502,21,9523,-637,0,637
Job_117,4,8832,10700,M6,9507,9,9516,-1184,0,1184
Job_121,4,9118,10655,M4,9507,32,9539,-1116,0,1116
Job_115,6,8721,10175,M6,9516,46,9562,-613,0,613
Job_125,0,9516,11218,M0,9516,76,9592,-1626,0,1626
Job_124,0,9467,11004,M2,9525,31,9556,-1448,0,1448
Job_112,9,8428,9555,M9,9534,21,9555,0,0,0
Job_107,9,8131,9585,M8,9555,30,9585,0,0,0
Job_120,6,8973,10160,M9,9555,32,9587,-573,0,573
Job_115,7,8721,10175,M5,9562,46,9608,-567,0,567
Job_123,3,9365,10905,M6,9562,7,9569,-1336,0,1336
Job_113,7,8526,10066,M3,9564,52,9616,-450,0,450
Job_116,7,8781,10401,M6,9569,89,9658,-743,0,743
Job_117,5,8832,10700,M8,9585,52,9637,-1063,0,1063
Job_118,8,8868,9989,M9,9587,72,9659,-330,0,330
Job_124,1,9467,11004,M0,9592,86,9678,-1326,0,1326
Job_125,1,9516,11218,M1,9592,69,9661,-1557,0,1557
Job_113,8,8526,10066,M4,9616,90,9706,-360,0,360
Job_119,3,8936,10350,M3,9616,95,9711,-639,0,639
Job_123,4,9365,10905,M8,9637,64,9701,-1204,0,1204
Job_121,5,9118,10655,M6,9658,88,9746,-909,0,909
Job_116,8,8781,10401,M9,9659,45,9704,-697,0,697
Job_124,2,9467,11004,M1,9678,46,9724,-1280,0,1280
Job_126,0,9571,11025,M0,9678,43,9721,-1304,0,1304
Job_108,9,8300,9714,M7,9689,25,9714,0,0,0
Job_106,9,8076,9778,M8,9704,74,9778,0,0,0
Job_122,2,9334,11036,M3,9711,76,9787,-1249,0,1249
Job_115,8,8721,10175,M7,9714,72,9786,-389,0,389
Job_124,3,9467,11004,M5,9724,74,9798,-1206,0,1206
Job_127,0,9740,11154,M2,9740,84,9824,-1330,0,1330
Job_128,0,9744,11612,M1,9744,81,9825,-1787,0,1787
Job_114,9,8640,9766,M9,9745,21,9766,0,0,0
Job_123,5,9365,10905,M9,9766,76,9842,-1063,0,1063
Job_119,4,8936,10350,M8,9778,48,9826,-524,0,524
Job_117,6,8832,10700,M7,9786,85,9871,-829,0,829
Job_125,2,9516,11218,M3,9787,76,9863,-1355,0,1355
Job_122,3,9334,11036,M5,9798,51,9849,-1187,0,1187
Job_124,4,9467,11004,M4,9798,32,9830,-1174,0,1174
Job_127,1,9740,11154,M1,9825,2,9827,-1327,0,1327
Job_128,1,9744,11612,M2,9825,95,9920,-1692,0,1692
Job_120,7,8973,10160,M8,9826,89,9915,-245,0,245
Job_130,0,9752,11371,M1,9827,91,9918,-1453,0,1453
Job_119,5,8936,10350,M9,9842,72,9914,-436,0,436
Job_127,2,9740,11154,M5,9849,52,9901,-1253,0,1253
Job_131,0,9868,10995,M0,9868,29,9897,-1098,0,1098
Job_117,7,8832,10700,M3,9871,98,9969,-731,0,731
Job_111,9,8312,9931,M4,9898,33,9931,0,0,0
Job_125,3,9516,11218,M5,9901,51,9952,-1266,0,1266
Job_120,8,8973,10160,M7,9915,30,9945,-215,0,215
Job_121,6,9118,10655,M8,9915,19,9934,-721,0,721
Job_131,1,9868,10995,M1,9918,78,9996,-999,0,999
Job_122,4,9334,11036,M2,9920,85,10005,-1031,0,1031
Job_128,2,9744,11612,M0,9920,71,9991,-1621,0,1621
Job_121,7,9118,10655,M9,9934,48,9982,-673,0,673
Job_118,9,8868,9989,M6,9936,53,9989,0,0,0
Job_127,3,9740,11154,M3,9969,95,10064,-1090,0,1090
Job_117,8,8832,10700,M9,9982,22,10004,-696,0,696
Job_121,8,9118,10655,M7,9982,36,10018,-637,0,637
Job_128,3,9744,11612,M4,9991,99,10090,-1522,0,1522
Job_122,5,9334,11036,M9,10005,11,10016,-1020,0,1020
Job_129,0,9750,10871,M2,10005,14,10019,-852,0,852
Job_122,6,9334,11036,M6,10016,40,10056,-980,0,980
Job_129,1,9750,10871,M0,10019,6,10025,-846,0,846
Job_131,2,9868,10995,M2,10019,9,10028,-967,0,967
Job_113,9,8526,10066,M7,10021,45,10066,0,0,0
Job_119,6,8936,10350,M0,10025,47,10072,-278,0,278
Job_129,2,9750,10871,M1,10025,22,10047,-824,0,824
Job_125,4,9516,11218,M2,10028,85,10113,-1105,0,1105
Job_129,3,9750,10871,M5,10047,61,10108,-763,0,763
Job_132,0,9966,11506,M1,10047,85,10132,-1374,0,1374
Job_127,4,9740,11154,M8,10064,48,10112,-1042,0,1042
Job_131,3,9868,10995,M3,10064,36,10100,-895,0,895
Job_122,7,9334,11036,M7,10066,89,10155,-881,0,881
Job_130,1,9752,11371,M0,10072,85,10157,-1214,0,1214
Job_128,4,9744,11612,M6,10090,9,10099,-1513,0,1513
Job_119,7,8936,10350,M6,10099,65,10164,-186,0,186
Job_120,9,8973,10160,M4,10105,55,10160,0,0,0
Job_129,4,9750,10871,M3,10108,26,10134,-737,0,737
Job_127,5,9740,11154,M9,10112,72,10184,-970,0,970
Job_126,1,9571,11025,M2,10113,90,10203,-822,0,822
Job_109,9,8304,10172,M5,10129,43,10172,0,0,0
Job_115,9,8721,10175,M8,10145,30,10175,0,0,0
Job_130,2,9752,11371,M3,10157,39,10196,-1175,0,1175
Job_132,1,9966,11506,M0,10157,13,10170,-1336,0,1336
Job_131,4,9868,10995,M4,10160,49,10209,-786,0,786
Job_123,6,9365,10905,M5,10172,47,10219,-686,0,686
Job_128,5,9744,11612,M8,10175,52,10227,-1385,0,1385
Job_125,5,9516,11218,M9,10184,11,10195,-1023,0,1023
Job_127,6,9740,11154,M0,10184,47,10231,-923,0,923
Job_125,6,9516,11218,M6,10195,40,10235,-983,0,983
Job_130,3,9752,11371,M2,10203,74,10277,-1094,0,1094
Job_119,8,8936,10350,M4,10209,6,10215,-135,0,135
Job_129,5,9750,10871,M4,10215,69,10284,-587,0,587
Job_123,7,9365,10905,M3,10219,52,10271,-634,0,634
Job_131,5,9868,10995,M5,10219,11,10230,-765,0,765
Job_135,0,10221,11841,M1,10221,91,10312,-1529,0,1529
Job_128,6,9744,11612,M7,10227,85,10312,-1300,0,1300
Job_134,0,10161,11615,M0,10231,43,10274,-1341,0,1341
Job_127,7,9740,11154,M6,10235,65,10300,-854,0,854
Job_133,0,10080,11206,M0,10274,29,10303,-903,0,903
Job_130,4,9752,11371,M8,10277,90,10367,-1004,0,1004
Job_132,2,9966,11506,M2,10277,61,10338,-1168,0,1168
Job_126,2,9571,11025,M4,10284,75,10359,-666,0,666
Job_124,5,9467,11004,M6,10300,88,10388,-616,0,616
Job_128,7,9744,11612,M3,10312,98,10410,-1202,0,1202
Job_133,1,10080,11206,M1,10312,78,10390,-816,0,816
Job_135,1,10221,11841,M0,10312,85,10397,-1444,0,1444
Job_119,9,8936,10350,M7,10325,25,10350,0,0,0
Job_134,1,10161,11615,M2,10338,90,10428,-1187,0,1187
Job_126,3,9571,11025,M9,10359,11,10370,-655,0,655
Job_127,8,9740,11154,M4,10359,6,10365,-789,0,789
Job_129,6,9750,10871,M8,10367,21,10388,-483,0,483
Job_130,5,9752,11371,M5,10367,10,10377,-994,0,994
Job_116,9,8781,10401,M4,10368,33,10401,0,0,0
Job_130,6,9752,11371,M7,10377,12,10389,-982,0,982
Job_124,6,9467,11004,M8,10388,19,10407,-597,0,597
Job_132,3,9966,11506,M6,10388,7,10395,-1111,0,1111
Job_129,7,9750,10871,M7,10389,49,10438,-433,0,433
Job_136,0,10272,12140,M1,10390,81,10471,-1669,0,1669
Job_131,6,9868,10995,M6,10395,62,10457,-538,0,538
Job_123,8,9365,10905,M4,10401,90,10491,-414,0,414
Job_132,4,9966,11506,M8,10407,64,10471,-1035,0,1035
Job_126,4,9571,11025,M3,10410,69,10479,-546,0,546
Job_128,8,9744,11612,M9,10410,22,10432,-1180,0,1180
Job_137,0,10308,11429,M2,10428,14,10442,-987,0,987
Job_124,7,9467,11004,M9,10432,48,10480,-524,0,524
Job_125,7,9516,11218,M7,10438,89,10527,-691,0,691
Job_133,2,10080,11206,M2,10442,9,10451,-755,0,755
Job_137,1,10308,11429,M0,10442,6,10448,-981,0,981
Job_138,0,10376,11790,M2,10451,84,10535,-1255,0,1255
Job_126,5,9571,11025,M1,10479,28,10507,-518,0,518
Job_133,3,10080,11206,M3,10479,36,10515,-691,0,691
Job_132,5,9966,11506,M9,10480,76,10556,-950,0,950
Job_122,8,9334,11036,M4,10491,26,10517,-519,0,519
Job_126,6,9571,11025,M6,10507,46,10553,-472,0,472
Job_139,0,10413,11600,M1,10507,46,10553,-1047,0,1047
Job_135,2,10221,11841,M3,10515,39,10554,-1287,0,1287
Job_124,8,9467,11004,M7,10527,36,10563,-441,0,441
Job_125,8,9516,11218,M4,10527,26,10553,-665,0,665
Job_130,7,9752,11371,M6,10553,89,10642,-729,0,729
Job_133,4,10080,11206,M4,10553,49,10602,-604,0,604
Job_137,2,10308,11429,M1,10553,22,10575,-854,0,854
Job_139,1,10413,11600,M0,10553,37,10590,-1010,0,1010
Job_129,8,9750,10871,M9,10556,72,10628,-243,0,243
Job_132,6,9966,11506,M5,10556,47,10603,-903,0,903
Job_140,0,10558,12095,M2,10558,31,10589,-1506,0,1506
Job_131,7,9868,10995,M7,10563,56,10619,-376,0,376
Job_138,1,10376,11790,M1,10575,2,10577,-1213,0,1213
Job_121,9,9118,10655,M3,10576,79,10655,0,0,0
Job_136,1,10272,12140,M2,10589,95,10684,-1456,0,1456
Job_140,1,10558,12095,M0,10590,86,10676,-1419,0,1419
Job_134,2,10161,11615,M4,10602,75,10677,-938,0,938
Job_126,7,9571,11025,M5,10603,46,10649,-376,0,376
Job_131,8,9868,10995,M8,10619,44,10663,-332,0,332
Job_130,8,9752,11371,M9,10642,45,10687,-684,0,684
Job_126,8,9571,11025,M7,10649,72,10721,-304,0,304
Job_132,7,9966,11506,M3,10655,52,10707,-799,0,799
Job_117,9,8832,10700,M5,10657,43,10700,0,0,0
Job_140,2,10558,12095,M1,10676,46,10722,-1373,0,1373
Job_135,3,10221,11841,M2,10684,74,10758,-1083,0,1083
Job_136,2,10272,12140,M0,10684,71,10755,-1385,0,1385
Job_134,3,10161,11615,M9,10687,11,10698,-917,0,917
Job_133,5,10080,11206,M5,10700,11,10711,-495,0,495
Job_132,8,9966,11506,M4,10707,90,10797,-709,0,709
Job_134,4,10161,11615,M3,10707,69,10776,-839,0,839
Job_133,6,10080,11206,M6,10711,62,10773,-433,0,433
Job_137,3,10308,11429,M5,10711,61,10772,-657,0,657
Job_135,4,10221,11841,M8,10758,90,10848,-993,0,993
Job_140,3,10558,12095,M5,10772,74,10846,-1249,0,1249
Job_133,7,10080,11206,M7,10773,56,10829,-377,0,377
Job_141,0,10774,12476,M0,10774,76,10850,-1626,0,1626
Job_134,5,10161,11615,M1,10776,28,10804,-811,0,811
Job_139,2,10413,11600,M3,10776,61,10837,-763,0,763
Job_142,0,10805,12345,M1,10805,85,10890,-1455,0,1455
Job_129,9,9750,10871,M6,10818,53,10871,0,0,0
Job_137,4,10308,11429,M3,10837,26,10863,-566,0,566
Job_139,3,10413,11600,M2,10837,13,10850,-750,0,750
Job_138,2,10376,11790,M5,10846,52,10898,-892,0,892
Job_133,8,10080,11206,M8,10848,44,10892,-314,0,314
Job_123,9,9365,10905,M7,10860,45,10905,0,0,0
Job_137,5,10308,11429,M4,10863,69,10932,-497,0,497
Job_134,6,10161,11615,M6,10871,46,10917,-698,0,698
Job_141,1,10774,12476,M1,10890,69,10959,-1517,0,1517
Job_142,1,10805,12345,M0,10890,13,10903,-1442,0,1442
Job_135,5,10221,11841,M5,10898,10,10908,-933,0,933
Job_143,0,10907,12444,M2,10907,31,10938,-1506,0,1506
Job_135,6,10221,11841,M7,10908,12,10920,-921,0,921
Job_134,7,10161,11615,M5,10917,46,10963,-652,0,652
Job_139,4,10413,11600,M6,10917,32,10949,-651,0,651
Job_122,9,9334,11036,M8,10921,74,10995,-41,0,41
Job_124,9,9467,11004,M3,10925,79,11004,0,0,0
Job_136,3,10272,12140,M4,10932,99,11031,-1109,0,1109
Job_142,2,10805,12345,M2,10938,61,10999,-1346,0,1346
Job_135,7,10221,11841,M6,10949,89,11038,-803,0,803
Job_134,8,10161,11615,M7,10963,72,11035,-580,0,580
Job_139,5,10413,11600,M5,10963,21,10984,-616,0,616
Job_131,9,9868,10995,M9,10974,21,10995,0,0,0
Job_126,9,9571,11025,M8,10995,30,11025,0,0,0
Job_139,6,10413,11600,M9,10995,32,11027,-573,0,573
Job_141,2,10774,12476,M3,11004,76,11080,-1396,0,1396
Job_145,0,11011,12465,M0,11011,43,11054,-1411,0,1411
Job_137,6,10308,11429,M8,11025,21,11046,-383,0,383
Job_140,4,10558,12095,M4,11031,32,11063,-1032,0,1032
Job_135,8,10221,11841,M9,11038,45,11083,-758,0,758
Job_136,4,10272,12140,M6,11038,9,11047,-1093,0,1093
Job_137,7,10308,11429,M7,11046,49,11095,-334,0,334
Job_139,7,10413,11600,M8,11046,89,11135,-465,0,465
Job_142,3,10805,12345,M6,11047,7,11054,-1291,0,1291
Job_143,1,10907,12444,M0,11054,86,11140,-1304,0,1304
Job_145,1,11011,12465,M2,11054,90,11144,-1321,0,1321
Job_140,5,10558,12095,M6,11063,88,11151,-944,0,944
Job_138,3,10376,11790,M3,11080,95,11175,-615,0,615
Job_141,3,10774,12476,M5,11080,51,11131,-1345,0,1345
Job_137,8,10308,11429,M9,11095,72,11167,-262,0,262
Job_127,9,9740,11154,M7,11129,25,11154,0,0,0
Job_144,0,10956,12658,M0,11140,76,11216,-1442,0,1442
Job_125,9,9516,11218,M8,11144,74,11218,0,0,0
Job_141,4,10774,12476,M2,11144,85,11229,-1247,0,1247
Job_145,2,11011,12465,M4,11144,75,11219,-1246,0,1246
Job_139,8,10413,11600,M7,11154,30,11184,-416,0,416
Job_147,0,11184,13052,M1,11184,81,11265,-1787,0,1787
Job_133,9,10080,11206,M9,11185,21,11206,0,0,0
Job_140,6,10558,12095,M8,11218,19,11237,-858,0,858
Job_145,3,11011,12465,M9,11219,11,11230,-1235,0,1235
Job_148,0,11190,12311,M2,11229,14,11243,-1068,0,1068
Job_141,5,10774,12476,M9,11230,11,11241,-1235,0,1235
Job_145,4,11011,12465,M3,11230,69,11299,-1166,0,1166
Job_138,4,10376,11790,M8,11237,48,11285,-505,0,505
Job_141,6,10774,12476,M6,11241,40,11281,-1195,0,1195
Job_148,1,11190,12311,M0,11243,6,11249,-1062,0,1062
Job_143,2,10907,12444,M1,11265,46,11311,-1133,0,1133
Job_147,1,11184,13052,M2,11265,95,11360,-1692,0,1692
Job_141,7,10774,12476,M7,11281,89,11370,-1106,0,1106
Job_138,5,10376,11790,M9,11285,72,11357,-433,0,433
Job_142,4,10805,12345,M8,11285,64,11349,-996,0,996
Job_150,0,11308,12435,M0,11308,29,11337,-1098,0,1098
Job_143,3,10907,12444,M5,11311,74,11385,-1059,0,1059
Job_148,2,11190,12311,M1,11311,22,11333,-978,0,978
Job_144,1,10956,12658,M1,11333,69,11402,-1256,0,1256
Job_130,9,9752,11371,M4,11338,33,11371,0,0,0
Job_136,5,10272,12140,M8,11349,52,11401,-739,0,739
Job_140,7,10558,12095,M9,11357,48,11405,-690,0,690
Job_146,0,11180,12594,M2,11360,84,11444,-1150,0,1150
Job_147,2,11184,13052,M0,11360,71,11431,-1621,0,1621
Job_137,9,10308,11429,M6,11376,53,11429,0,0,0
Job_143,4,10907,12444,M4,11385,32,11417,-1027,0,1027
Job_148,3,11190,12311,M5,11385,61,11446,-865,0,865
Job_144,2,10956,12658,M3,11402,76,11478,-1180,0,1180
Job_145,5,11011,12465,M1,11402,28,11430,-1035,0,1035
Job_142,5,10805,12345,M9,11405,76,11481,-864,0,864
Job_145,6,11011,12465,M6,11430,46,11476,-989,0,989
Job_138,6,10376,11790,M0,11431,47,11478,-312,0,312
Job_147,3,11184,13052,M4,11431,99,11530,-1522,0,1522
Job_146,1,11180,12594,M1,11444,2,11446,-1148,0,1148
Job_146,2,11180,12594,M5,11446,52,11498,-1096,0,1096
Job_151,0,11406,12946,M1,11446,85,11531,-1415,0,1415
Job_132,9,9966,11506,M7,11461,45,11506,0,0,0
Job_138,7,10376,11790,M6,11478,65,11543,-247,0,247
Job_148,4,11190,12311,M3,11478,26,11504,-807,0,807
Job_144,3,10956,12658,M5,11498,51,11549,-1109,0,1109
Job_146,3,11180,12594,M3,11504,95,11599,-995,0,995
Job_136,6,10272,12140,M7,11506,85,11591,-549,0,549
Job_149,0,11192,12811,M1,11531,91,11622,-1189,0,1189
Job_151,1,11406,12946,M0,11531,13,11544,-1402,0,1402
Job_147,4,11184,13052,M6,11543,9,11552,-1500,0,1500
Job_139,9,10413,11600,M4,11545,55,11600,0,0,0
Job_144,4,10956,12658,M2,11549,85,11634,-1024,0,1024
Job_143,5,10907,12444,M6,11552,88,11640,-804,0,804
Job_128,9,9744,11612,M5,11569,43,11612,0,0,0
Job_134,9,10161,11615,M8,11585,30,11615,0,0,0
Job_140,8,10558,12095,M7,11591,36,11627,-468,0,468
Job_136,7,10272,12140,M3,11599,98,11697,-443,0,443
Job_141,8,10774,12476,M4,11600,26,11626,-850,0,850
Job_142,6,10805,12345,M5,11612,47,11659,-686,0,686
Job_147,5,11184,13052,M8,11615,52,11667,-1385,0,1385
Job_149,1,11192,12811,M0,11622,85,11707,-1104,0,1104
Job_150,1,11308,12435,M1,11622,78,11700,-735,0,735
Job_148,5,11190,12311,M4,11626,69,11695,-616,0,616
Job_144,5,10956,12658,M9,11634,11,11645,-1013,0,1013
Job_151,2,11406,12946,M2,11634,61,11695,-1251,0,1251
Job_145,7,11011,12465,M5,11659,46,11705,-760,0,760
Job_146,4,11180,12594,M8,11667,48,11715,-879,0,879
Job_147,6,11184,13052,M7,11667,85,11752,-1300,0,1300
Job_138,8,10376,11790,M4,11695,6,11701,-89,0,89
Job_151,3,11406,12946,M6,11695,7,11702,-1244,0,1244
Job_136,8,10272,12140,M9,11697,22,11719,-421,0,421
Job_142,7,10805,12345,M3,11697,52,11749,-596,0,596
Job_150,2,11308,12435,M2,11700,9,11709,-726,0,726
Job_143,6,10907,12444,M8,11715,19,11734,-710,0,710
Job_146,5,11180,12594,M9,11719,72,11791,-803,0,803
Job_148,6,11190,12311,M8,11734,21,11755,-556,0,556
Job_150,3,11308,12435,M3,11749,36,11785,-650,0,650
Job_151,4,11406,12946,M8,11755,64,11819,-1127,0,1127
Job_138,9,10376,11790,M7,11765,25,11790,0,0,0
Job_149,2,11192,12811,M3,11785,39,11824,-987,0,987
Job_148,7,11190,12311,M7,11790,49,11839,-472,0,472
Job_143,7,10907,12444,M9,11791,48,11839,-605,0,605
Job_146,6,11180,12594,M0,11791,47,11838,-756,0,756
Job_135,9,10221,11841,M4,11808,33,11841,0,0,0
Job_149,3,11192,12811,M2,11824,74,11898,-913,0,913
Job_146,7,11180,12594,M6,11838,65,11903,-691,0,691
Job_143,8,10907,12444,M7,11839,36,11875,-569,0,569
Job_151,5,11406,12946,M9,11839,76,11915,-1031,0,1031
Job_142,8,10805,12345,M4,11841,90,11931,-414,0,414
Job_145,8,11011,12465,M7,11875,72,11947,-518,0,518
Job_149,4,11192,12811,M8,11898,90,11988,-823,0,823
Job_144,6,10956,12658,M6,11903,40,11943,-715,0,715
Job_148,8,11190,12311,M9,11915,72,11987,-324,0,324
Job_151,6,11406,12946,M5,11915,47,11962,-984,0,984
Job_150,4,11308,12435,M4,11931,49,11980,-455,0,455
Job_144,7,10956,12658,M7,11947,89,12036,-622,0,622
Job_151,7,11406,12946,M3,11962,52,12014,-932,0,932
Job_146,8,11180,12594,M4,11980,6,11986,-608,0,608
Job_150,5,11308,12435,M5,11980,11,11991,-444,0,444
Job_149,5,11192,12811,M5,11991,10,12001,-810,0,810
Job_150,6,11308,12435,M6,11991,62,12053,-382,0,382
Job_151,8,11406,12946,M4,12014,90,12104,-842,0,842
Job_140,9,10558,12095,M3,12016,79,12095,0,0,0
Job_149,6,11192,12811,M7,12036,12,12048,-763,0,763
Job_149,7,11192,12811,M6,12053,89,12142,-669,0,669
Job_150,7,11308,12435,M7,12053,56,12109,-326,0,326
Job_147,7,11184,13052,M3,12095,98,12193,-859,0,859
Job_136,9,10272,12140,M5,12097,43,12140,0,0,0
Job_144,8,10956,12658,M4,12104,26,12130,-528,0,528
Job_150,8,11308,12435,M8,12109,44,12153,-282,0,282
Job_147,8,11184,13052,M9,12193,22,12215,-837,0,837
Job_149,8,11192,12811,M9,12215,45,12260,-551,0,551
Job_148,9,11190,12311,M6,12258,53,12311,0,0,0
Job_142,9,10805,12345,M7,12300,45,12345,0,0,0
Job_141,9,10774,12476,M8,12361,74,12435,-41,0,41
Job_143,9,10907,12444,M3,12365,79,12444,0,0,0
Job_150,9,11308,12435,M9,12414,21,12435,0,0,0
Job_145,9,11011,12465,M8,12435,30,12465,0,0,0
Job_146,9,11180,12594,M7,12569,25,12594,0,0,0
Job_144,9,10956,12658,M8,12584,74,12658,0,0,0
Job_149,9,11192,12811,M4,12778,33,12811,0,0,0
Job_151,9,11406,12946,M7,12901,45,12946,0,0,0
Job_147,9,11184,13052,M5,13009,43,13052,0,0,0
