Job,Operation,Arrival,Deadline,Machine,Start,Processing Time,End,Lateness,Tardiness,Earliness
Job_190,0,14400,15644,M0,14400,29,14429,-1215,0,1215
Job_185,3,14053,16117,M4,14410,99,14509,-1608,0,1608
Job_187,0,14060,15850,M1,14426,91,14517,-1333,0,1333
Job_173,4,13100,14889,M8,14427,90,14517,-372,0,372
Job_177,8,13290,14601,M7,14427,30,14457,-144,0,144
Job_179,4,13647,15527,M2,14442,85,14527,-1000,0,1000
Job_183,4,13881,15488,M3,14448,69,14517,-971,0,971
Job_189,3,14272,15974,M6,14462,7,14469,-1505,0,1505
Job_191,0,14480,16087,M0,14480,43,14523,-1564,0,1564
Job_170,9,12832,14534,M7,14489,45,14534,0,0,0
Job_185,4,14053,16117,M6,14509,9,14518,-1599,0,1599
Job_172,7,13040,14647,M5,14511,46,14557,-90,0,90
Job_181,4,13779,15477,M4,14511,32,14543,-934,0,934
Job_176,4,13253,14816,M8,14517,48,14565,-251,0,251
Job_183,5,13881,15488,M1,14517,28,14545,-943,0,943
Job_186,4,14059,15298,M3,14517,26,14543,-755,0,755
Job_188,2,14176,15420,M2,14527,9,14536,-884,0,884
Job_191,1,14480,16087,M2,14536,90,14626,-1461,0,1461
Job_177,9,13290,14601,M4,14543,55,14598,-3,0,3
Job_188,3,14176,15420,M3,14543,36,14579,-841,0,841
Job_183,6,13881,15488,M6,14545,46,14591,-897,0,897
Job_179,5,13647,15527,M9,14554,11,14565,-962,0,962
Job_184,1,14048,15611,M1,14554,2,14556,-1055,0,1055
Job_187,1,14060,15850,M0,14554,85,14639,-1211,0,1211
Job_190,1,14400,15644,M1,14556,78,14634,-1010,0,1010
Job_172,8,13040,14647,M7,14557,72,14629,-18,0,18
Job_173,5,13100,14889,M5,14557,10,14567,-322,0,322
Job_176,5,13253,14816,M9,14565,72,14637,-179,0,179
Job_185,5,14053,16117,M8,14565,52,14617,-1500,0,1500
Job_180,7,13678,15379,M3,14579,52,14631,-748,0,748
Job_183,7,13881,15488,M5,14591,46,14637,-851,0,851
Job_186,5,14059,15298,M4,14598,69,14667,-631,0,631
Job_179,6,13647,15527,M6,14601,40,14641,-886,0,886
Job_194,0,14626,15865,M2,14626,14,14640,-1225,0,1225
Job_172,9,13040,14647,M8,14629,30,14659,12,12,0
Job_173,6,13100,14889,M7,14629,12,14641,-248,0,248
Job_182,2,13827,15708,M3,14631,76,14707,-1001,0,1001
Job_166,9,12613,14677,M5,14637,43,14680,3,3,0
Job_176,6,13253,14816,M0,14639,47,14686,-130,0,130
Job_190,2,14400,15644,M2,14640,9,14649,-995,0,995
Job_173,7,13100,14889,M6,14641,89,14730,-159,0,159
Job_185,6,14053,16117,M7,14641,85,14726,-1391,0,1391
Job_186,6,14059,15298,M8,14667,21,14688,-610,0,610
Job_188,4,14176,15420,M4,14667,49,14716,-704,0,704
Job_184,2,14048,15611,M5,14680,52,14732,-879,0,879
Job_194,1,14626,15865,M0,14686,6,14692,-1173,0,1173
Job_189,4,14272,15974,M8,14688,64,14752,-1222,0,1222
Job_194,2,14626,15865,M1,14692,22,14714,-1151,0,1151
Job_195,0,14693,16256,M2,14693,84,14777,-1479,0,1479
Job_190,3,14400,15644,M3,14707,36,14743,-901,0,901
Job_180,8,13678,15379,M4,14716,90,14806,-573,0,573
Job_179,7,13647,15527,M7,14726,89,14815,-712,0,712
Job_173,8,13100,14889,M9,14730,45,14775,-114,0,114
Job_176,7,13253,14816,M6,14730,65,14795,-21,0,21
Job_196,0,14730,16041,M1,14730,46,14776,-1265,0,1265
Job_188,5,14176,15420,M5,14732,11,14743,-677,0,677
Job_182,3,13827,15708,M5,14743,51,14794,-914,0,914
Job_174,5,13151,15214,M8,14752,52,14804,-410,0,410
Job_184,3,14048,15611,M3,14753,95,14848,-763,0,763
Job_189,5,14272,15974,M9,14775,76,14851,-1123,0,1123
Job_192,0,14540,16329,M1,14776,91,14867,-1462,0,1462
Job_196,1,14730,16041,M0,14776,37,14813,-1228,0,1228
Job_182,4,13827,15708,M2,14794,85,14879,-829,0,829
Job_188,6,14176,15420,M6,14795,62,14857,-563,0,563
Job_176,8,13253,14816,M4,14806,6,14812,-4,0,4
Job_176,9,13253,14816,M7,14815,25,14840,24,24,0
Job_174,6,13151,15214,M7,14840,85,14925,-289,0,289
Job_184,4,14048,15611,M8,14848,48,14896,-715,0,715
Job_187,2,14060,15850,M3,14848,39,14887,-963,0,963
Job_189,6,14272,15974,M5,14851,47,14898,-1076,0,1076
Job_173,9,13100,14889,M4,14856,33,14889,0,0,0
Job_181,5,13779,15477,M6,14857,88,14945,-532,0,532
Job_192,1,14540,16329,M0,14867,85,14952,-1377,0,1377
Job_195,1,14693,16256,M1,14867,2,14869,-1387,0,1387
Job_193,0,14591,16654,M1,14869,81,14950,-1704,0,1704
Job_182,5,13827,15708,M9,14879,11,14890,-818,0,818
Job_187,3,14060,15850,M2,14887,74,14961,-889,0,889
Job_190,4,14400,15644,M4,14889,49,14938,-706,0,706
Job_184,5,14048,15611,M9,14896,72,14968,-643,0,643
Job_189,7,14272,15974,M3,14898,52,14950,-1024,0,1024
Job_194,3,14626,15865,M5,14898,61,14959,-906,0,906
Job_188,7,14176,15420,M7,14925,56,14981,-439,0,439
Job_181,6,13779,15477,M8,14945,19,14964,-513,0,513
Job_182,6,13827,15708,M6,14945,40,14985,-723,0,723
Job_174,7,13151,15214,M3,14950,98,15048,-166,0,166
Job_189,8,14272,15974,M4,14950,90,15040,-934,0,934
Job_190,5,14400,15644,M5,14959,11,14970,-674,0,674
Job_193,1,14591,16654,M2,14961,95,15056,-1598,0,1598
Job_187,4,14060,15850,M8,14964,90,15054,-796,0,796
Job_181,7,13779,15477,M9,14968,48,15016,-461,0,461
Job_184,6,14048,15611,M0,14968,47,15015,-596,0,596
Job_195,2,14693,16256,M5,14970,52,15022,-1234,0,1234
Job_183,8,13881,15488,M7,14981,72,15053,-435,0,435
Job_184,7,14048,15611,M6,15015,65,15080,-531,0,531
Job_174,8,13151,15214,M9,15048,22,15070,-144,0,144
Job_178,9,13433,15131,M3,15052,79,15131,0,0,0
Job_187,5,14060,15850,M5,15054,10,15064,-786,0,786
Job_188,8,14176,15420,M8,15054,44,15098,-322,0,322
Job_193,2,14591,16654,M0,15056,71,15127,-1527,0,1527
Job_197,0,14873,16571,M2,15056,31,15087,-1484,0,1484
Job_187,6,14060,15850,M7,15064,12,15076,-774,0,774
Job_186,7,14059,15298,M7,15076,49,15125,-173,0,173
Job_184,8,14048,15611,M4,15080,6,15086,-525,0,525
Job_187,7,14060,15850,M6,15080,89,15169,-681,0,681
Job_179,8,13647,15527,M4,15086,26,15112,-415,0,415
Job_199,0,15118,16819,M1,15118,85,15203,-1616,0,1616
Job_181,8,13779,15477,M7,15125,36,15161,-316,0,316
Job_186,8,14059,15298,M9,15126,72,15198,-100,0,100
Job_198,0,15087,16967,M0,15127,76,15203,-1764,0,1764
Job_185,7,14053,16117,M3,15131,98,15229,-888,0,888
Job_193,3,14591,16654,M4,15132,99,15231,-1423,0,1423
Job_182,7,13827,15708,M7,15161,89,15250,-458,0,458
Job_190,6,14400,15644,M6,15169,62,15231,-413,0,413
Job_174,9,13151,15214,M5,15171,43,15214,0,0,0
Job_187,8,14060,15850,M9,15198,45,15243,-607,0,607
Job_198,1,15087,16967,M1,15203,69,15272,-1695,0,1695
Job_199,1,15118,16819,M0,15203,13,15216,-1603,0,1603
Job_197,1,14873,16571,M0,15216,86,15302,-1269,0,1269
Job_199,2,15118,16819,M2,15216,61,15277,-1542,0,1542
Job_194,4,14626,15865,M3,15229,26,15255,-610,0,610
Job_193,4,14591,16654,M6,15231,9,15240,-1414,0,1414
Job_193,5,14591,16654,M8,15240,52,15292,-1362,0,1362
Job_185,8,14053,16117,M9,15243,22,15265,-852,0,852
Job_186,9,14059,15298,M6,15245,53,15298,0,0,0
Job_182,8,13827,15708,M4,15250,26,15276,-432,0,432
Job_196,2,14730,16041,M3,15255,61,15316,-725,0,725
Job_194,5,14626,15865,M4,15276,69,15345,-520,0,520
Job_200,0,15219,16917,M2,15277,31,15308,-1609,0,1609
Job_199,3,15118,16819,M6,15298,7,15305,-1514,0,1514
Job_197,2,14873,16571,M1,15302,46,15348,-1223,0,1223
Job_192,2,14540,16329,M3,15316,39,15355,-974,0,974
Job_196,3,14730,16041,M2,15316,13,15329,-712,0,712
Job_202,0,15321,16928,M0,15321,43,15364,-1564,0,1564
Job_196,4,14730,16041,M6,15329,32,15361,-680,0,680
Job_180,9,13678,15379,M7,15334,45,15379,0,0,0
Job_191,2,14480,16087,M4,15345,75,15420,-667,0,667
Job_194,6,14626,15865,M8,15345,21,15366,-499,0,499
Job_197,3,14873,16571,M5,15348,74,15422,-1149,0,1149
Job_200,1,15219,16917,M0,15364,86,15450,-1467,0,1467
Job_202,1,15321,16928,M2,15364,90,15454,-1474,0,1474
Job_194,7,14626,15865,M7,15379,49,15428,-437,0,437
Job_181,9,13779,15477,M3,15398,79,15477,0,0,0
Job_188,9,14176,15420,M9,15399,21,15420,0,0,0
Job_191,3,14480,16087,M9,15420,11,15431,-656,0,656
Job_196,5,14730,16041,M5,15422,21,15443,-598,0,598
Job_197,4,14873,16571,M4,15422,32,15454,-1117,0,1117
Job_183,9,13881,15488,M8,15423,30,15453,-35,0,35
Job_190,7,14400,15644,M7,15428,56,15484,-160,0,160
Job_194,8,14626,15865,M9,15431,72,15503,-362,0,362
Job_201,0,15267,17148,M0,15450,76,15526,-1622,0,1622
Job_179,9,13647,15527,M8,15453,74,15527,0,0,0
Job_192,3,14540,16329,M2,15454,74,15528,-801,0,801
Job_197,5,14873,16571,M6,15454,88,15542,-1029,0,1029
Job_202,2,15321,16928,M4,15454,75,15529,-1399,0,1399
Job_198,2,15087,16967,M3,15477,76,15553,-1414,0,1414
Job_193,6,14591,16654,M7,15484,85,15569,-1085,0,1085
Job_204,0,15493,17557,M1,15493,81,15574,-1983,0,1983
Job_196,6,14730,16041,M9,15503,32,15535,-506,0,506
Job_190,8,14400,15644,M8,15527,44,15571,-73,0,73
Job_205,0,15499,16738,M2,15528,14,15542,-1196,0,1196
Job_202,3,15321,16928,M9,15535,11,15546,-1382,0,1382
Job_205,1,15499,16738,M0,15542,6,15548,-1190,0,1190
Job_191,4,14480,16087,M3,15553,69,15622,-465,0,465
Job_198,3,15087,16967,M5,15553,51,15604,-1363,0,1363
Job_197,6,14873,16571,M8,15571,19,15590,-981,0,981
Job_204,1,15493,17557,M2,15574,95,15669,-1888,0,1888
Job_205,2,15499,16738,M1,15574,22,15596,-1142,0,1142
Job_184,9,14048,15611,M7,15586,25,15611,0,0,0
Job_206,0,15500,17290,M1,15596,91,15687,-1603,0,1603
Job_205,3,15499,16738,M5,15604,61,15665,-1073,0,1073
Job_207,0,15616,16860,M0,15616,29,15645,-1215,0,1215
Job_195,3,14693,16256,M3,15622,95,15717,-539,0,539
Job_190,9,14400,15644,M9,15623,21,15644,0,0,0
Job_182,9,13827,15708,M8,15634,74,15708,0,0,0
Job_197,7,14873,16571,M9,15644,48,15692,-879,0,879
Job_203,0,15488,17051,M2,15669,84,15753,-1298,0,1298
Job_204,2,15493,17557,M0,15669,71,15740,-1817,0,1817
Job_191,5,14480,16087,M1,15687,28,15715,-372,0,372
Job_197,8,14873,16571,M7,15692,36,15728,-843,0,843
Job_192,4,14540,16329,M8,15708,90,15798,-531,0,531
Job_191,6,14480,16087,M6,15715,46,15761,-326,0,326
Job_207,1,15616,16860,M1,15715,78,15793,-1067,0,1067
Job_202,4,15321,16928,M3,15717,69,15786,-1142,0,1142
Job_206,1,15500,17290,M0,15740,85,15825,-1465,0,1465
Job_198,4,15087,16967,M2,15753,85,15838,-1129,0,1129
Job_191,7,14480,16087,M5,15761,46,15807,-280,0,280
Job_205,4,15499,16738,M3,15786,26,15812,-926,0,926
Job_203,1,15488,17051,M1,15793,2,15795,-1256,0,1256
Job_200,2,15219,16917,M1,15795,46,15841,-1076,0,1076
Job_196,7,14730,16041,M8,15798,89,15887,-154,0,154
Job_191,8,14480,16087,M7,15807,72,15879,-208,0,208
Job_192,5,14540,16329,M5,15807,10,15817,-512,0,512
Job_194,9,14626,15865,M6,15812,53,15865,0,0,0
Job_187,9,14060,15850,M4,15817,33,15850,0,0,0
Job_203,2,15488,17051,M5,15817,52,15869,-1182,0,1182
Job_206,2,15500,17290,M3,15825,39,15864,-1426,0,1426
Job_198,5,15087,16967,M9,15838,11,15849,-1118,0,1118
Job_207,2,15616,16860,M2,15838,9,15847,-1013,0,1013
Job_208,0,15712,17414,M1,15841,85,15926,-1488,0,1488
Job_204,3,15493,17557,M4,15850,99,15949,-1608,0,1608
Job_206,3,15500,17290,M2,15864,74,15938,-1352,0,1352
Job_207,3,15616,16860,M3,15864,36,15900,-960,0,960
Job_198,6,15087,16967,M6,15865,40,15905,-1062,0,1062
Job_200,3,15219,16917,M5,15869,74,15943,-974,0,974
Job_192,6,14540,16329,M7,15879,12,15891,-438,0,438
Job_195,4,14693,16256,M8,15887,48,15935,-321,0,321
Job_196,8,14730,16041,M7,15891,30,15921,-120,0,120
Job_203,3,15488,17051,M3,15900,95,15995,-1056,0,1056
Job_201,1,15267,17148,M1,15926,69,15995,-1153,0,1153
Job_208,1,15712,17414,M0,15926,13,15939,-1475,0,1475
Job_189,9,14272,15974,M7,15929,45,15974,0,0,0
Job_195,5,14693,16256,M9,15935,72,16007,-249,0,249
Job_208,2,15712,17414,M2,15939,61,16000,-1414,0,1414
Job_200,4,15219,16917,M4,15949,32,15981,-936,0,936
Job_204,4,15493,17557,M6,15949,9,15958,-1599,0,1599
Job_192,7,14540,16329,M6,15958,89,16047,-282,0,282
Job_204,5,15493,17557,M8,15958,52,16010,-1547,0,1547
Job_196,9,14730,16041,M4,15986,55,16041,0,0,0
Job_201,2,15267,17148,M3,15995,76,16071,-1077,0,1077
Job_202,5,15321,16928,M1,15995,28,16023,-905,0,905
Job_195,6,14693,16256,M0,16007,47,16054,-202,0,202
Job_204,6,15493,17557,M7,16010,85,16095,-1462,0,1462
Job_205,5,15499,16738,M4,16041,69,16110,-628,0,628
Job_192,8,14540,16329,M9,16047,45,16092,-237,0,237
Job_208,3,15712,17414,M6,16047,7,16054,-1360,0,1360
Job_195,7,14693,16256,M6,16054,65,16119,-137,0,137
Job_191,9,14480,16087,M8,16057,30,16087,0,0,0
Job_185,9,14053,16117,M5,16074,43,16117,0,0,0
Job_199,4,15118,16819,M8,16087,64,16151,-668,0,668
Job_198,7,15087,16967,M7,16095,89,16184,-783,0,783
Job_204,7,15493,17557,M3,16095,98,16193,-1364,0,1364
Job_201,3,15267,17148,M5,16117,51,16168,-980,0,980
Job_195,8,14693,16256,M4,16119,6,16125,-131,0,131
Job_200,5,15219,16917,M6,16119,88,16207,-710,0,710
Job_205,6,15499,16738,M8,16151,21,16172,-566,0,566
Job_201,4,15267,17148,M2,16168,85,16253,-895,0,895
Job_198,8,15087,16967,M4,16184,26,16210,-757,0,757
Job_193,7,14591,16654,M3,16193,98,16291,-363,0,363
Job_204,8,15493,17557,M9,16193,22,16215,-1342,0,1342
Job_200,6,15219,16917,M8,16207,19,16226,-691,0,691
Job_202,6,15321,16928,M6,16207,46,16253,-675,0,675
Job_206,4,15500,17290,M8,16226,90,16316,-974,0,974
Job_195,9,14693,16256,M7,16231,25,16256,0,0,0
Job_201,5,15267,17148,M9,16253,11,16264,-884,0,884
Job_202,7,15321,16928,M5,16253,46,16299,-629,0,629
Job_199,5,15118,16819,M9,16264,76,16340,-479,0,479
Job_201,6,15267,17148,M6,16264,40,16304,-844,0,844
Job_192,9,14540,16329,M4,16296,33,16329,0,0,0
Job_202,8,15321,16928,M7,16299,72,16371,-557,0,557
Job_203,4,15488,17051,M8,16316,48,16364,-687,0,687
Job_206,5,15500,17290,M5,16316,10,16326,-964,0,964
Job_207,4,15616,16860,M4,16329,49,16378,-482,0,482
Job_200,7,15219,16917,M9,16340,48,16388,-529,0,529
Job_208,4,15712,17414,M8,16364,64,16428,-986,0,986
Job_205,7,15499,16738,M7,16371,49,16420,-318,0,318
Job_207,5,15616,16860,M5,16378,11,16389,-471,0,471
Job_203,5,15488,17051,M9,16388,72,16460,-591,0,591
Job_199,6,15118,16819,M5,16389,47,16436,-383,0,383
Job_207,6,15616,16860,M6,16389,62,16451,-409,0,409
Job_206,6,15500,17290,M7,16420,12,16432,-858,0,858
Job_199,7,15118,16819,M3,16436,52,16488,-331,0,331
Job_206,7,15500,17290,M6,16451,89,16540,-750,0,750
Job_207,7,15616,16860,M7,16451,56,16507,-353,0,353
Job_203,6,15488,17051,M0,16460,47,16507,-544,0,544
Job_208,5,15712,17414,M9,16460,76,16536,-878,0,878
Job_199,8,15118,16819,M4,16488,90,16578,-241,0,241
Job_197,9,14873,16571,M3,16492,79,16571,0,0,0
Job_201,7,15267,17148,M7,16507,89,16596,-552,0,552
Job_207,8,15616,16860,M8,16507,44,16551,-309,0,309
Job_208,6,15712,17414,M5,16536,47,16583,-831,0,831
Job_203,7,15488,17051,M6,16540,65,16605,-446,0,446
Job_206,8,15500,17290,M9,16540,45,16585,-705,0,705
Job_208,7,15712,17414,M3,16583,52,16635,-779,0,779
Job_193,8,14591,16654,M9,16589,22,16611,-43,0,43
Job_200,8,15219,16917,M7,16596,36,16632,-285,0,285
Job_201,8,15267,17148,M4,16596,26,16622,-526,0,526
Job_193,9,14591,16654,M5,16611,43,16654,0,0,0
Job_205,8,15499,16738,M9,16611,72,16683,-55,0,55
Job_203,8,15488,17051,M4,16622,6,16628,-423,0,423
Job_208,8,15712,17414,M4,16635,90,16725,-689,0,689
Job_205,9,15499,16738,M6,16685,53,16738,0,0,0
Job_199,9,15118,16819,M7,16774,45,16819,0,0,0
Job_200,9,15219,16917,M3,16838,79,16917,0,0,0
Job_207,9,15616,16860,M9,16839,21,16860,0,0,0
Job_202,9,15321,16928,M8,16863,30,16893,-35,0,35
Job_198,9,15087,16967,M8,16893,74,16967,0,0,0
Job_203,9,15488,17051,M7,17026,25,17051,0,0,0
Job_201,9,15267,17148,M8,17074,74,17148,0,0,0
Job_206,9,15500,17290,M4,17257,33,17290,0,0,0
Job_208,9,15712,17414,M7,17369,45,17414,0,0,0
Job_204,9,15493,17557,M5,17514,43,17557,0,0,0
