Job,Operation,Arrival,Deadline,Machine,Start,Processing Time,End,Lateness,Tardiness,Earliness
Job_072,2,5430,6551,M1,5762,22,5784,-767,0,767
Job_068,2,5196,6898,M3,5764,76,5840,-1058,0,1058
Job_063,7,4653,5840,M8,5772,89,5861,21,21,0
Job_067,2,5147,6684,M1,5784,46,5830,-854,0,854
Job_059,8,4461,6081,M9,5793,45,5838,-243,0,243
Job_062,6,4616,6030,M0,5797,47,5844,-186,0,186
Job_074,2,5548,6675,M2,5801,9,5810,-865,0,865
Job_052,9,3984,5852,M5,5809,43,5852,0,0,0
Job_070,1,5420,6834,M1,5830,2,5832,-1002,0,1002
Job_073,0,5432,7051,M1,5832,91,5923,-1128,0,1128
Job_066,5,5045,6585,M9,5838,76,5914,-671,0,671
Job_074,3,5548,6675,M3,5840,36,5876,-799,0,799
Job_062,7,4616,6030,M6,5844,65,5909,-121,0,121
Job_076,0,5760,6886,M0,5844,29,5873,-1013,0,1013
Job_072,3,5430,6551,M5,5852,61,5913,-638,0,638
Job_058,9,4401,5855,M8,5861,30,5891,36,36,0
Job_063,8,4653,5840,M7,5861,30,5891,51,51,0
Job_077,0,5841,7295,M0,5873,43,5916,-1379,0,1379
Job_063,9,4653,5840,M4,5891,55,5946,106,106,0
Job_064,6,4798,6335,M8,5891,19,5910,-425,0,425
Job_067,3,5147,6684,M5,5913,74,5987,-697,0,697
Job_072,4,5430,6551,M3,5913,26,5939,-612,0,612
Job_064,7,4798,6335,M9,5914,48,5962,-373,0,373
Job_071,2,5424,7292,M0,5916,71,5987,-1305,0,1305
Job_077,1,5841,7295,M2,5916,90,6006,-1289,0,1289
Job_076,1,5760,6886,M1,5923,78,6001,-885,0,885
Job_062,8,4616,6030,M4,5946,6,5952,-78,0,78
Job_072,5,5430,6551,M4,5952,69,6021,-530,0,530
Job_060,8,4512,6380,M9,5962,22,5984,-396,0,396
Job_064,8,4798,6335,M7,5962,36,5998,-337,0,337
Job_069,3,5251,6705,M9,5984,11,5995,-710,0,710
Job_066,6,5045,6585,M5,5987,47,6034,-551,0,551
Job_073,1,5432,7051,M0,5987,85,6072,-979,0,979
Job_065,5,5014,6716,M9,5995,11,6006,-710,0,710
Job_069,4,5251,6705,M3,5995,69,6064,-641,0,641
Job_075,0,5646,7186,M1,6001,85,6086,-1100,0,1100
Job_062,9,4616,6030,M7,6005,25,6030,0,0,0
Job_065,6,5014,6716,M6,6006,40,6046,-670,0,670
Job_076,2,5760,6886,M2,6006,9,6015,-871,0,871
Job_080,0,5988,7109,M2,6015,14,6029,-1080,0,1080
Job_072,6,5430,6551,M8,6021,21,6042,-509,0,509
Job_070,2,5420,6834,M5,6034,52,6086,-748,0,748
Job_072,7,5430,6551,M7,6042,49,6091,-460,0,460
Job_059,9,4461,6081,M4,6048,33,6081,0,0,0
Job_081,0,6056,7470,M2,6056,84,6140,-1330,0,1330
Job_066,7,5045,6585,M3,6064,52,6116,-469,0,469
Job_080,1,5988,7109,M0,6072,6,6078,-1031,0,1031
Job_067,4,5147,6684,M4,6081,32,6113,-571,0,571
Job_068,3,5196,6898,M5,6086,51,6137,-761,0,761
Job_075,1,5646,7186,M0,6086,13,6099,-1087,0,1087
Job_080,2,5988,7109,M1,6086,22,6108,-1001,0,1001
Job_065,7,5014,6716,M7,6091,89,6180,-536,0,536
Job_072,8,5430,6551,M9,6091,72,6163,-388,0,388
Job_082,0,6093,7280,M1,6108,46,6154,-1126,0,1126
Job_067,5,5147,6684,M6,6113,88,6201,-483,0,483
Job_074,4,5548,6675,M4,6113,49,6162,-513,0,513
Job_070,3,5420,6834,M3,6116,95,6211,-623,0,623
Job_080,3,5988,7109,M5,6137,61,6198,-911,0,911
Job_068,4,5196,6898,M2,6140,85,6225,-673,0,673
Job_078,0,5901,7521,M1,6154,91,6245,-1276,0,1276
Job_082,1,6093,7280,M0,6154,37,6191,-1089,0,1089
Job_066,8,5045,6585,M4,6162,90,6252,-333,0,333
Job_074,5,5548,6675,M5,6198,11,6209,-466,0,466
Job_067,6,5147,6684,M8,6201,19,6220,-464,0,464
Job_074,6,5548,6675,M6,6209,62,6271,-404,0,404
Job_076,3,5760,6886,M3,6211,36,6247,-639,0,639
Job_067,7,5147,6684,M9,6220,48,6268,-416,0,416
Job_070,4,5420,6834,M8,6220,48,6268,-566,0,566
Job_075,2,5646,7186,M2,6225,61,6286,-900,0,900
Job_078,1,5901,7521,M0,6245,85,6330,-1191,0,1191
Job_081,1,6056,7470,M1,6245,2,6247,-1223,0,1223
Job_079,0,5952,7820,M1,6247,81,6328,-1492,0,1492
Job_081,2,6056,7470,M5,6247,52,6299,-1171,0,1171
Job_065,8,5014,6716,M4,6252,26,6278,-438,0,438
Job_064,9,4798,6335,M3,6256,79,6335,0,0,0
Job_067,8,5147,6684,M7,6268,36,6304,-380,0,380
Job_068,5,5196,6898,M9,6268,11,6279,-619,0,619
Job_076,4,5760,6886,M4,6278,49,6327,-559,0,559
Job_070,5,5420,6834,M9,6279,72,6351,-483,0,483
Job_075,3,5646,7186,M6,6286,7,6293,-893,0,893
Job_083,0,6238,7775,M2,6286,31,6317,-1458,0,1458
Job_068,6,5196,6898,M6,6293,40,6333,-565,0,565
Job_075,4,5646,7186,M8,6293,64,6357,-829,0,829
Job_074,7,5548,6675,M7,6304,56,6360,-315,0,315
Job_077,2,5841,7295,M4,6327,75,6402,-893,0,893
Job_069,5,5251,6705,M1,6328,28,6356,-349,0,349
Job_079,1,5952,7820,M2,6328,95,6423,-1397,0,1397
Job_083,1,6238,7775,M0,6330,86,6416,-1359,0,1359
Job_073,2,5432,7051,M3,6335,39,6374,-677,0,677
Job_060,9,4512,6380,M5,6337,43,6380,0,0,0
Job_069,6,5251,6705,M6,6356,46,6402,-303,0,303
Job_068,7,5196,6898,M7,6360,89,6449,-449,0,449
Job_074,8,5548,6675,M8,6360,44,6404,-271,0,271
Job_080,4,5988,7109,M3,6374,26,6400,-709,0,709
Job_076,5,5760,6886,M5,6380,11,6391,-495,0,495
Job_082,2,6093,7280,M3,6400,61,6461,-819,0,819
Job_069,7,5251,6705,M5,6402,46,6448,-257,0,257
Job_076,6,5760,6886,M6,6402,62,6464,-422,0,422
Job_077,3,5841,7295,M9,6402,11,6413,-882,0,882
Job_080,5,5988,7109,M4,6402,69,6471,-638,0,638
Job_075,5,5646,7186,M9,6413,76,6489,-697,0,697
Job_070,6,5420,6834,M0,6416,47,6463,-371,0,371
Job_083,2,6238,7775,M1,6416,46,6462,-1313,0,1313
Job_073,3,5432,7051,M2,6423,74,6497,-554,0,554
Job_069,8,5251,6705,M7,6449,72,6521,-184,0,184
Job_077,4,5841,7295,M3,6461,69,6530,-765,0,765
Job_083,3,6238,7775,M5,6462,74,6536,-1239,0,1239
Job_079,2,5952,7820,M0,6463,71,6534,-1286,0,1286
Job_071,3,5424,7292,M4,6471,99,6570,-722,0,722
Job_080,6,5988,7109,M8,6471,21,6492,-617,0,617
Job_085,0,6485,8025,M1,6485,85,6570,-1455,0,1455
Job_073,4,5432,7051,M8,6497,90,6587,-464,0,464
Job_082,3,6093,7280,M2,6497,13,6510,-770,0,770
Job_072,9,5430,6551,M6,6498,53,6551,0,0,0
Job_078,2,5901,7521,M3,6530,39,6569,-952,0,952
Job_084,0,6454,8156,M0,6534,76,6610,-1546,0,1546
Job_075,6,5646,7186,M5,6536,47,6583,-603,0,603
Job_066,9,5045,6585,M7,6540,45,6585,0,0,0
Job_070,7,5420,6834,M6,6551,65,6616,-218,0,218
Job_078,3,5901,7521,M2,6569,74,6643,-878,0,878
Job_077,5,5841,7295,M1,6570,28,6598,-697,0,697
Job_079,3,5952,7820,M4,6570,99,6669,-1151,0,1151
Job_076,7,5760,6886,M7,6585,56,6641,-245,0,245
Job_073,5,5432,7051,M5,6587,10,6597,-454,0,454
Job_065,9,5014,6716,M8,6601,74,6675,-41,0,41
Job_067,9,5147,6684,M3,6605,79,6684,0,0,0
Job_084,1,6454,8156,M1,6610,69,6679,-1477,0,1477
Job_085,1,6485,8025,M0,6610,13,6623,-1402,0,1402
Job_071,4,5424,7292,M6,6616,9,6625,-667,0,667
Job_077,6,5841,7295,M6,6625,46,6671,-624,0,624
Job_087,0,6636,8338,M0,6636,76,6712,-1626,0,1626
Job_073,6,5432,7051,M7,6641,12,6653,-398,0,398
Job_086,0,6587,8124,M2,6643,31,6674,-1450,0,1450
Job_080,7,5988,7109,M7,6653,49,6702,-407,0,407
Job_074,9,5548,6675,M9,6654,21,6675,0,0,0
Job_070,8,5420,6834,M4,6669,6,6675,-159,0,159
Job_077,7,5841,7295,M5,6671,46,6717,-578,0,578
Job_082,4,6093,7280,M6,6671,32,6703,-577,0,577
Job_085,2,6485,8025,M2,6674,61,6735,-1290,0,1290
Job_068,8,5196,6898,M4,6675,26,6701,-197,0,197
Job_069,9,5251,6705,M8,6675,30,6705,0,0,0
Job_075,7,5646,7186,M3,6684,52,6736,-450,0,450
Job_083,4,6238,7775,M4,6701,32,6733,-1042,0,1042
Job_079,4,5952,7820,M6,6703,9,6712,-1108,0,1108
Job_071,5,5424,7292,M8,6705,52,6757,-535,0,535
Job_086,1,6587,8124,M0,6712,86,6798,-1326,0,1326
Job_087,1,6636,8338,M1,6712,69,6781,-1557,0,1557
Job_077,8,5841,7295,M7,6717,72,6789,-506,0,506
Job_082,5,6093,7280,M5,6717,21,6738,-542,0,542
Job_083,5,6238,7775,M6,6733,88,6821,-954,0,954
Job_075,8,5646,7186,M4,6736,90,6826,-360,0,360
Job_081,3,6056,7470,M3,6736,95,6831,-639,0,639
Job_082,6,6093,7280,M9,6738,32,6770,-510,0,510
Job_076,8,5760,6886,M8,6757,44,6801,-85,0,85
Job_080,8,5988,7109,M9,6770,72,6842,-267,0,267
Job_086,2,6587,8124,M1,6798,46,6844,-1280,0,1280
Job_088,0,6691,8145,M0,6798,43,6841,-1304,0,1304
Job_070,9,5420,6834,M7,6809,25,6834,0,0,0
Job_073,7,5432,7051,M6,6821,89,6910,-141,0,141
Job_068,9,5196,6898,M8,6824,74,6898,0,0,0
Job_084,2,6454,8156,M3,6831,76,6907,-1249,0,1249
Job_071,6,5424,7292,M7,6834,85,6919,-373,0,373
Job_088,1,6691,8145,M2,6841,90,6931,-1214,0,1214
Job_086,3,6587,8124,M5,6844,74,6918,-1206,0,1206
Job_090,0,6864,8732,M1,6864,81,6945,-1787,0,1787
Job_076,9,5760,6886,M9,6865,21,6886,0,0,0
Job_082,7,6093,7280,M8,6898,89,6987,-293,0,293
Job_087,2,6636,8338,M3,6907,76,6983,-1355,0,1355
Job_073,8,5432,7051,M9,6910,45,6955,-96,0,96
Job_085,3,6485,8025,M6,6910,7,6917,-1108,0,1108
Job_084,3,6454,8156,M5,6918,51,6969,-1187,0,1187
Job_086,4,6587,8124,M4,6918,32,6950,-1174,0,1174
Job_091,0,6870,7991,M2,6931,14,6945,-1046,0,1046
Job_089,0,6860,8274,M2,6945,84,7029,-1245,0,1245
Job_091,1,6870,7991,M0,6945,6,6951,-1040,0,1040
Job_092,0,6872,8491,M1,6945,91,7036,-1455,0,1455
Job_086,5,6587,8124,M6,6950,88,7038,-1086,0,1086
Job_071,7,5424,7292,M3,6983,98,7081,-211,0,211
Job_087,3,6636,8338,M5,6983,51,7034,-1304,0,1304
Job_078,4,5901,7521,M8,6987,90,7077,-444,0,444
Job_082,8,6093,7280,M7,6987,30,7017,-263,0,263
Job_093,0,6988,8115,M0,6988,29,7017,-1098,0,1098
Job_073,9,5432,7051,M4,7018,33,7051,0,0,0
Job_084,4,6454,8156,M2,7029,85,7114,-1042,0,1042
Job_092,1,6872,8491,M0,7036,85,7121,-1370,0,1370
Job_093,1,6988,8115,M1,7036,78,7114,-1001,0,1001
Job_088,2,6691,8145,M4,7051,75,7126,-1019,0,1019
Job_080,9,5988,7109,M6,7056,53,7109,0,0,0
Job_078,5,5901,7521,M5,7077,10,7087,-434,0,434
Job_081,4,6056,7470,M8,7077,48,7125,-345,0,345
Job_071,8,5424,7292,M9,7081,22,7103,-189,0,189
Job_078,6,5901,7521,M7,7087,12,7099,-422,0,422
Job_078,7,5901,7521,M6,7109,89,7198,-323,0,323
Job_084,5,6454,8156,M9,7114,11,7125,-1031,0,1031
Job_091,2,6870,7991,M1,7114,22,7136,-855,0,855
Job_093,2,6988,8115,M2,7114,9,7123,-992,0,992
Job_092,2,6872,8491,M3,7121,39,7160,-1331,0,1331
Job_087,4,6636,8338,M2,7123,85,7208,-1130,0,1130
Job_079,5,5952,7820,M8,7125,52,7177,-643,0,643
Job_081,5,6056,7470,M9,7125,72,7197,-273,0,273
Job_089,1,6860,8274,M1,7136,2,7138,-1136,0,1136
Job_091,3,6870,7991,M5,7136,61,7197,-794,0,794
Job_094,0,7086,8626,M1,7138,85,7223,-1403,0,1403
Job_075,9,5646,7186,M7,7141,45,7186,0,0,0
Job_093,3,6988,8115,M3,7160,36,7196,-919,0,919
Job_085,4,6485,8025,M8,7177,64,7241,-784,0,784
Job_079,6,5952,7820,M7,7186,85,7271,-549,0,549
Job_081,6,6056,7470,M0,7197,47,7244,-226,0,226
Job_088,3,6691,8145,M9,7197,11,7208,-937,0,937
Job_089,2,6860,8274,M5,7197,52,7249,-1025,0,1025
Job_091,4,6870,7991,M3,7197,26,7223,-768,0,768
Job_084,6,6454,8156,M6,7198,40,7238,-918,0,918
Job_078,8,5901,7521,M9,7208,45,7253,-268,0,268
Job_092,3,6872,8491,M2,7208,74,7282,-1209,0,1209
Job_088,4,6691,8145,M3,7223,69,7292,-853,0,853
Job_082,9,6093,7280,M4,7225,55,7280,0,0,0
Job_083,6,6238,7775,M8,7241,19,7260,-515,0,515
Job_081,7,6056,7470,M6,7244,65,7309,-161,0,161
Job_095,0,7200,8326,M0,7244,29,7273,-1053,0,1053
Job_071,9,5424,7292,M5,7249,43,7292,0,0,0
Job_085,5,6485,8025,M9,7253,76,7329,-696,0,696
Job_077,9,5841,7295,M8,7265,30,7295,0,0,0
Job_084,7,6454,8156,M7,7271,89,7360,-796,0,796
Job_094,1,7086,8626,M0,7273,13,7286,-1340,0,1340
Job_095,1,7200,8326,M1,7273,78,7351,-975,0,975
Job_091,5,6870,7991,M4,7280,69,7349,-642,0,642
Job_094,2,7086,8626,M2,7286,61,7347,-1279,0,1279
Job_096,0,7281,8735,M0,7286,43,7329,-1406,0,1406
Job_079,7,5952,7820,M3,7292,98,7390,-430,0,430
Job_086,6,6587,8124,M8,7295,19,7314,-810,0,810
Job_092,4,6872,8491,M8,7314,90,7404,-1087,0,1087
Job_083,7,6238,7775,M9,7329,48,7377,-398,0,398
Job_085,6,6485,8025,M5,7329,47,7376,-649,0,649
Job_094,3,7086,8626,M6,7347,7,7354,-1272,0,1272
Job_081,8,6056,7470,M4,7349,6,7355,-115,0,115
Job_088,5,6691,8145,M1,7351,28,7379,-766,0,766
Job_095,2,7200,8326,M2,7351,9,7360,-966,0,966
Job_093,4,6988,8115,M4,7355,49,7404,-711,0,711
Job_090,1,6864,8732,M2,7360,95,7455,-1277,0,1277
Job_083,8,6238,7775,M7,7377,36,7413,-362,0,362
Job_086,7,6587,8124,M9,7377,48,7425,-699,0,699
Job_088,6,6691,8145,M6,7379,46,7425,-720,0,720
Job_097,0,7341,8961,M1,7379,91,7470,-1491,0,1491
Job_085,7,6485,8025,M3,7390,52,7442,-583,0,583
Job_084,8,6454,8156,M4,7404,26,7430,-726,0,726
Job_091,6,6870,7991,M8,7404,21,7425,-566,0,566
Job_093,5,6988,8115,M5,7404,11,7415,-700,0,700
Job_092,5,6872,8491,M5,7415,10,7425,-1066,0,1066
Job_079,8,5952,7820,M9,7425,22,7447,-373,0,373
Job_088,7,6691,8145,M5,7425,46,7471,-674,0,674
Job_092,6,6872,8491,M7,7425,12,7437,-1054,0,1054
Job_093,6,6988,8115,M6,7425,62,7487,-628,0,628
Job_094,4,7086,8626,M8,7425,64,7489,-1137,0,1137
Job_089,3,6860,8274,M3,7442,95,7537,-737,0,737
Job_081,9,6056,7470,M7,7445,25,7470,0,0,0
Job_087,5,6636,8338,M9,7447,11,7458,-880,0,880
Job_090,2,6864,8732,M0,7455,71,7526,-1206,0,1206
Job_099,0,7428,8549,M2,7455,14,7469,-1080,0,1080
Job_096,1,7281,8735,M2,7469,90,7559,-1176,0,1176
Job_091,7,6870,7991,M7,7470,49,7519,-472,0,472
Job_098,0,7392,9260,M1,7470,81,7551,-1709,0,1709
Job_087,6,6636,8338,M6,7487,40,7527,-811,0,811
Job_078,9,5901,7521,M4,7488,33,7521,0,0,0
Job_094,5,7086,8626,M9,7489,76,7565,-1061,0,1061
Job_093,7,6988,8115,M7,7519,56,7575,-540,0,540
Job_085,8,6485,8025,M4,7521,90,7611,-414,0,414
Job_099,1,7428,8549,M0,7526,6,7532,-1017,0,1017
Job_092,7,6872,8491,M6,7527,89,7616,-875,0,875
Job_097,1,7341,8961,M0,7532,85,7617,-1344,0,1344
Job_089,4,6860,8274,M8,7537,48,7585,-689,0,689
Job_095,3,7200,8326,M3,7537,36,7573,-753,0,753
Job_099,2,7428,8549,M1,7551,22,7573,-976,0,976
Job_100,0,7496,8910,M2,7559,84,7643,-1267,0,1267
Job_091,8,6870,7991,M9,7565,72,7637,-354,0,354
Job_094,6,7086,8626,M5,7565,47,7612,-1014,0,1014
Job_101,0,7533,8720,M1,7573,46,7619,-1101,0,1101
Job_086,8,6587,8124,M7,7575,36,7611,-513,0,513
Job_093,8,6988,8115,M8,7585,44,7629,-486,0,486
Job_088,8,6691,8145,M7,7611,72,7683,-462,0,462
Job_095,4,7200,8326,M4,7611,49,7660,-666,0,666
Job_094,7,7086,8626,M3,7612,52,7664,-962,0,962
Job_099,3,7428,8549,M5,7612,61,7673,-876,0,876
Job_101,1,7533,8720,M0,7619,37,7656,-1064,0,1064
Job_089,5,6860,8274,M9,7637,72,7709,-565,0,565
Job_098,1,7392,9260,M2,7643,95,7738,-1522,0,1522
Job_100,1,7496,8910,M1,7643,2,7645,-1265,0,1265
Job_096,2,7281,8735,M4,7660,75,7735,-1000,0,1000
Job_100,2,7496,8910,M5,7673,52,7725,-1185,0,1185
Job_087,7,6636,8338,M7,7683,89,7772,-566,0,566
Job_083,9,6238,7775,M3,7696,79,7775,0,0,0
Job_089,6,6860,8274,M0,7709,47,7756,-518,0,518
Job_092,8,6872,8491,M9,7709,45,7754,-737,0,737
Job_095,5,7200,8326,M5,7725,11,7736,-590,0,590
Job_090,3,6864,8732,M4,7735,99,7834,-898,0,898
Job_095,6,7200,8326,M6,7736,62,7798,-528,0,528
Job_102,0,7678,9215,M2,7738,31,7769,-1446,0,1446
Job_096,3,7281,8735,M9,7754,11,7765,-970,0,970
Job_098,2,7392,9260,M0,7756,71,7827,-1433,0,1433
Job_099,4,7428,8549,M3,7775,26,7801,-748,0,748
Job_079,9,5952,7820,M5,7777,43,7820,0,0,0
Job_089,7,6860,8274,M6,7798,65,7863,-411,0,411
Job_095,7,7200,8326,M7,7798,56,7854,-472,0,472
Job_096,4,7281,8735,M3,7801,69,7870,-865,0,865
Job_102,1,7678,9215,M0,7827,86,7913,-1302,0,1302
Job_099,5,7428,8549,M4,7834,69,7903,-646,0,646
Job_090,4,6864,8732,M6,7863,9,7872,-860,0,860
Job_096,5,7281,8735,M1,7870,28,7898,-837,0,837
Job_101,2,7533,8720,M3,7870,61,7931,-789,0,789
Job_090,5,6864,8732,M8,7872,52,7924,-808,0,808
Job_087,8,6636,8338,M4,7903,26,7929,-409,0,409
Job_102,2,7678,9215,M1,7913,46,7959,-1256,0,1256
Job_103,0,7894,9596,M0,7913,76,7989,-1607,0,1607
Job_095,8,7200,8326,M8,7924,44,7968,-358,0,358
Job_089,8,6860,8274,M4,7929,6,7935,-339,0,339
Job_097,2,7341,8961,M3,7931,39,7970,-991,0,991
Job_101,3,7533,8720,M2,7931,13,7944,-776,0,776
Job_094,8,7086,8626,M4,7935,90,8025,-601,0,601
Job_091,9,6870,7991,M6,7938,53,7991,0,0,0
Job_102,3,7678,9215,M5,7959,74,8033,-1182,0,1182
Job_104,0,7925,9465,M1,7959,85,8044,-1421,0,1421
Job_099,6,7428,8549,M8,7968,21,7989,-560,0,560
Job_097,3,7341,8961,M2,7970,74,8044,-917,0,917
Job_085,9,6485,8025,M7,7980,45,8025,0,0,0
Job_096,6,7281,8735,M6,7991,46,8037,-698,0,698
Job_098,3,7392,9260,M4,8025,99,8124,-1136,0,1136
Job_099,7,7428,8549,M7,8025,49,8074,-475,0,475
Job_096,7,7281,8735,M5,8037,46,8083,-652,0,652
Job_101,4,7533,8720,M6,8037,32,8069,-651,0,651
Job_084,9,6454,8156,M8,8041,74,8115,-41,0,41
Job_103,1,7894,9596,M1,8044,69,8113,-1483,0,1483
Job_104,1,7925,9465,M0,8044,13,8057,-1408,0,1408
Job_105,0,8027,9564,M2,8044,31,8075,-1489,0,1489
Job_086,9,6587,8124,M3,8045,79,8124,0,0,0
Job_090,6,6864,8732,M7,8074,85,8159,-573,0,573
Job_104,2,7925,9465,M2,8075,61,8136,-1329,0,1329
Job_105,1,8027,9564,M0,8075,86,8161,-1403,0,1403
Job_101,5,7533,8720,M5,8083,21,8104,-616,0,616
Job_093,9,6988,8115,M9,8094,21,8115,0,0,0
Job_088,9,6691,8145,M8,8115,30,8145,0,0,0
Job_099,8,7428,8549,M9,8115,72,8187,-362,0,362
Job_098,4,7392,9260,M6,8124,9,8133,-1127,0,1127
Job_100,3,7496,8910,M3,8124,95,8219,-691,0,691
Job_102,4,7678,9215,M4,8124,32,8156,-1059,0,1059
Job_104,3,7925,9465,M6,8136,7,8143,-1322,0,1322
Job_097,4,7341,8961,M8,8145,90,8235,-726,0,726
Job_102,5,7678,9215,M6,8156,88,8244,-971,0,971
Job_096,8,7281,8735,M7,8159,72,8231,-504,0,504
Job_105,2,8027,9564,M1,8161,46,8207,-1357,0,1357
Job_107,0,8131,9585,M0,8161,43,8204,-1381,0,1381
Job_101,6,7533,8720,M9,8187,32,8219,-501,0,501
Job_106,0,8076,9778,M0,8204,76,8280,-1498,0,1498
Job_107,1,8131,9585,M2,8204,90,8294,-1291,0,1291
Job_105,3,8027,9564,M5,8207,74,8281,-1283,0,1283
Job_090,7,6864,8732,M3,8219,98,8317,-415,0,415
Job_102,6,7678,9215,M8,8244,19,8263,-952,0,952
Job_089,9,6860,8274,M7,8249,25,8274,0,0,0
Job_087,9,6636,8338,M8,8264,74,8338,0,0,0
Job_106,1,8076,9778,M1,8280,69,8349,-1429,0,1429
Job_097,5,7341,8961,M5,8281,10,8291,-670,0,670
Job_105,4,8027,9564,M4,8281,32,8313,-1251,0,1251
Job_097,6,7341,8961,M7,8291,12,8303,-658,0,658
Job_108,0,8300,9714,M2,8300,84,8384,-1330,0,1330
Job_097,7,7341,8961,M6,8303,89,8392,-569,0,569
Job_095,9,7200,8326,M9,8305,21,8326,0,0,0
Job_107,2,8131,9585,M4,8313,75,8388,-1197,0,1197
Job_103,2,7894,9596,M3,8317,76,8393,-1203,0,1203
Job_090,8,6864,8732,M9,8326,22,8348,-384,0,384
Job_101,7,7533,8720,M8,8338,89,8427,-293,0,293
Job_111,0,8312,9931,M1,8349,91,8440,-1491,0,1491
Job_110,0,8310,9431,M2,8384,14,8398,-1033,0,1033
Job_107,3,8131,9585,M9,8388,11,8399,-1186,0,1186
Job_105,5,8027,9564,M6,8392,88,8480,-1084,0,1084
Job_103,3,7894,9596,M5,8393,51,8444,-1152,0,1152
Job_106,2,8076,9778,M3,8393,76,8469,-1309,0,1309
Job_110,1,8310,9431,M0,8398,6,8404,-1027,0,1027
Job_097,8,7341,8961,M9,8399,45,8444,-517,0,517
Job_100,4,7496,8910,M8,8427,48,8475,-435,0,435
Job_101,8,7533,8720,M7,8427,30,8457,-263,0,263
Job_112,0,8428,9555,M0,8428,29,8457,-1098,0,1098
Job_110,2,8310,9431,M1,8440,22,8462,-969,0,969
Job_103,4,7894,9596,M2,8444,85,8529,-1067,0,1067
Job_111,1,8312,9931,M0,8457,85,8542,-1389,0,1389
Job_092,9,6872,8491,M4,8458,33,8491,0,0,0
Job_110,3,8310,9431,M5,8462,61,8523,-908,0,908
Job_112,1,8428,9555,M1,8462,78,8540,-1015,0,1015
Job_107,4,8131,9585,M3,8469,69,8538,-1047,0,1047
Job_098,5,7392,9260,M8,8475,52,8527,-733,0,733
Job_100,5,7496,8910,M9,8475,72,8547,-363,0,363
Job_099,9,7428,8549,M6,8496,53,8549,0,0,0
Job_106,3,8076,9778,M5,8523,51,8574,-1204,0,1204
Job_104,4,7925,9465,M8,8527,64,8591,-874,0,874
Job_110,4,8310,9431,M3,8538,26,8564,-867,0,867
Job_108,1,8300,9714,M1,8540,2,8542,-1172,0,1172
Job_112,2,8428,9555,M2,8540,9,8549,-1006,0,1006
Job_107,5,8131,9585,M1,8542,28,8570,-1015,0,1015
Job_100,6,7496,8910,M0,8547,47,8594,-316,0,316
Job_103,5,7894,9596,M9,8547,11,8558,-1038,0,1038
Job_103,6,7894,9596,M6,8558,40,8598,-998,0,998
Job_110,5,8310,9431,M4,8564,69,8633,-798,0,798
Job_112,3,8428,9555,M3,8564,36,8600,-955,0,955
Job_113,0,8526,10066,M1,8570,85,8655,-1411,0,1411
Job_106,4,8076,9778,M2,8574,85,8659,-1119,0,1119
Job_108,2,8300,9714,M5,8574,52,8626,-1088,0,1088
Job_094,9,7086,8626,M7,8581,45,8626,0,0,0
Job_104,5,7925,9465,M9,8591,76,8667,-798,0,798
Job_105,6,8027,9564,M8,8591,19,8610,-954,0,954
Job_100,7,7496,8910,M6,8598,65,8663,-247,0,247
Job_111,2,8312,9931,M3,8600,39,8639,-1292,0,1292
Job_098,6,7392,9260,M7,8626,85,8711,-549,0,549
Job_110,6,8310,9431,M8,8633,21,8654,-777,0,777
Job_108,3,8300,9714,M3,8639,95,8734,-980,0,980
Job_114,0,8640,9766,M0,8640,29,8669,-1097,0,1097
Job_109,0,8304,10172,M1,8655,81,8736,-1436,0,1436
Job_111,3,8312,9931,M2,8659,74,8733,-1198,0,1198
Job_107,6,8131,9585,M6,8663,46,8709,-876,0,876
Job_101,9,7533,8720,M4,8665,55,8720,0,0,0
Job_102,7,7678,9215,M9,8667,48,8715,-500,0,500
Job_113,1,8526,10066,M0,8669,13,8682,-1384,0,1384
Job_090,9,6864,8732,M5,8689,43,8732,0,0,0
Job_096,9,7281,8735,M8,8705,30,8735,0,0,0
Job_110,7,8310,9431,M7,8711,49,8760,-671,0,671
Job_105,7,8027,9564,M9,8715,48,8763,-801,0,801
Job_100,8,7496,8910,M4,8720,6,8726,-184,0,184
Job_115,0,8721,10175,M0,8721,43,8764,-1411,0,1411
Job_112,4,8428,9555,M4,8726,49,8775,-780,0,780
Job_104,6,7925,9465,M5,8732,47,8779,-686,0,686
Job_113,2,8526,10066,M2,8733,61,8794,-1272,0,1272
Job_098,7,7392,9260,M3,8734,98,8832,-428,0,428
Job_108,4,8300,9714,M8,8735,48,8783,-931,0,931
Job_114,1,8640,9766,M1,8736,78,8814,-952,0,952
Job_102,8,7678,9215,M7,8760,36,8796,-419,0,419
Job_110,8,8310,9431,M9,8763,72,8835,-596,0,596
Job_112,5,8428,9555,M5,8779,11,8790,-765,0,765
Job_111,4,8312,9931,M8,8783,90,8873,-1058,0,1058
Job_107,7,8131,9585,M5,8790,46,8836,-749,0,749
Job_112,6,8428,9555,M6,8790,62,8852,-703,0,703
Job_109,1,8304,10172,M2,8794,95,8889,-1283,0,1283
Job_103,7,7894,9596,M7,8796,89,8885,-711,0,711
Job_116,0,8781,10401,M1,8814,91,8905,-1496,0,1496
Job_104,7,7925,9465,M3,8832,52,8884,-581,0,581
Job_098,8,7392,9260,M9,8835,22,8857,-403,0,403
Job_113,3,8526,10066,M6,8852,7,8859,-1207,0,1207
Job_108,5,8300,9714,M9,8857,72,8929,-785,0,785
Job_111,5,8312,9931,M5,8873,10,8883,-1048,0,1048
Job_113,4,8526,10066,M8,8873,64,8937,-1129,0,1129
Job_100,9,7496,8910,M7,8885,25,8910,0,0,0
Job_103,8,7894,9596,M4,8885,26,8911,-685,0,685
Job_109,2,8304,10172,M0,8889,71,8960,-1212,0,1212
Job_114,2,8640,9766,M2,8889,9,8898,-868,0,868
Job_114,3,8640,9766,M3,8898,36,8934,-832,0,832
Job_118,0,8868,9989,M2,8898,14,8912,-1077,0,1077
Job_117,0,8832,10700,M1,8905,81,8986,-1714,0,1714
Job_112,7,8428,9555,M7,8910,56,8966,-589,0,589
Job_115,1,8721,10175,M2,8912,90,9002,-1173,0,1173
Job_097,9,7341,8961,M4,8928,33,8961,0,0,0
Job_106,5,8076,9778,M9,8929,11,8940,-838,0,838
Job_106,6,8076,9778,M6,8940,40,8980,-798,0,798
Job_113,5,8526,10066,M9,8940,76,9016,-1050,0,1050
Job_108,6,8300,9714,M0,8960,47,9007,-707,0,707
Job_104,8,7925,9465,M4,8961,90,9051,-414,0,414
Job_105,8,8027,9564,M7,8966,36,9002,-562,0,562
Job_112,8,8428,9555,M8,8966,44,9010,-545,0,545
Job_120,0,8973,10160,M1,8986,46,9032,-1128,0,1128
Job_107,8,8131,9585,M7,9002,72,9074,-511,0,511
Job_119,0,8936,10350,M2,9002,84,9086,-1264,0,1264
Job_108,7,8300,9714,M6,9007,65,9072,-642,0,642
Job_118,1,8868,9989,M0,9007,6,9013,-976,0,976
Job_116,1,8781,10401,M0,9013,85,9098,-1303,0,1303
Job_113,6,8526,10066,M5,9016,47,9063,-1003,0,1003
Job_118,2,8868,9989,M1,9032,22,9054,-935,0,935
Job_114,4,8640,9766,M4,9051,49,9100,-666,0,666
Job_113,7,8526,10066,M3,9063,52,9115,-951,0,951
Job_118,3,8868,9989,M5,9063,61,9124,-865,0,865
Job_106,7,8076,9778,M7,9074,89,9163,-615,0,615
Job_117,1,8832,10700,M2,9086,95,9181,-1519,0,1519
Job_119,1,8936,10350,M1,9086,2,9088,-1262,0,1262
Job_120,1,8973,10160,M0,9098,37,9135,-1025,0,1025
Job_108,8,8300,9714,M4,9100,6,9106,-608,0,608
Job_115,2,8721,10175,M4,9106,75,9181,-994,0,994
Job_114,5,8640,9766,M5,9124,11,9135,-631,0,631
Job_114,6,8640,9766,M6,9135,62,9197,-569,0,569
Job_119,2,8936,10350,M5,9135,52,9187,-1163,0,1163
Job_102,9,7678,9215,M3,9136,79,9215,0,0,0
Job_111,6,8312,9931,M7,9163,12,9175,-756,0,756
Job_106,8,8076,9778,M4,9181,26,9207,-571,0,571
Job_115,3,8721,10175,M9,9181,11,9192,-983,0,983
Job_117,2,8832,10700,M0,9181,71,9252,-1448,0,1448
Job_121,0,9118,10655,M2,9181,31,9212,-1443,0,1443
Job_111,7,8312,9931,M6,9197,89,9286,-645,0,645
Job_114,7,8640,9766,M7,9197,56,9253,-513,0,513
Job_109,3,8304,10172,M4,9207,99,9306,-866,0,866
Job_118,4,8868,9989,M3,9215,26,9241,-748,0,748
Job_098,9,7392,9260,M5,9217,43,9260,0,0,0
Job_115,4,8721,10175,M3,9241,69,9310,-865,0,865
Job_121,1,9118,10655,M0,9252,86,9338,-1317,0,1317
Job_114,8,8640,9766,M8,9253,44,9297,-469,0,469
Job_111,8,8312,9931,M9,9286,45,9331,-600,0,600
Job_109,4,8304,10172,M6,9306,9,9315,-857,0,857
Job_118,5,8868,9989,M4,9306,69,9375,-614,0,614
Job_115,5,8721,10175,M1,9310,28,9338,-837,0,837
Job_120,2,8973,10160,M3,9310,61,9371,-789,0,789
Job_109,5,8304,10172,M8,9315,52,9367,-805,0,805
Job_121,2,9118,10655,M1,9338,46,9384,-1271,0,1271
Job_122,0,9334,11036,M0,9338,76,9414,-1622,0,1622
Job_116,2,8781,10401,M3,9371,39,9410,-991,0,991
Job_120,3,8973,10160,M2,9371,13,9384,-776,0,776
Job_113,8,8526,10066,M4,9375,90,9465,-601,0,601
Job_118,6,8868,9989,M8,9375,21,9396,-593,0,593
Job_110,9,8310,9431,M6,9378,53,9431,0,0,0
Job_121,3,9118,10655,M5,9384,74,9458,-1197,0,1197
Job_123,0,9365,10905,M1,9384,85,9469,-1436,0,1436
Job_116,3,8781,10401,M2,9410,74,9484,-917,0,917
Job_104,9,7925,9465,M7,9420,45,9465,0,0,0
Job_115,6,8721,10175,M6,9431,46,9477,-698,0,698
Job_117,3,8832,10700,M4,9465,99,9564,-1136,0,1136
Job_118,7,8868,9989,M7,9465,49,9514,-475,0,475
Job_122,1,9334,11036,M1,9469,69,9538,-1498,0,1498
Job_123,1,9365,10905,M0,9469,13,9482,-1423,0,1423
Job_115,7,8721,10175,M5,9477,46,9523,-652,0,652
Job_120,4,8973,10160,M6,9477,32,9509,-651,0,651
Job_103,9,7894,9596,M8,9481,74,9555,-41,0,41
Job_124,0,9467,11004,M2,9484,31,9515,-1489,0,1489
Job_105,9,8027,9564,M3,9485,79,9564,0,0,0
Job_109,6,8304,10172,M7,9514,85,9599,-573,0,573
Job_123,2,9365,10905,M2,9515,61,9576,-1329,0,1329
Job_124,1,9467,11004,M0,9515,86,9601,-1403,0,1403
Job_120,5,8973,10160,M5,9523,21,9544,-616,0,616
Job_112,9,8428,9555,M9,9534,21,9555,0,0,0
Job_107,9,8131,9585,M8,9555,30,9585,0,0,0
Job_118,8,8868,9989,M9,9555,72,9627,-362,0,362
Job_117,4,8832,10700,M6,9564,9,9573,-1127,0,1127
Job_119,3,8936,10350,M3,9564,95,9659,-691,0,691
Job_121,4,9118,10655,M4,9564,32,9596,-1059,0,1059
Job_123,3,9365,10905,M6,9576,7,9583,-1322,0,1322
Job_116,4,8781,10401,M8,9585,90,9675,-726,0,726
Job_121,5,9118,10655,M6,9596,88,9684,-971,0,971
Job_115,8,8721,10175,M7,9599,72,9671,-504,0,504
Job_124,2,9467,11004,M1,9601,46,9647,-1357,0,1357
Job_126,0,9571,11025,M0,9601,43,9644,-1381,0,1381
Job_120,6,8973,10160,M9,9627,32,9659,-501,0,501
Job_125,0,9516,11218,M0,9644,76,9720,-1498,0,1498
Job_126,1,9571,11025,M2,9644,90,9734,-1291,0,1291
Job_124,3,9467,11004,M5,9647,74,9721,-1283,0,1283
Job_109,7,8304,10172,M3,9659,98,9757,-415,0,415
Job_121,6,9118,10655,M8,9684,19,9703,-952,0,952
Job_108,9,8300,9714,M7,9689,25,9714,0,0,0
Job_106,9,8076,9778,M8,9704,74,9778,0,0,0
Job_125,1,9516,11218,M1,9720,69,9789,-1429,0,1429
Job_116,5,8781,10401,M5,9721,10,9731,-670,0,670
Job_124,4,9467,11004,M4,9721,32,9753,-1251,0,1251
Job_116,6,8781,10401,M7,9731,12,9743,-658,0,658
Job_127,0,9740,11154,M2,9740,84,9824,-1330,0,1330
Job_116,7,8781,10401,M6,9743,89,9832,-569,0,569
Job_114,9,8640,9766,M9,9745,21,9766,0,0,0
Job_126,2,9571,11025,M4,9753,75,9828,-1197,0,1197
Job_122,2,9334,11036,M3,9757,76,9833,-1203,0,1203
Job_109,8,8304,10172,M9,9766,22,9788,-384,0,384
Job_120,7,8973,10160,M8,9778,89,9867,-293,0,293
Job_121,7,9118,10655,M9,9788,48,9836,-819,0,819
Job_130,0,9752,11371,M1,9789,91,9880,-1491,0,1491
Job_129,0,9750,10871,M2,9824,14,9838,-1033,0,1033
Job_124,5,9467,11004,M6,9832,88,9920,-1084,0,1084
Job_122,3,9334,11036,M5,9833,51,9884,-1152,0,1152
Job_125,2,9516,11218,M3,9833,76,9909,-1309,0,1309
Job_116,8,8781,10401,M9,9836,45,9881,-520,0,520
Job_121,8,9118,10655,M7,9836,36,9872,-783,0,783
Job_129,1,9750,10871,M0,9838,6,9844,-1027,0,1027
Job_119,4,8936,10350,M8,9867,48,9915,-435,0,435
Job_131,0,9868,10995,M0,9868,29,9897,-1098,0,1098
Job_120,8,8973,10160,M7,9872,30,9902,-258,0,258
Job_129,2,9750,10871,M1,9880,22,9902,-969,0,969
Job_126,3,9571,11025,M9,9881,11,9892,-1133,0,1133
Job_122,4,9334,11036,M2,9884,85,9969,-1067,0,1067
Job_130,1,9752,11371,M0,9897,85,9982,-1389,0,1389
Job_111,9,8312,9931,M4,9898,33,9931,0,0,0
Job_129,3,9750,10871,M5,9902,61,9963,-908,0,908
Job_131,1,9868,10995,M1,9902,78,9980,-1015,0,1015
Job_126,4,9571,11025,M3,9909,69,9978,-1047,0,1047
Job_117,5,8832,10700,M8,9915,52,9967,-733,0,733
Job_119,5,8936,10350,M9,9915,72,9987,-363,0,363
Job_118,9,8868,9989,M6,9936,53,9989,0,0,0
Job_125,3,9516,11218,M5,9963,51,10014,-1204,0,1204
Job_123,4,9365,10905,M8,9967,64,10031,-874,0,874
Job_129,4,9750,10871,M3,9978,26,10004,-867,0,867
Job_127,1,9740,11154,M1,9980,2,9982,-1172,0,1172
Job_131,2,9868,10995,M2,9980,9,9989,-1006,0,1006
Job_126,5,9571,11025,M1,9982,28,10010,-1015,0,1015
Job_119,6,8936,10350,M0,9987,47,10034,-316,0,316
Job_122,5,9334,11036,M9,9987,11,9998,-1038,0,1038
Job_122,6,9334,11036,M6,9998,40,10038,-998,0,998
Job_129,5,9750,10871,M4,10004,69,10073,-798,0,798
Job_131,3,9868,10995,M3,10004,36,10040,-955,0,955
Job_132,0,9966,11506,M1,10010,85,10095,-1411,0,1411
Job_125,4,9516,11218,M2,10014,85,10099,-1119,0,1119
Job_127,2,9740,11154,M5,10014,52,10066,-1088,0,1088
Job_113,9,8526,10066,M7,10021,45,10066,0,0,0
Job_123,5,9365,10905,M9,10031,76,10107,-798,0,798
Job_124,6,9467,11004,M8,10031,19,10050,-954,0,954
Job_119,7,8936,10350,M6,10038,65,10103,-247,0,247
Job_130,2,9752,11371,M3,10040,39,10079,-1292,0,1292
Job_117,6,8832,10700,M7,10066,85,10151,-549,0,549
Job_129,6,9750,10871,M8,10073,21,10094,-777,0,777
Job_127,3,9740,11154,M3,10079,95,10174,-980,0,980
Job_128,0,9744,11612,M1,10095,81,10176,-1436,0,1436
Job_132,1,9966,11506,M0,10095,13,10108,-1398,0,1398
Job_130,3,9752,11371,M2,10099,74,10173,-1198,0,1198
Job_126,6,9571,11025,M6,10103,46,10149,-876,0,876
Job_120,9,8973,10160,M4,10105,55,10160,0,0,0
Job_124,7,9467,11004,M9,10107,48,10155,-849,0,849
Job_109,9,8304,10172,M5,10129,43,10172,0,0,0
Job_115,9,8721,10175,M8,10145,30,10175,0,0,0
Job_129,7,9750,10871,M7,10151,49,10200,-671,0,671
Job_125,5,9516,11218,M9,10155,11,10166,-1052,0,1052
Job_119,8,8936,10350,M4,10160,6,10166,-184,0,184
Job_125,6,9516,11218,M6,10166,40,10206,-1012,0,1012
Job_131,4,9868,10995,M4,10166,49,10215,-780,0,780
Job_123,6,9365,10905,M5,10172,47,10219,-686,0,686
Job_132,2,9966,11506,M2,10173,61,10234,-1272,0,1272
Job_117,7,8832,10700,M3,10174,98,10272,-428,0,428
Job_127,4,9740,11154,M8,10175,48,10223,-931,0,931
Job_122,7,9334,11036,M7,10200,89,10289,-747,0,747
Job_129,8,9750,10871,M9,10200,72,10272,-599,0,599
Job_131,5,9868,10995,M5,10219,11,10230,-765,0,765
Job_130,4,9752,11371,M8,10223,90,10313,-1058,0,1058
Job_126,7,9571,11025,M5,10230,46,10276,-749,0,749
Job_131,6,9868,10995,M6,10230,62,10292,-703,0,703
Job_128,1,9744,11612,M2,10234,95,10329,-1283,0,1283
Job_117,8,8832,10700,M9,10272,22,10294,-406,0,406
Job_123,7,9365,10905,M3,10272,52,10324,-581,0,581
Job_122,8,9334,11036,M4,10289,26,10315,-721,0,721
Job_124,8,9467,11004,M7,10289,36,10325,-679,0,679
Job_132,3,9966,11506,M6,10292,7,10299,-1207,0,1207
Job_127,5,9740,11154,M9,10294,72,10366,-788,0,788
Job_130,5,9752,11371,M5,10313,10,10323,-1048,0,1048
Job_132,4,9966,11506,M8,10313,64,10377,-1129,0,1129
Job_119,9,8936,10350,M7,10325,25,10350,0,0,0
Job_128,2,9744,11612,M0,10329,71,10400,-1212,0,1212
Job_131,7,9868,10995,M7,10350,56,10406,-589,0,589
Job_116,9,8781,10401,M4,10368,33,10401,0,0,0
Job_132,5,9966,11506,M9,10377,76,10453,-1053,0,1053
Job_127,6,9740,11154,M0,10400,47,10447,-707,0,707
Job_123,8,9365,10905,M4,10401,90,10491,-414,0,414
Job_126,8,9571,11025,M7,10406,72,10478,-547,0,547
Job_131,8,9868,10995,M8,10406,44,10450,-545,0,545
Job_127,7,9740,11154,M6,10447,65,10512,-642,0,642
Job_132,6,9966,11506,M5,10453,47,10500,-1006,0,1006
Job_125,7,9516,11218,M7,10478,89,10567,-651,0,651
Job_128,3,9744,11612,M4,10491,99,10590,-1022,0,1022
Job_132,7,9966,11506,M3,10500,52,10552,-954,0,954
Job_130,6,9752,11371,M7,10567,12,10579,-792,0,792
Job_121,9,9118,10655,M3,10576,79,10655,0,0,0
Job_130,7,9752,11371,M6,10579,89,10668,-703,0,703
Job_125,8,9516,11218,M4,10590,26,10616,-602,0,602
Job_127,8,9740,11154,M4,10616,6,10622,-532,0,532
Job_132,8,9966,11506,M4,10622,90,10712,-794,0,794
Job_117,9,8832,10700,M5,10657,43,10700,0,0,0
Job_128,4,9744,11612,M6,10668,9,10677,-935,0,935
Job_130,8,9752,11371,M9,10668,45,10713,-658,0,658
Job_128,5,9744,11612,M8,10677,52,10729,-883,0,883
Job_128,6,9744,11612,M7,10729,85,10814,-798,0,798
Job_128,7,9744,11612,M3,10814,98,10912,-700,0,700
Job_129,9,9750,10871,M6,10818,53,10871,0,0,0
Job_123,9,9365,10905,M7,10860,45,10905,0,0,0
Job_128,8,9744,11612,M9,10912,22,10934,-678,0,678
Job_122,9,9334,11036,M8,10921,74,10995,-41,0,41
Job_124,9,9467,11004,M3,10925,79,11004,0,0,0
Job_131,9,9868,10995,M9,10974,21,10995,0,0,0
Job_126,9,9571,11025,M8,10995,30,11025,0,0,0
Job_127,9,9740,11154,M7,11129,25,11154,0,0,0
Job_125,9,9516,11218,M8,11144,74,11218,0,0,0
Job_130,9,9752,11371,M4,11338,33,11371,0,0,0
Job_132,9,9966,11506,M7,11461,45,11506,0,0,0
Job_128,9,9744,11612,M5,11569,43,11612,0,0,0
