Job,Operation,Arrival,Deadline,Machine,Start,Processing Time,End,Lateness,Tardiness,Earliness
Job_088,4,6691,8145,M3,7222,69,7291,-854,0,854
Job_084,5,6454,8156,M9,7224,11,7235,-921,0,921
Job_093,2,6988,8115,M2,7224,9,7233,-882,0,882
Job_087,4,6636,8338,M2,7233,85,7318,-1020,0,1020
Job_084,6,6454,8156,M6,7235,40,7275,-881,0,881
Job_095,0,7200,8326,M0,7237,29,7266,-1060,0,1060
Job_081,4,6056,7470,M8,7244,48,7292,-178,0,178
Job_082,8,6093,7280,M7,7244,30,7274,-6,0,6
Job_094,1,7086,8626,M0,7266,13,7279,-1347,0,1347
Job_095,1,7200,8326,M1,7266,78,7344,-982,0,982
Job_082,9,6093,7280,M4,7274,55,7329,49,49,0
Job_071,9,5424,7292,M5,7275,43,7318,26,26,0
Job_084,7,6454,8156,M7,7275,89,7364,-792,0,792
Job_096,0,7281,8735,M0,7281,43,7324,-1411,0,1411
Job_093,3,6988,8115,M3,7291,36,7327,-788,0,788
Job_077,9,5841,7295,M8,7292,30,7322,27,27,0
Job_081,5,6056,7470,M9,7292,72,7364,-106,0,106
Job_089,2,6860,8274,M5,7318,52,7370,-904,0,904
Job_094,2,7086,8626,M2,7318,61,7379,-1247,0,1247
Job_078,4,5901,7521,M8,7322,90,7412,-109,0,109
Job_091,4,6870,7991,M3,7327,26,7353,-638,0,638
Job_093,4,6988,8115,M4,7329,49,7378,-737,0,737
Job_088,5,6691,8145,M1,7344,28,7372,-773,0,773
Job_092,2,6872,8491,M3,7353,39,7392,-1099,0,1099
Job_081,6,6056,7470,M0,7364,47,7411,-59,0,59
Job_087,5,6636,8338,M9,7364,11,7375,-963,0,963
Job_097,0,7341,8961,M1,7372,91,7463,-1498,0,1498
Job_091,5,6870,7991,M4,7378,69,7447,-544,0,544
Job_093,5,6988,8115,M5,7378,11,7389,-726,0,726
Job_094,3,7086,8626,M6,7379,7,7386,-1240,0,1240
Job_095,2,7200,8326,M2,7379,9,7388,-938,0,938
Job_090,1,6864,8732,M2,7388,95,7483,-1249,0,1249
Job_089,3,6860,8274,M3,7392,95,7487,-787,0,787
Job_081,7,6056,7470,M6,7411,65,7476,6,6,0
Job_078,5,5901,7521,M5,7412,10,7422,-99,0,99
Job_079,5,5952,7820,M8,7412,52,7464,-356,0,356
Job_078,6,5901,7521,M7,7422,12,7434,-87,0,87
Job_084,8,6454,8156,M4,7447,26,7473,-683,0,683
Job_097,1,7341,8961,M0,7463,85,7548,-1413,0,1413
Job_098,0,7392,9260,M1,7463,81,7544,-1716,0,1716
Job_083,6,6238,7775,M8,7464,19,7483,-292,0,292
Job_078,7,5901,7521,M6,7476,89,7565,44,44,0
Job_081,8,6056,7470,M4,7476,6,7482,12,12,0
Job_081,9,6056,7470,M7,7482,25,7507,37,37,0
Job_083,7,6238,7775,M9,7483,48,7531,-244,0,244
Job_085,4,6485,8025,M8,7483,64,7547,-478,0,478
Job_092,3,6872,8491,M2,7483,74,7557,-934,0,934
Job_095,3,7200,8326,M3,7487,36,7523,-803,0,803
Job_079,6,5952,7820,M7,7507,85,7592,-228,0,228
Job_095,4,7200,8326,M4,7523,49,7572,-754,0,754
Job_101,0,7533,8720,M1,7544,46,7590,-1130,0,1130
Job_091,6,6870,7991,M8,7547,21,7568,-423,0,423
Job_090,2,6864,8732,M0,7548,71,7619,-1113,0,1113
Job_097,2,7341,8961,M3,7548,39,7587,-1374,0,1374
Job_099,0,7428,8549,M2,7557,14,7571,-978,0,978
Job_078,8,5901,7521,M9,7565,45,7610,89,89,0
Job_093,6,6988,8115,M6,7565,62,7627,-488,0,488
Job_086,6,6587,8124,M8,7568,19,7587,-537,0,537
Job_096,1,7281,8735,M2,7571,90,7661,-1074,0,1074
Job_095,5,7200,8326,M5,7572,11,7583,-743,0,743
Job_089,4,6860,8274,M8,7587,48,7635,-639,0,639
Job_079,7,5952,7820,M3,7592,98,7690,-130,0,130
Job_083,8,6238,7775,M7,7592,36,7628,-147,0,147
Job_078,9,5901,7521,M4,7610,33,7643,122,122,0
Job_085,5,6485,8025,M9,7610,76,7686,-339,0,339
Job_099,1,7428,8549,M0,7619,6,7625,-924,0,924
Job_099,2,7428,8549,M1,7625,22,7647,-902,0,902
Job_101,1,7533,8720,M0,7625,37,7662,-1058,0,1058
Job_088,6,6691,8145,M6,7627,46,7673,-472,0,472
Job_091,7,6870,7991,M7,7628,49,7677,-314,0,314
Job_094,4,7086,8626,M8,7635,64,7699,-927,0,927
Job_090,3,6864,8732,M4,7643,99,7742,-990,0,990
Job_099,3,7428,8549,M5,7647,61,7708,-841,0,841
Job_100,0,7496,8910,M2,7661,84,7745,-1165,0,1165
Job_095,6,7200,8326,M6,7673,62,7735,-591,0,591
Job_093,7,6988,8115,M7,7677,56,7733,-382,0,382
Job_086,7,6587,8124,M9,7686,48,7734,-390,0,390
Job_083,9,6238,7775,M3,7696,79,7775,0,0,0
Job_085,6,6485,8025,M5,7708,47,7755,-270,0,270
Job_093,8,6988,8115,M8,7733,44,7777,-338,0,338
Job_079,8,5952,7820,M9,7734,22,7756,-64,0,64
Job_086,8,6587,8124,M7,7734,36,7770,-354,0,354
Job_087,6,6636,8338,M6,7735,40,7775,-563,0,563
Job_096,2,7281,8735,M4,7742,75,7817,-918,0,918
Job_097,3,7341,8961,M2,7745,74,7819,-1142,0,1142
Job_100,1,7496,8910,M1,7745,2,7747,-1163,0,1163
Job_091,8,6870,7991,M9,7756,72,7828,-163,0,163
Job_095,7,7200,8326,M7,7770,56,7826,-500,0,500
Job_085,7,6485,8025,M3,7775,52,7827,-198,0,198
Job_090,4,6864,8732,M6,7775,9,7784,-948,0,948
Job_079,9,5952,7820,M5,7777,43,7820,0,0,0
Job_092,4,6872,8491,M8,7777,90,7867,-624,0,624
Job_098,1,7392,9260,M2,7819,95,7914,-1346,0,1346
Job_088,7,6691,8145,M5,7820,46,7866,-279,0,279
Job_087,7,6636,8338,M7,7826,89,7915,-423,0,423
Job_085,8,6485,8025,M4,7827,90,7917,-108,0,108
Job_099,4,7428,8549,M3,7827,26,7853,-696,0,696
Job_089,5,6860,8274,M9,7828,72,7900,-374,0,374
Job_101,2,7533,8720,M3,7853,61,7914,-806,0,806
Job_100,2,7496,8910,M5,7866,52,7918,-992,0,992
Job_090,5,6864,8732,M8,7867,52,7919,-813,0,813
Job_103,0,7894,9596,M0,7894,76,7970,-1626,0,1626
Job_094,5,7086,8626,M9,7900,76,7976,-650,0,650
Job_101,3,7533,8720,M2,7914,13,7927,-793,0,793
Job_087,8,6636,8338,M4,7917,26,7943,-395,0,395
Job_092,5,6872,8491,M5,7918,10,7928,-563,0,563
Job_100,3,7496,8910,M3,7918,95,8013,-897,0,897
Job_097,4,7341,8961,M8,7919,90,8009,-952,0,952
Job_104,0,7925,9465,M1,7925,85,8010,-1455,0,1455
Job_102,0,7678,9215,M2,7927,31,7958,-1257,0,1257
Job_092,6,6872,8491,M7,7928,12,7940,-551,0,551
Job_091,9,6870,7991,M6,7938,53,7991,0,0,0
Job_099,5,7428,8549,M4,7943,69,8012,-537,0,537
Job_089,6,6860,8274,M0,7970,47,8017,-257,0,257
Job_094,6,7086,8626,M5,7976,47,8023,-603,0,603
Job_096,3,7281,8735,M9,7976,11,7987,-748,0,748
Job_085,9,6485,8025,M7,7980,45,8025,0,0,0
Job_092,7,6872,8491,M6,7991,89,8080,-411,0,411
Job_103,1,7894,9596,M1,8010,69,8079,-1517,0,1517
Job_099,6,7428,8549,M8,8012,21,8033,-516,0,516
Job_102,1,7678,9215,M0,8017,86,8103,-1112,0,1112
Job_097,5,7341,8961,M5,8023,10,8033,-928,0,928
Job_088,8,6691,8145,M7,8025,72,8097,-48,0,48
Job_105,0,8027,9564,M2,8027,31,8058,-1506,0,1506
Job_084,9,6454,8156,M8,8041,74,8115,-41,0,41
Job_086,9,6587,8124,M3,8045,79,8124,0,0,0
Job_089,7,6860,8274,M6,8080,65,8145,-129,0,129
Job_093,9,6988,8115,M9,8094,21,8115,0,0,0
Job_090,6,6864,8732,M7,8097,85,8182,-550,0,550
Job_098,2,7392,9260,M0,8103,71,8174,-1086,0,1086
Job_102,2,7678,9215,M1,8103,46,8149,-1066,0,1066
Job_088,9,6691,8145,M8,8115,30,8145,0,0,0
Job_092,8,6872,8491,M9,8115,45,8160,-331,0,331
Job_096,4,7281,8735,M3,8124,69,8193,-542,0,542
Job_089,8,6860,8274,M4,8145,6,8151,-123,0,123
Job_100,4,7496,8910,M8,8145,48,8193,-717,0,717
Job_101,4,7533,8720,M6,8145,32,8177,-543,0,543
Job_102,3,7678,9215,M5,8149,74,8223,-992,0,992
Job_098,3,7392,9260,M4,8174,99,8273,-987,0,987
Job_104,1,7925,9465,M0,8174,13,8187,-1278,0,1278
Job_099,7,7428,8549,M7,8182,49,8231,-318,0,318
Job_104,2,7925,9465,M2,8187,61,8248,-1217,0,1217
Job_105,1,8027,9564,M0,8187,86,8273,-1291,0,1291
Job_094,7,7086,8626,M3,8193,52,8245,-381,0,381
Job_095,8,7200,8326,M8,8193,44,8237,-89,0,89
Job_096,5,7281,8735,M1,8193,28,8221,-514,0,514
Job_100,5,7496,8910,M9,8193,72,8265,-645,0,645
Job_096,6,7281,8735,M6,8221,46,8267,-468,0,468
Job_101,5,7533,8720,M5,8223,21,8244,-476,0,476
Job_097,6,7341,8961,M7,8231,12,8243,-718,0,718
Job_090,7,6864,8732,M3,8245,98,8343,-389,0,389
Job_089,9,6860,8274,M7,8249,25,8274,0,0,0
Job_087,9,6636,8338,M8,8264,74,8338,0,0,0
Job_101,6,7533,8720,M9,8265,32,8297,-423,0,423
Job_096,7,7281,8735,M5,8267,46,8313,-422,0,422
Job_097,7,7341,8961,M6,8267,89,8356,-605,0,605
Job_094,8,7086,8626,M4,8273,90,8363,-263,0,263
Job_100,6,7496,8910,M0,8273,47,8320,-590,0,590
Job_105,2,8027,9564,M1,8273,46,8319,-1245,0,1245
Job_108,0,8300,9714,M2,8300,84,8384,-1330,0,1330
Job_095,9,7200,8326,M9,8305,21,8326,0,0,0
Job_096,8,7281,8735,M7,8313,72,8385,-350,0,350
Job_105,3,8027,9564,M5,8319,74,8393,-1171,0,1171
Job_111,0,8312,9931,M1,8319,91,8410,-1521,0,1521
Job_107,0,8131,9585,M0,8320,43,8363,-1222,0,1222
Job_099,8,7428,8549,M9,8326,72,8398,-151,0,151
Job_101,7,7533,8720,M8,8338,89,8427,-293,0,293
Job_103,2,7894,9596,M3,8343,76,8419,-1177,0,1177
Job_100,7,7496,8910,M6,8356,65,8421,-489,0,489
Job_102,4,7678,9215,M4,8363,32,8395,-820,0,820
Job_106,0,8076,9778,M0,8363,76,8439,-1339,0,1339
Job_110,0,8310,9431,M2,8384,14,8398,-1033,0,1033
Job_105,4,8027,9564,M4,8395,32,8427,-1137,0,1137
Job_090,8,6864,8732,M9,8398,22,8420,-312,0,312
Job_107,1,8131,9585,M2,8398,90,8488,-1097,0,1097
Job_108,1,8300,9714,M1,8410,2,8412,-1302,0,1302
Job_108,2,8300,9714,M5,8412,52,8464,-1250,0,1250
Job_109,0,8304,10172,M1,8412,81,8493,-1679,0,1679
Job_097,8,7341,8961,M9,8420,45,8465,-496,0,496
Job_098,4,7392,9260,M6,8421,9,8430,-830,0,830
Job_100,8,7496,8910,M4,8427,6,8433,-477,0,477
Job_101,8,7533,8720,M7,8427,30,8457,-263,0,263
Job_104,3,7925,9465,M6,8430,7,8437,-1028,0,1028
Job_104,4,7925,9465,M8,8437,64,8501,-964,0,964
Job_112,0,8428,9555,M0,8439,29,8468,-1087,0,1087
Job_092,9,6872,8491,M4,8458,33,8491,0,0,0
Job_103,3,7894,9596,M5,8464,51,8515,-1081,0,1081
Job_108,3,8300,9714,M3,8464,95,8559,-1155,0,1155
Job_110,1,8310,9431,M0,8468,6,8474,-957,0,957
Job_111,1,8312,9931,M0,8474,85,8559,-1372,0,1372
Job_107,2,8131,9585,M4,8491,75,8566,-1019,0,1019
Job_109,1,8304,10172,M2,8493,95,8588,-1584,0,1584
Job_112,1,8428,9555,M1,8493,78,8571,-984,0,984
Job_099,9,7428,8549,M6,8496,53,8549,0,0,0
Job_098,5,7392,9260,M8,8501,52,8553,-707,0,707
Job_104,5,7925,9465,M9,8501,76,8577,-888,0,888
Job_102,5,7678,9215,M6,8549,88,8637,-578,0,578
Job_108,4,8300,9714,M8,8559,48,8607,-1107,0,1107
Job_111,2,8312,9931,M3,8559,39,8598,-1333,0,1333
Job_110,2,8310,9431,M1,8571,22,8593,-838,0,838
Job_107,3,8131,9585,M9,8577,11,8588,-997,0,997
Job_094,9,7086,8626,M7,8581,45,8626,0,0,0
Job_109,2,8304,10172,M0,8588,71,8659,-1513,0,1513
Job_112,2,8428,9555,M2,8588,9,8597,-958,0,958
Job_106,1,8076,9778,M1,8593,69,8662,-1116,0,1116
Job_110,3,8310,9431,M5,8593,61,8654,-777,0,777
Job_103,4,7894,9596,M2,8597,85,8682,-914,0,914
Job_112,3,8428,9555,M3,8598,36,8634,-921,0,921
Job_108,5,8300,9714,M9,8607,72,8679,-1035,0,1035
Job_098,6,7392,9260,M7,8626,85,8711,-549,0,549
Job_107,4,8131,9585,M3,8634,69,8703,-882,0,882
Job_102,6,7678,9215,M8,8637,19,8656,-559,0,559
Job_105,5,8027,9564,M6,8637,88,8725,-839,0,839
Job_114,0,8640,9766,M0,8659,29,8688,-1078,0,1078
Job_113,0,8526,10066,M1,8662,85,8747,-1319,0,1319
Job_101,9,7533,8720,M4,8665,55,8720,0,0,0
Job_102,7,7678,9215,M9,8679,48,8727,-488,0,488
Job_111,3,8312,9931,M2,8682,74,8756,-1175,0,1175
Job_108,6,8300,9714,M0,8688,47,8735,-979,0,979
Job_090,9,6864,8732,M5,8689,43,8732,0,0,0
Job_110,4,8310,9431,M3,8703,26,8729,-702,0,702
Job_096,9,7281,8735,M8,8705,30,8735,0,0,0
Job_109,3,8304,10172,M4,8720,99,8819,-1353,0,1353
Job_102,8,7678,9215,M7,8727,36,8763,-452,0,452
Job_103,5,7894,9596,M9,8727,11,8738,-858,0,858
Job_106,2,8076,9778,M3,8729,76,8805,-973,0,973
Job_104,6,7925,9465,M5,8732,47,8779,-686,0,686
Job_105,6,8027,9564,M8,8735,19,8754,-810,0,810
Job_103,6,7894,9596,M6,8738,40,8778,-818,0,818
Job_113,1,8526,10066,M0,8747,13,8760,-1306,0,1306
Job_114,1,8640,9766,M1,8747,78,8825,-941,0,941
Job_105,7,8027,9564,M9,8754,48,8802,-762,0,762
Job_111,4,8312,9931,M8,8756,90,8846,-1085,0,1085
Job_113,2,8526,10066,M2,8760,61,8821,-1245,0,1245
Job_115,0,8721,10175,M0,8760,43,8803,-1372,0,1372
Job_103,7,7894,9596,M7,8778,89,8867,-729,0,729
Job_108,7,8300,9714,M6,8778,65,8843,-871,0,871
Job_104,7,7925,9465,M3,8805,52,8857,-608,0,608
Job_110,5,8310,9431,M4,8819,69,8888,-543,0,543
Job_107,5,8131,9585,M1,8825,28,8853,-732,0,732
Job_114,2,8640,9766,M2,8825,9,8834,-932,0,932
Job_115,1,8721,10175,M2,8834,90,8924,-1251,0,1251
Job_113,3,8526,10066,M6,8843,7,8850,-1216,0,1216
Job_111,5,8312,9931,M5,8846,10,8856,-1075,0,1075
Job_109,4,8304,10172,M6,8850,9,8859,-1313,0,1313
Job_113,4,8526,10066,M8,8850,64,8914,-1152,0,1152
Job_116,0,8781,10401,M1,8853,91,8944,-1457,0,1457
Job_106,3,8076,9778,M5,8856,51,8907,-871,0,871
Job_114,3,8640,9766,M3,8857,36,8893,-873,0,873
Job_107,6,8131,9585,M6,8859,46,8905,-680,0,680
Job_111,6,8312,9931,M7,8867,12,8879,-1052,0,1052
Job_100,9,7496,8910,M7,8885,25,8910,0,0,0
Job_108,8,8300,9714,M4,8888,6,8894,-820,0,820
Job_098,7,7392,9260,M3,8893,98,8991,-269,0,269
Job_103,8,7894,9596,M4,8894,26,8920,-676,0,676
Job_111,7,8312,9931,M6,8905,89,8994,-937,0,937
Job_107,7,8131,9585,M5,8907,46,8953,-632,0,632
Job_110,6,8310,9431,M8,8914,21,8935,-496,0,496
Job_113,5,8526,10066,M9,8914,76,8990,-1076,0,1076
Job_118,0,8868,9989,M2,8924,14,8938,-1051,0,1051
Job_097,9,7341,8961,M4,8928,33,8961,0,0,0
Job_109,5,8304,10172,M8,8935,52,8987,-1185,0,1185
Job_110,7,8310,9431,M7,8935,49,8984,-447,0,447
Job_118,1,8868,9989,M0,8938,6,8944,-1045,0,1045
Job_119,0,8936,10350,M2,8938,84,9022,-1328,0,1328
Job_116,1,8781,10401,M0,8944,85,9029,-1372,0,1372
Job_117,0,8832,10700,M1,8944,81,9025,-1675,0,1675
Job_112,4,8428,9555,M4,8961,49,9010,-545,0,545
Job_109,6,8304,10172,M7,8987,85,9072,-1100,0,1100
Job_113,6,8526,10066,M5,8990,47,9037,-1029,0,1029
Job_111,8,8312,9931,M9,8994,45,9039,-892,0,892
Job_104,8,7925,9465,M4,9010,90,9100,-365,0,365
Job_106,4,8076,9778,M2,9022,85,9107,-671,0,671
Job_118,2,8868,9989,M1,9025,22,9047,-942,0,942
Job_116,2,8781,10401,M3,9029,39,9068,-1333,0,1333
Job_112,5,8428,9555,M5,9037,11,9048,-507,0,507
Job_110,8,8310,9431,M9,9039,72,9111,-320,0,320
Job_120,0,8973,10160,M1,9047,46,9093,-1067,0,1067
Job_112,6,8428,9555,M6,9048,62,9110,-445,0,445
Job_118,3,8868,9989,M5,9048,61,9109,-880,0,880
Job_107,8,8131,9585,M7,9072,72,9144,-441,0,441
Job_119,1,8936,10350,M1,9093,2,9095,-1255,0,1255
Job_120,1,8973,10160,M0,9093,37,9130,-1030,0,1030
Job_114,4,8640,9766,M4,9100,49,9149,-617,0,617
Job_116,3,8781,10401,M2,9107,74,9181,-1220,0,1220
Job_118,4,8868,9989,M3,9109,26,9135,-854,0,854
Job_119,2,8936,10350,M5,9109,52,9161,-1189,0,1189
Job_106,5,8076,9778,M9,9111,11,9122,-656,0,656
Job_098,8,7392,9260,M9,9122,22,9144,-116,0,116
Job_106,6,8076,9778,M6,9122,40,9162,-616,0,616
Job_102,9,7678,9215,M3,9136,79,9215,0,0,0
Job_112,7,8428,9555,M7,9144,56,9200,-355,0,355
Job_115,2,8721,10175,M4,9149,75,9224,-951,0,951
Job_114,5,8640,9766,M5,9161,11,9172,-594,0,594
Job_114,6,8640,9766,M6,9172,62,9234,-532,0,532
Job_117,1,8832,10700,M2,9181,95,9276,-1424,0,1424
Job_106,7,8076,9778,M7,9200,89,9289,-489,0,489
Job_112,8,8428,9555,M8,9200,44,9244,-311,0,311
Job_120,2,8973,10160,M3,9215,61,9276,-884,0,884
Job_098,9,7392,9260,M5,9217,43,9260,0,0,0
Job_115,3,8721,10175,M9,9224,11,9235,-940,0,940
Job_118,5,8868,9989,M4,9224,69,9293,-696,0,696
Job_115,4,8721,10175,M3,9276,69,9345,-830,0,830
Job_117,2,8832,10700,M0,9276,71,9347,-1353,0,1353
Job_120,3,8973,10160,M2,9276,13,9289,-871,0,871
Job_114,7,8640,9766,M7,9289,56,9345,-421,0,421
Job_120,4,8973,10160,M6,9289,32,9321,-839,0,839
Job_121,0,9118,10655,M2,9289,31,9320,-1335,0,1335
Job_106,8,8076,9778,M4,9293,26,9319,-459,0,459
Job_118,6,8868,9989,M8,9293,21,9314,-675,0,675
Job_120,5,8973,10160,M5,9321,21,9342,-818,0,818
Job_120,6,8973,10160,M9,9342,32,9374,-786,0,786
Job_105,8,8027,9564,M7,9345,36,9381,-183,0,183
Job_114,8,8640,9766,M8,9345,44,9389,-377,0,377
Job_119,3,8936,10350,M3,9345,95,9440,-910,0,910
Job_117,3,8832,10700,M4,9347,99,9446,-1254,0,1254
Job_121,1,9118,10655,M0,9347,86,9433,-1222,0,1222
Job_123,0,9365,10905,M1,9365,85,9450,-1455,0,1455
Job_110,9,8310,9431,M6,9378,53,9431,0,0,0
Job_120,7,8973,10160,M8,9389,89,9478,-682,0,682
Job_104,9,7925,9465,M7,9420,45,9465,0,0,0
Job_122,0,9334,11036,M0,9433,76,9509,-1527,0,1527
Job_117,4,8832,10700,M6,9446,9,9455,-1245,0,1245
Job_115,5,8721,10175,M1,9450,28,9478,-697,0,697
Job_118,7,8868,9989,M7,9465,49,9514,-475,0,475
Job_124,0,9467,11004,M2,9467,31,9498,-1506,0,1506
Job_115,6,8721,10175,M6,9478,46,9524,-651,0,651
Job_121,2,9118,10655,M1,9478,46,9524,-1131,0,1131
Job_103,9,7894,9596,M8,9481,74,9555,-41,0,41
Job_105,9,8027,9564,M3,9485,79,9564,0,0,0
Job_123,1,9365,10905,M0,9509,13,9522,-1383,0,1383
Job_120,8,8973,10160,M7,9514,30,9544,-616,0,616
Job_123,2,9365,10905,M2,9522,61,9583,-1322,0,1322
Job_124,1,9467,11004,M0,9522,86,9608,-1396,0,1396
Job_121,3,9118,10655,M5,9524,74,9598,-1057,0,1057
Job_122,1,9334,11036,M1,9524,69,9593,-1443,0,1443
Job_112,9,8428,9555,M9,9534,21,9555,0,0,0
Job_107,9,8131,9585,M8,9555,30,9585,0,0,0
Job_118,8,8868,9989,M9,9555,72,9627,-362,0,362
Job_109,7,8304,10172,M3,9564,98,9662,-510,0,510
Job_123,3,9365,10905,M6,9583,7,9590,-1315,0,1315
Job_119,4,8936,10350,M8,9585,48,9633,-717,0,717
Job_115,7,8721,10175,M5,9598,46,9644,-531,0,531
Job_121,4,9118,10655,M4,9598,32,9630,-1025,0,1025
Job_124,2,9467,11004,M1,9608,46,9654,-1350,0,1350
Job_126,0,9571,11025,M0,9608,43,9651,-1374,0,1374
Job_121,5,9118,10655,M6,9630,88,9718,-937,0,937
Job_117,5,8832,10700,M8,9633,52,9685,-1015,0,1015
Job_125,0,9516,11218,M0,9651,76,9727,-1491,0,1491
Job_126,1,9571,11025,M2,9651,90,9741,-1284,0,1284
Job_124,3,9467,11004,M5,9654,74,9728,-1276,0,1276
Job_109,8,8304,10172,M9,9662,22,9684,-488,0,488
Job_122,2,9334,11036,M3,9662,76,9738,-1298,0,1298
Job_108,9,8300,9714,M7,9689,25,9714,0,0,0
Job_106,9,8076,9778,M8,9704,74,9778,0,0,0
Job_115,8,8721,10175,M7,9714,72,9786,-389,0,389
Job_125,1,9516,11218,M1,9727,69,9796,-1422,0,1422
Job_124,4,9467,11004,M4,9728,32,9760,-1244,0,1244
Job_113,7,8526,10066,M3,9738,52,9790,-276,0,276
Job_122,3,9334,11036,M5,9738,51,9789,-1247,0,1247
Job_127,0,9740,11154,M2,9741,84,9825,-1329,0,1329
Job_114,9,8640,9766,M9,9745,21,9766,0,0,0
Job_124,5,9467,11004,M6,9760,88,9848,-1156,0,1156
Job_126,2,9571,11025,M4,9760,75,9835,-1190,0,1190
Job_119,5,8936,10350,M9,9766,72,9838,-512,0,512
Job_123,4,9365,10905,M8,9778,64,9842,-1063,0,1063
Job_117,6,8832,10700,M7,9786,85,9871,-829,0,829
Job_125,2,9516,11218,M3,9796,76,9872,-1346,0,1346
Job_130,0,9752,11371,M1,9796,91,9887,-1484,0,1484
Job_129,0,9750,10871,M2,9825,14,9839,-1032,0,1032
Job_119,6,8936,10350,M0,9838,47,9885,-465,0,465
Job_126,3,9571,11025,M9,9838,11,9849,-1176,0,1176
Job_122,4,9334,11036,M2,9839,85,9924,-1112,0,1112
Job_121,6,9118,10655,M8,9842,19,9861,-794,0,794
Job_123,5,9365,10905,M9,9849,76,9925,-980,0,980
Job_124,6,9467,11004,M8,9861,19,9880,-1124,0,1124
Job_117,7,8832,10700,M3,9872,98,9970,-730,0,730
Job_125,3,9516,11218,M5,9872,51,9923,-1295,0,1295
Job_116,4,8781,10401,M8,9880,90,9970,-431,0,431
Job_131,0,9868,10995,M0,9885,29,9914,-1081,0,1081
Job_127,1,9740,11154,M1,9887,2,9889,-1265,0,1265
Job_128,0,9744,11612,M1,9889,81,9970,-1642,0,1642
Job_111,9,8312,9931,M4,9898,33,9931,0,0,0
Job_129,1,9750,10871,M0,9914,6,9920,-951,0,951
Job_130,1,9752,11371,M0,9920,85,10005,-1366,0,1366
Job_125,4,9516,11218,M2,9924,85,10009,-1209,0,1209
Job_121,7,9118,10655,M9,9925,48,9973,-682,0,682
Job_123,6,9365,10905,M5,9925,47,9972,-933,0,933
Job_113,8,8526,10066,M4,9931,90,10021,-45,0,45
Job_118,9,8868,9989,M6,9936,53,9989,0,0,0
Job_126,4,9571,11025,M3,9970,69,10039,-986,0,986
Job_131,1,9868,10995,M1,9970,78,10048,-947,0,947
Job_116,5,8781,10401,M5,9972,10,9982,-419,0,419
Job_117,8,8832,10700,M9,9973,22,9995,-705,0,705
Job_121,8,9118,10655,M7,9973,36,10009,-646,0,646
Job_127,2,9740,11154,M5,9982,52,10034,-1120,0,1120
Job_119,7,8936,10350,M6,9989,65,10054,-296,0,296
Job_122,5,9334,11036,M9,9995,11,10006,-1030,0,1030
Job_124,7,9467,11004,M9,10006,48,10054,-950,0,950
Job_116,6,8781,10401,M7,10009,12,10021,-380,0,380
Job_128,1,9744,11612,M2,10009,95,10104,-1508,0,1508
Job_113,9,8526,10066,M7,10021,45,10066,0,0,0
Job_123,7,9365,10905,M3,10039,52,10091,-814,0,814
Job_129,2,9750,10871,M1,10048,22,10070,-801,0,801
Job_119,8,8936,10350,M4,10054,6,10060,-290,0,290
Job_122,6,9334,11036,M6,10054,40,10094,-942,0,942
Job_125,5,9516,11218,M9,10054,11,10065,-1153,0,1153
Job_124,8,9467,11004,M7,10066,36,10102,-902,0,902
Job_126,5,9571,11025,M1,10070,28,10098,-927,0,927
Job_133,0,10080,11206,M0,10080,29,10109,-1097,0,1097
Job_127,3,9740,11154,M3,10091,95,10186,-968,0,968
Job_125,6,9516,11218,M6,10094,40,10134,-1084,0,1084
Job_132,0,9966,11506,M1,10098,85,10183,-1323,0,1323
Job_122,7,9334,11036,M7,10102,89,10191,-845,0,845
Job_131,2,9868,10995,M2,10104,9,10113,-882,0,882
Job_120,9,8973,10160,M4,10105,55,10160,0,0,0
Job_128,2,9744,11612,M0,10109,71,10180,-1432,0,1432
Job_109,9,8304,10172,M5,10129,43,10172,0,0,0
Job_126,6,9571,11025,M6,10134,46,10180,-845,0,845
Job_115,9,8721,10175,M8,10145,30,10175,0,0,0
Job_123,8,9365,10905,M4,10160,90,10250,-655,0,655
Job_129,3,9750,10871,M5,10172,61,10233,-638,0,638
Job_116,7,8781,10401,M6,10180,89,10269,-132,0,132
Job_134,0,10161,11615,M0,10180,43,10223,-1392,0,1392
Job_133,1,10080,11206,M1,10183,78,10261,-945,0,945
Job_127,4,9740,11154,M8,10186,48,10234,-920,0,920
Job_131,3,9868,10995,M3,10186,36,10222,-773,0,773
Job_125,7,9516,11218,M7,10191,89,10280,-938,0,938
Job_130,2,9752,11371,M3,10222,39,10261,-1110,0,1110
Job_132,1,9966,11506,M0,10223,13,10236,-1270,0,1270
Job_134,1,10161,11615,M2,10223,90,10313,-1302,0,1302
Job_126,7,9571,11025,M5,10233,46,10279,-746,0,746
Job_127,5,9740,11154,M9,10234,72,10306,-848,0,848
Job_131,4,9868,10995,M4,10250,49,10299,-696,0,696
Job_129,4,9750,10871,M3,10261,26,10287,-584,0,584
Job_135,0,10221,11841,M1,10261,91,10352,-1489,0,1489
Job_129,5,9750,10871,M4,10299,69,10368,-503,0,503
Job_131,5,9868,10995,M5,10299,11,10310,-685,0,685
Job_116,8,8781,10401,M9,10306,45,10351,-50,0,50
Job_127,6,9740,11154,M0,10306,47,10353,-801,0,801
Job_131,6,9868,10995,M6,10310,62,10372,-623,0,623
Job_133,2,10080,11206,M2,10313,9,10322,-884,0,884
Job_132,2,9966,11506,M2,10322,61,10383,-1123,0,1123
Job_133,3,10080,11206,M3,10322,36,10358,-848,0,848
Job_119,9,8936,10350,M7,10325,25,10350,0,0,0
Job_126,8,9571,11025,M7,10350,72,10422,-603,0,603
Job_136,0,10272,12140,M1,10352,81,10433,-1707,0,1707
Job_135,1,10221,11841,M0,10353,85,10438,-1403,0,1403
Job_116,9,8781,10401,M4,10368,33,10401,0,0,0
Job_129,6,9750,10871,M8,10368,21,10389,-482,0,482
Job_127,7,9740,11154,M6,10372,65,10437,-717,0,717
Job_130,3,9752,11371,M2,10383,74,10457,-914,0,914
Job_122,8,9334,11036,M4,10401,26,10427,-609,0,609
Job_129,7,9750,10871,M7,10422,49,10471,-400,0,400
Job_133,4,10080,11206,M4,10427,49,10476,-730,0,730
Job_139,0,10413,11600,M1,10433,46,10479,-1121,0,1121
Job_132,3,9966,11506,M6,10437,7,10444,-1062,0,1062
Job_135,2,10221,11841,M3,10438,39,10477,-1364,0,1364
Job_132,4,9966,11506,M8,10444,64,10508,-998,0,998
Job_137,0,10308,11429,M2,10457,14,10471,-958,0,958
Job_129,8,9750,10871,M9,10471,72,10543,-328,0,328
Job_131,7,9868,10995,M7,10471,56,10527,-468,0,468
Job_137,1,10308,11429,M0,10471,6,10477,-952,0,952
Job_138,0,10376,11790,M2,10471,84,10555,-1235,0,1235
Job_125,8,9516,11218,M4,10476,26,10502,-716,0,716
Job_133,5,10080,11206,M5,10476,11,10487,-719,0,719
Job_137,2,10308,11429,M1,10479,22,10501,-928,0,928
Job_139,1,10413,11600,M0,10479,37,10516,-1084,0,1084
Job_133,6,10080,11206,M6,10487,62,10549,-657,0,657
Job_137,3,10308,11429,M5,10501,61,10562,-867,0,867
Job_127,8,9740,11154,M4,10502,6,10508,-646,0,646
Job_134,2,10161,11615,M4,10508,75,10583,-1032,0,1032
Job_131,8,9868,10995,M8,10527,44,10571,-424,0,424
Job_132,5,9966,11506,M9,10543,76,10619,-887,0,887
Job_133,7,10080,11206,M7,10549,56,10605,-601,0,601
Job_135,3,10221,11841,M2,10555,74,10629,-1212,0,1212
Job_138,1,10376,11790,M1,10555,2,10557,-1233,0,1233
Job_138,2,10376,11790,M5,10562,52,10614,-1176,0,1176
Job_130,4,9752,11371,M8,10571,90,10661,-710,0,710
Job_121,9,9118,10655,M3,10576,79,10655,0,0,0
Job_128,3,9744,11612,M4,10583,99,10682,-930,0,930
Job_134,3,10161,11615,M9,10619,11,10630,-985,0,985
Job_136,1,10272,12140,M2,10629,95,10724,-1416,0,1416
Job_137,4,10308,11429,M3,10655,26,10681,-748,0,748
Job_117,9,8832,10700,M5,10657,43,10700,0,0,0
Job_133,8,10080,11206,M8,10661,44,10705,-501,0,501
Job_134,4,10161,11615,M3,10681,69,10750,-865,0,865
Job_128,4,9744,11612,M6,10682,9,10691,-921,0,921
Job_137,5,10308,11429,M4,10682,69,10751,-678,0,678
Job_130,5,9752,11371,M5,10700,10,10710,-661,0,661
Job_128,5,9744,11612,M8,10705,52,10757,-855,0,855
Job_130,6,9752,11371,M7,10710,12,10722,-649,0,649
Job_132,6,9966,11506,M5,10710,47,10757,-749,0,749
Job_130,7,9752,11371,M6,10722,89,10811,-560,0,560
Job_136,2,10272,12140,M0,10724,71,10795,-1345,0,1345
Job_140,0,10558,12095,M2,10724,31,10755,-1340,0,1340
Job_134,5,10161,11615,M1,10750,28,10778,-837,0,837
Job_139,2,10413,11600,M3,10750,61,10811,-789,0,789
Job_128,6,9744,11612,M7,10757,85,10842,-770,0,770
Job_137,6,10308,11429,M8,10757,21,10778,-651,0,651
Job_135,4,10221,11841,M8,10778,90,10868,-973,0,973
Job_136,3,10272,12140,M4,10795,99,10894,-1246,0,1246
Job_140,1,10558,12095,M0,10795,86,10881,-1214,0,1214
Job_142,0,10805,12345,M1,10805,85,10890,-1455,0,1455
Job_130,8,9752,11371,M9,10811,45,10856,-515,0,515
Job_132,7,9966,11506,M3,10811,52,10863,-643,0,643
Job_139,3,10413,11600,M2,10811,13,10824,-776,0,776
Job_129,9,9750,10871,M6,10818,53,10871,0,0,0
Job_123,9,9365,10905,M7,10860,45,10905,0,0,0
Job_135,5,10221,11841,M5,10868,10,10878,-963,0,963
Job_134,6,10161,11615,M6,10871,46,10917,-698,0,698
Job_141,0,10774,12476,M0,10881,76,10957,-1519,0,1519
Job_140,2,10558,12095,M1,10890,46,10936,-1159,0,1159
Job_132,8,9966,11506,M4,10894,90,10984,-522,0,522
Job_137,7,10308,11429,M7,10905,49,10954,-475,0,475
Job_143,0,10907,12444,M2,10907,31,10938,-1506,0,1506
Job_134,7,10161,11615,M5,10917,46,10963,-652,0,652
Job_139,4,10413,11600,M6,10917,32,10949,-651,0,651
Job_122,9,9334,11036,M8,10921,74,10995,-41,0,41
Job_124,9,9467,11004,M3,10925,79,11004,0,0,0
Job_136,4,10272,12140,M6,10949,9,10958,-1182,0,1182
Job_135,6,10221,11841,M7,10954,12,10966,-875,0,875
Job_141,1,10774,12476,M1,10957,69,11026,-1450,0,1450
Job_142,1,10805,12345,M0,10957,13,10970,-1375,0,1375
Job_139,5,10413,11600,M5,10963,21,10984,-616,0,616
Job_134,8,10161,11615,M7,10966,72,11038,-577,0,577
Job_142,2,10805,12345,M2,10970,61,11031,-1314,0,1314
Job_143,1,10907,12444,M0,10970,86,11056,-1388,0,1388
Job_131,9,9868,10995,M9,10974,21,10995,0,0,0
Job_140,3,10558,12095,M5,10984,74,11058,-1037,0,1037
Job_126,9,9571,11025,M8,10995,30,11025,0,0,0
Job_137,8,10308,11429,M9,10995,72,11067,-362,0,362
Job_138,3,10376,11790,M3,11004,95,11099,-691,0,691
Job_136,5,10272,12140,M8,11025,52,11077,-1063,0,1063
Job_142,3,10805,12345,M6,11031,7,11038,-1307,0,1307
Job_143,2,10907,12444,M1,11056,46,11102,-1342,0,1342
Job_145,0,11011,12465,M0,11056,43,11099,-1366,0,1366
Job_140,4,10558,12095,M4,11058,32,11090,-1005,0,1005
Job_139,6,10413,11600,M9,11067,32,11099,-501,0,501
Job_142,4,10805,12345,M8,11077,64,11141,-1204,0,1204
Job_140,5,10558,12095,M6,11090,88,11178,-917,0,917
Job_128,7,9744,11612,M3,11099,98,11197,-415,0,415
Job_144,0,10956,12658,M0,11099,76,11175,-1483,0,1483
Job_145,1,11011,12465,M2,11099,90,11189,-1276,0,1276
Job_143,3,10907,12444,M5,11102,74,11176,-1268,0,1268
Job_127,9,9740,11154,M7,11129,25,11154,0,0,0
Job_125,9,9516,11218,M8,11144,74,11218,0,0,0
Job_136,6,10272,12140,M7,11154,85,11239,-901,0,901
Job_144,1,10956,12658,M1,11175,69,11244,-1414,0,1414
Job_143,4,10907,12444,M4,11176,32,11208,-1236,0,1236
Job_135,7,10221,11841,M6,11178,89,11267,-574,0,574
Job_133,9,10080,11206,M9,11185,21,11206,0,0,0
Job_146,0,11180,12594,M2,11189,84,11273,-1321,0,1321
Job_141,2,10774,12476,M3,11197,76,11273,-1203,0,1203
Job_128,8,9744,11612,M9,11206,22,11228,-384,0,384
Job_145,2,11011,12465,M4,11208,75,11283,-1182,0,1182
Job_139,7,10413,11600,M8,11218,89,11307,-293,0,293
Job_142,5,10805,12345,M9,11228,76,11304,-1041,0,1041
Job_149,0,11192,12811,M1,11244,91,11335,-1476,0,1476
Job_143,5,10907,12444,M6,11267,88,11355,-1089,0,1089
Job_136,7,10272,12140,M3,11273,98,11371,-769,0,769
Job_141,3,10774,12476,M5,11273,51,11324,-1152,0,1152
Job_148,0,11190,12311,M2,11273,14,11287,-1024,0,1024
Job_148,1,11190,12311,M0,11287,6,11293,-1018,0,1018
Job_135,8,10221,11841,M9,11304,45,11349,-492,0,492
Job_138,4,10376,11790,M8,11307,48,11355,-435,0,435
Job_139,8,10413,11600,M7,11307,30,11337,-263,0,263
Job_150,0,11308,12435,M0,11308,29,11337,-1098,0,1098
Job_141,4,10774,12476,M2,11324,85,11409,-1067,0,1067
Job_142,6,10805,12345,M5,11324,47,11371,-974,0,974
Job_148,2,11190,12311,M1,11335,22,11357,-954,0,954
Job_149,1,11192,12811,M0,11337,85,11422,-1389,0,1389
Job_130,9,9752,11371,M4,11338,33,11371,0,0,0
Job_145,3,11011,12465,M9,11349,11,11360,-1105,0,1105
Job_140,6,10558,12095,M8,11355,19,11374,-721,0,721
Job_150,1,11308,12435,M1,11357,78,11435,-1000,0,1000
Job_138,5,10376,11790,M9,11360,72,11432,-358,0,358
Job_145,4,11011,12465,M3,11371,69,11440,-1025,0,1025
Job_148,3,11190,12311,M5,11371,61,11432,-879,0,879
Job_143,6,10907,12444,M8,11374,19,11393,-1051,0,1051
Job_137,9,10308,11429,M6,11376,53,11429,0,0,0
Job_138,6,10376,11790,M0,11432,47,11479,-311,0,311
Job_140,7,10558,12095,M9,11432,48,11480,-615,0,615
Job_146,1,11180,12594,M1,11435,2,11437,-1157,0,1157
Job_150,2,11308,12435,M2,11435,9,11444,-991,0,991
Job_146,2,11180,12594,M5,11437,52,11489,-1105,0,1105
Job_151,0,11406,12946,M1,11437,85,11522,-1424,0,1424
Job_148,4,11190,12311,M3,11440,26,11466,-845,0,845
Job_132,9,9966,11506,M7,11461,45,11506,0,0,0
Job_148,5,11190,12311,M4,11466,69,11535,-776,0,776
Job_150,3,11308,12435,M3,11466,36,11502,-933,0,933
Job_138,7,10376,11790,M6,11479,65,11544,-246,0,246
Job_136,8,10272,12140,M9,11480,22,11502,-638,0,638
Job_141,5,10774,12476,M9,11502,11,11513,-963,0,963
Job_142,7,10805,12345,M3,11502,52,11554,-791,0,791
Job_140,8,10558,12095,M7,11506,36,11542,-553,0,553
Job_143,7,10907,12444,M9,11513,48,11561,-883,0,883
Job_145,5,11011,12465,M1,11522,28,11550,-915,0,915
Job_151,1,11406,12946,M0,11522,13,11535,-1411,0,1411
Job_148,6,11190,12311,M8,11535,21,11556,-755,0,755
Job_151,2,11406,12946,M2,11535,61,11596,-1350,0,1350
Job_141,6,10774,12476,M6,11544,40,11584,-892,0,892
Job_139,9,10413,11600,M4,11545,55,11600,0,0,0
Job_147,0,11184,13052,M1,11550,81,11631,-1421,0,1421
Job_144,2,10956,12658,M3,11554,76,11630,-1028,0,1028
Job_148,7,11190,12311,M7,11556,49,11605,-706,0,706
Job_128,9,9744,11612,M5,11569,43,11612,0,0,0
Job_145,6,11011,12465,M6,11584,46,11630,-835,0,835
Job_134,9,10161,11615,M8,11585,30,11615,0,0,0
Job_138,8,10376,11790,M4,11600,6,11606,-184,0,184
Job_141,7,10774,12476,M7,11605,89,11694,-782,0,782
Job_148,8,11190,12311,M9,11605,72,11677,-634,0,634
Job_150,4,11308,12435,M4,11606,49,11655,-780,0,780
Job_145,7,11011,12465,M5,11630,46,11676,-789,0,789
Job_146,3,11180,12594,M3,11630,95,11725,-869,0,869
Job_151,3,11406,12946,M6,11630,7,11637,-1309,0,1309
Job_147,1,11184,13052,M2,11631,95,11726,-1326,0,1326
Job_151,4,11406,12946,M8,11637,64,11701,-1245,0,1245
Job_142,8,10805,12345,M4,11655,90,11745,-600,0,600
Job_150,5,11308,12435,M5,11676,11,11687,-748,0,748
Job_144,3,10956,12658,M5,11687,51,11738,-920,0,920
Job_150,6,11308,12435,M6,11687,62,11749,-686,0,686
Job_143,8,10907,12444,M7,11694,36,11730,-714,0,714
Job_151,5,11406,12946,M9,11701,76,11777,-1169,0,1169
Job_146,4,11180,12594,M8,11725,48,11773,-821,0,821
Job_149,2,11192,12811,M3,11725,39,11764,-1047,0,1047
Job_147,2,11184,13052,M0,11726,71,11797,-1255,0,1255
Job_144,4,10956,12658,M2,11738,85,11823,-835,0,835
Job_141,8,10774,12476,M4,11745,26,11771,-705,0,705
Job_138,9,10376,11790,M7,11765,25,11790,0,0,0
Job_146,5,11180,12594,M9,11777,72,11849,-745,0,745
Job_151,6,11406,12946,M5,11777,47,11824,-1122,0,1122
Job_145,8,11011,12465,M7,11790,72,11862,-603,0,603
Job_135,9,10221,11841,M4,11808,33,11841,0,0,0
Job_149,3,11192,12811,M2,11823,74,11897,-914,0,914
Job_151,7,11406,12946,M3,11824,52,11876,-1070,0,1070
Job_147,3,11184,13052,M4,11841,99,11940,-1112,0,1112
Job_144,5,10956,12658,M9,11849,11,11860,-798,0,798
Job_146,6,11180,12594,M0,11849,47,11896,-698,0,698
Job_144,6,10956,12658,M6,11860,40,11900,-758,0,758
Job_150,7,11308,12435,M7,11862,56,11918,-517,0,517
Job_149,4,11192,12811,M8,11897,90,11987,-824,0,824
Job_146,7,11180,12594,M6,11900,65,11965,-629,0,629
Job_144,7,10956,12658,M7,11918,89,12007,-651,0,651
Job_151,8,11406,12946,M4,11940,90,12030,-916,0,916
Job_147,4,11184,13052,M6,11965,9,11974,-1078,0,1078
Job_149,5,11192,12811,M5,11987,10,11997,-814,0,814
Job_150,8,11308,12435,M8,11987,44,12031,-404,0,404
Job_149,6,11192,12811,M7,12007,12,12019,-792,0,792
Job_140,9,10558,12095,M3,12016,79,12095,0,0,0
Job_149,7,11192,12811,M6,12019,89,12108,-703,0,703
Job_144,8,10956,12658,M4,12030,26,12056,-602,0,602
Job_147,5,11184,13052,M8,12031,52,12083,-969,0,969
Job_146,8,11180,12594,M4,12056,6,12062,-532,0,532
Job_147,6,11184,13052,M7,12083,85,12168,-884,0,884
Job_136,9,10272,12140,M5,12097,43,12140,0,0,0
Job_149,8,11192,12811,M9,12108,45,12153,-658,0,658
Job_147,7,11184,13052,M3,12168,98,12266,-786,0,786
Job_148,9,11190,12311,M6,12258,53,12311,0,0,0
Job_147,8,11184,13052,M9,12266,22,12288,-764,0,764
Job_142,9,10805,12345,M7,12300,45,12345,0,0,0
Job_141,9,10774,12476,M8,12361,74,12435,-41,0,41
Job_143,9,10907,12444,M3,12365,79,12444,0,0,0
Job_150,9,11308,12435,M9,12414,21,12435,0,0,0
Job_145,9,11011,12465,M8,12435,30,12465,0,0,0
Job_146,9,11180,12594,M7,12569,25,12594,0,0,0
Job_144,9,10956,12658,M8,12584,74,12658,0,0,0
Job_149,9,11192,12811,M4,12778,33,12811,0,0,0
Job_151,9,11406,12946,M7,12901,45,12946,0,0,0
Job_147,9,11184,13052,M5,13009,43,13052,0,0,0
