Job,Operation,Arrival,Deadline,Machine,Start,Processing Time,End,Lateness,Tardiness,Earliness
Job_237,7,17998,19699,M3,18720,52,18772,-927,0,927
Job_247,0,18720,19964,M0,18720,29,18749,-1215,0,1215
Job_243,2,18379,19618,M1,18723,22,18745,-873,0,873
Job_242,1,18373,20437,M2,18729,95,18824,-1613,0,1613
Job_240,3,18201,19808,M9,18739,11,18750,-1058,0,1058
Job_245,1,18496,19740,M1,18745,78,18823,-917,0,917
Job_225,5,16940,18730,M5,18748,10,18758,28,28,0
Job_238,4,18099,19797,M4,18748,32,18780,-1017,0,1017
Job_230,4,17420,19209,M8,18749,90,18839,-370,0,370
Job_225,6,16940,18730,M7,18758,12,18770,40,40,0
Job_243,3,18379,19618,M5,18758,61,18819,-799,0,799
Job_225,7,16940,18730,M6,18770,89,18859,129,129,0
Job_234,8,17610,18921,M7,18770,30,18800,-121,0,121
Job_240,4,18201,19808,M3,18772,69,18841,-967,0,967
Job_248,0,18800,20407,M0,18800,43,18843,-1564,0,1564
Job_227,9,17152,18854,M7,18809,45,18854,0,0,0
Job_236,3,17967,19847,M5,18819,51,18870,-977,0,977
Job_241,1,18368,19931,M1,18823,2,18825,-1106,0,1106
Job_245,2,18496,19740,M2,18824,9,18833,-907,0,907
Job_244,0,18380,20170,M1,18825,91,18916,-1254,0,1254
Job_233,4,17573,19136,M8,18839,48,18887,-249,0,249
Job_243,4,18379,19618,M3,18841,26,18867,-751,0,751
Job_242,2,18373,20437,M0,18843,71,18914,-1523,0,1523
Job_248,1,18800,20407,M2,18843,90,18933,-1474,0,1474
Job_234,9,17610,18921,M4,18849,55,18904,-17,0,17
Job_225,8,16940,18730,M9,18859,45,18904,174,174,0
Job_238,5,18099,19797,M6,18859,88,18947,-850,0,850
Job_245,3,18496,19740,M3,18867,36,18903,-837,0,837
Job_230,5,17420,19209,M5,18870,10,18880,-329,0,329
Job_230,6,17420,19209,M7,18880,12,18892,-317,0,317
Job_241,2,18368,19931,M5,18880,52,18932,-999,0,999
Job_235,6,17753,19451,M8,18887,19,18906,-545,0,545
Job_239,2,18147,20028,M3,18903,76,18979,-1049,0,1049
Job_225,9,16940,18730,M4,18904,33,18937,207,207,0
Job_233,5,17573,19136,M9,18904,72,18976,-160,0,160
Job_240,5,18201,19808,M1,18916,28,18944,-864,0,864
Job_236,4,17967,19847,M2,18933,85,19018,-829,0,829
Job_229,9,17360,18967,M8,18937,30,18967,0,0,0
Job_243,5,18379,19618,M4,18937,69,19006,-612,0,612
Job_246,0,18592,20294,M1,18944,85,19029,-1265,0,1265
Job_230,7,17420,19209,M6,18947,89,19036,-173,0,173
Job_223,9,16933,18997,M5,18954,43,18997,0,0,0
Job_231,5,17471,19534,M8,18967,52,19019,-515,0,515
Job_233,6,17573,19136,M0,18976,47,19023,-113,0,113
Job_235,7,17753,19451,M9,18976,48,19024,-427,0,427
Job_241,3,18368,19931,M3,18979,95,19074,-857,0,857
Job_239,3,18147,20028,M5,18997,51,19048,-980,0,980
Job_245,4,18496,19740,M4,19006,49,19055,-685,0,685
Job_251,0,18946,20185,M2,19018,14,19032,-1153,0,1153
Job_231,6,17471,19534,M7,19019,85,19104,-430,0,430
Job_243,6,18379,19618,M8,19019,21,19040,-578,0,578
Job_244,1,18380,20170,M0,19023,85,19108,-1062,0,1062
Job_236,5,17967,19847,M9,19024,11,19035,-812,0,812
Job_247,1,18720,19964,M1,19029,78,19107,-857,0,857
Job_252,0,19013,20576,M2,19032,84,19116,-1460,0,1460
Job_230,8,17420,19209,M9,19036,45,19081,-128,0,128
Job_233,7,17573,19136,M6,19036,65,19101,-35,0,35
Job_238,6,18099,19797,M8,19040,19,19059,-738,0,738
Job_245,5,18496,19740,M5,19055,11,19066,-674,0,674
Job_241,4,18368,19931,M8,19074,48,19122,-809,0,809
Job_238,7,18099,19797,M9,19081,48,19129,-668,0,668
Job_233,8,17573,19136,M4,19101,6,19107,-29,0,29
Job_245,6,18496,19740,M6,19101,62,19163,-577,0,577
Job_231,7,17471,19534,M3,19104,98,19202,-332,0,332
Job_253,0,19050,20361,M1,19107,46,19153,-1208,0,1208
Job_246,1,18592,20294,M0,19108,13,19121,-1173,0,1173
Job_233,9,17573,19136,M7,19111,25,19136,0,0,0
Job_247,2,18720,19964,M2,19116,9,19125,-839,0,839
Job_251,1,18946,20185,M0,19121,6,19127,-1058,0,1058
Job_246,2,18592,20294,M2,19125,61,19186,-1108,0,1108
Job_241,5,18368,19931,M9,19129,72,19201,-730,0,730
Job_243,7,18379,19618,M7,19136,49,19185,-433,0,433
Job_251,2,18946,20185,M1,19153,22,19175,-1010,0,1010
Job_253,1,19050,20361,M0,19153,37,19190,-1171,0,1171
Job_240,6,18201,19808,M6,19163,46,19209,-599,0,599
Job_249,0,18860,20649,M1,19175,91,19266,-1383,0,1383
Job_251,3,18946,20185,M5,19175,61,19236,-949,0,949
Job_230,9,17420,19209,M4,19176,33,19209,0,0,0
Job_245,7,18496,19740,M7,19185,56,19241,-499,0,499
Job_239,4,18147,20028,M2,19186,85,19271,-757,0,757
Job_241,6,18368,19931,M0,19201,47,19248,-683,0,683
Job_243,8,18379,19618,M9,19201,72,19273,-345,0,345
Job_244,2,18380,20170,M3,19202,39,19241,-929,0,929
Job_237,8,17998,19699,M4,19209,90,19299,-400,0,400
Job_246,3,18592,20294,M6,19209,7,19216,-1078,0,1078
Job_236,6,17967,19847,M6,19216,40,19256,-591,0,591
Job_246,4,18592,20294,M8,19216,64,19280,-1014,0,1014
Job_240,7,18201,19808,M5,19236,46,19282,-526,0,526
Job_235,8,17753,19451,M7,19241,36,19277,-174,0,174
Job_247,3,18720,19964,M3,19241,36,19277,-687,0,687
Job_241,7,18368,19931,M6,19256,65,19321,-610,0,610
Job_249,1,18860,20649,M0,19266,85,19351,-1298,0,1298
Job_252,1,19013,20576,M1,19266,2,19268,-1308,0,1308
Job_250,0,18911,20974,M1,19268,81,19349,-1625,0,1625
Job_244,3,18380,20170,M2,19271,74,19345,-825,0,825
Job_239,5,18147,20028,M9,19273,11,19284,-744,0,744
Job_236,7,17967,19847,M7,19277,89,19366,-481,0,481
Job_251,4,18946,20185,M3,19277,26,19303,-882,0,882
Job_245,8,18496,19740,M8,19280,44,19324,-416,0,416
Job_252,2,19013,20576,M5,19282,52,19334,-1242,0,1242
Job_246,5,18592,20294,M9,19284,76,19360,-934,0,934
Job_247,4,18720,19964,M4,19299,49,19348,-616,0,616
Job_253,2,19050,20361,M3,19303,61,19364,-997,0,997
Job_239,6,18147,20028,M6,19321,40,19361,-667,0,667
Job_244,4,18380,20170,M8,19345,90,19435,-735,0,735
Job_247,5,18720,19964,M5,19348,11,19359,-605,0,605
Job_251,5,18946,20185,M4,19348,69,19417,-768,0,768
Job_231,8,17471,19534,M9,19360,22,19382,-152,0,152
Job_246,6,18592,20294,M5,19360,47,19407,-887,0,887
Job_253,3,19050,20361,M2,19364,13,19377,-984,0,984
Job_238,8,18099,19797,M7,19366,36,19402,-395,0,395
Job_235,9,17753,19451,M3,19372,79,19451,0,0,0
Job_250,1,18911,20974,M2,19377,95,19472,-1502,0,1502
Job_253,4,19050,20361,M6,19377,32,19409,-952,0,952
Job_240,8,18201,19808,M7,19402,72,19474,-334,0,334
Job_255,0,19407,21287,M0,19407,76,19483,-1804,0,1804
Job_247,6,18720,19964,M6,19409,62,19471,-493,0,493
Job_253,5,19050,20361,M5,19409,21,19430,-931,0,931
Job_236,8,17967,19847,M4,19417,26,19443,-404,0,404
Job_253,6,19050,20361,M9,19430,32,19462,-899,0,899
Job_244,5,18380,20170,M5,19435,10,19445,-725,0,725
Job_251,6,18946,20185,M8,19435,21,19456,-729,0,729
Job_256,0,19438,21139,M1,19438,85,19523,-1616,0,1616
Job_241,8,18368,19931,M4,19443,6,19449,-482,0,482
Job_242,3,18373,20437,M4,19449,99,19548,-889,0,889
Job_246,7,18592,20294,M3,19451,52,19503,-791,0,791
Job_253,7,19050,20361,M8,19462,89,19551,-810,0,810
Job_254,0,19193,20891,M2,19472,31,19503,-1388,0,1388
Job_247,7,18720,19964,M7,19474,56,19530,-434,0,434
Job_250,2,18911,20974,M0,19483,71,19554,-1420,0,1420
Job_231,9,17471,19534,M5,19491,43,19534,0,0,0
Job_249,2,18860,20649,M3,19503,39,19542,-1107,0,1107
Job_255,1,19407,21287,M1,19523,69,19592,-1695,0,1695
Job_239,7,18147,20028,M7,19530,89,19619,-409,0,409
Job_257,0,19539,21237,M2,19539,31,19570,-1667,0,1667
Job_252,3,19013,20576,M3,19542,95,19637,-939,0,939
Job_242,4,18373,20437,M6,19548,9,19557,-880,0,880
Job_248,2,18800,20407,M4,19548,75,19623,-784,0,784
Job_247,8,18720,19964,M8,19551,44,19595,-369,0,369
Job_256,1,19438,21139,M0,19554,13,19567,-1572,0,1572
Job_243,9,18379,19618,M6,19565,53,19618,0,0,0
Job_249,3,18860,20649,M2,19570,74,19644,-1005,0,1005
Job_257,1,19539,21237,M0,19570,86,19656,-1581,0,1581
Job_242,5,18373,20437,M8,19595,52,19647,-790,0,790
Job_244,6,18380,20170,M7,19619,12,19631,-539,0,539
Job_239,8,18147,20028,M4,19623,26,19649,-379,0,379
Job_248,3,18800,20407,M9,19623,11,19634,-773,0,773
Job_244,7,18380,20170,M6,19631,89,19720,-450,0,450
Job_248,4,18800,20407,M3,19637,69,19706,-701,0,701
Job_256,2,19438,21139,M2,19644,61,19705,-1434,0,1434
Job_249,4,18860,20649,M8,19647,90,19737,-912,0,912
Job_246,8,18592,20294,M4,19649,90,19739,-555,0,555
Job_237,9,17998,19699,M7,19654,45,19699,0,0,0
Job_257,2,19539,21237,M1,19656,46,19702,-1535,0,1535
Job_259,0,19641,21248,M0,19656,43,19699,-1549,0,1549
Job_251,7,18946,20185,M7,19699,49,19748,-437,0,437
Job_254,1,19193,20891,M0,19699,86,19785,-1106,0,1106
Job_257,3,19539,21237,M5,19702,74,19776,-1461,0,1461
Job_259,1,19641,21248,M2,19705,90,19795,-1453,0,1453
Job_248,5,18800,20407,M1,19706,28,19734,-673,0,673
Job_238,9,18099,19797,M3,19718,79,19797,0,0,0
Job_245,9,18496,19740,M9,19719,21,19740,0,0,0
Job_256,3,19438,21139,M6,19720,7,19727,-1412,0,1412
Job_248,6,18800,20407,M6,19734,46,19780,-627,0,627
Job_250,3,18911,20974,M4,19739,99,19838,-1136,0,1136
Job_244,8,18380,20170,M9,19740,45,19785,-385,0,385
Job_240,9,18201,19808,M8,19743,30,19773,-35,0,35
Job_242,6,18373,20437,M7,19748,85,19833,-604,0,604
Job_236,9,17967,19847,M8,19773,74,19847,0,0,0
Job_248,7,18800,20407,M5,19780,46,19826,-581,0,581
Job_251,8,18946,20185,M9,19785,72,19857,-328,0,328
Job_254,2,19193,20891,M1,19785,46,19831,-1060,0,1060
Job_258,0,19587,21468,M0,19785,76,19861,-1607,0,1607
Job_255,2,19407,21287,M3,19797,76,19873,-1414,0,1414
Job_260,0,19808,21371,M2,19808,84,19892,-1479,0,1479
Job_249,5,18860,20649,M5,19826,10,19836,-813,0,813
Job_261,0,19813,21877,M1,19831,81,19912,-1965,0,1965
Job_253,8,19050,20361,M7,19833,30,19863,-498,0,498
Job_254,3,19193,20891,M5,19836,74,19910,-981,0,981
Job_250,4,18911,20974,M6,19838,9,19847,-1127,0,1127
Job_257,4,19539,21237,M4,19838,32,19870,-1367,0,1367
Job_252,4,19013,20576,M8,19847,48,19895,-681,0,681
Job_249,6,18860,20649,M7,19863,12,19875,-774,0,774
Job_257,5,19539,21237,M6,19870,88,19958,-1279,0,1279
Job_259,2,19641,21248,M4,19870,75,19945,-1303,0,1303
Job_242,7,18373,20437,M3,19873,98,19971,-466,0,466
Job_262,0,19819,21058,M2,19892,14,19906,-1152,0,1152
Job_250,5,18911,20974,M8,19895,52,19947,-1027,0,1027
Job_241,9,18368,19931,M7,19906,25,19931,0,0,0
Job_262,1,19819,21058,M0,19906,6,19912,-1146,0,1146
Job_255,3,19407,21287,M5,19910,51,19961,-1326,0,1326
Job_260,1,19808,21371,M1,19912,2,19914,-1457,0,1457
Job_261,1,19813,21877,M2,19912,95,20007,-1870,0,1870
Job_258,1,19587,21468,M1,19914,69,19983,-1485,0,1485
Job_248,8,18800,20407,M7,19931,72,20003,-404,0,404
Job_264,0,19936,21180,M0,19936,29,19965,-1215,0,1215
Job_247,9,18720,19964,M9,19943,21,19964,0,0,0
Job_254,4,19193,20891,M4,19945,32,19977,-914,0,914
Job_239,9,18147,20028,M8,19954,74,20028,0,0,0
Job_260,2,19808,21371,M5,19961,52,20013,-1358,0,1358
Job_259,3,19641,21248,M9,19964,11,19975,-1273,0,1273
Job_242,8,18373,20437,M9,19975,22,19997,-440,0,440
Job_254,5,19193,20891,M6,19977,88,20065,-826,0,826
Job_258,2,19587,21468,M3,19983,76,20059,-1409,0,1409
Job_262,2,19819,21058,M1,19983,22,20005,-1053,0,1053
Job_252,5,19013,20576,M9,19997,72,20069,-507,0,507
Job_250,6,18911,20974,M7,20003,85,20088,-886,0,886
Job_264,1,19936,21180,M1,20005,78,20083,-1097,0,1097
Job_255,4,19407,21287,M2,20007,85,20092,-1195,0,1195
Job_261,2,19813,21877,M0,20007,71,20078,-1799,0,1799
Job_262,3,19819,21058,M5,20013,61,20074,-984,0,984
Job_257,6,19539,21237,M8,20028,19,20047,-1190,0,1190
Job_259,4,19641,21248,M3,20059,69,20128,-1120,0,1120
Job_254,6,19193,20891,M8,20065,19,20084,-807,0,807
Job_258,3,19587,21468,M5,20074,51,20125,-1343,0,1343
Job_252,6,19013,20576,M0,20078,47,20125,-451,0,451
Job_254,7,19193,20891,M9,20084,48,20132,-759,0,759
Job_256,4,19438,21139,M8,20084,64,20148,-991,0,991
Job_264,2,19936,21180,M2,20092,9,20101,-1079,0,1079
Job_258,4,19587,21468,M2,20125,85,20210,-1258,0,1258
Job_259,5,19641,21248,M1,20128,28,20156,-1092,0,1092
Job_262,4,19819,21058,M3,20128,26,20154,-904,0,904
Job_251,9,18946,20185,M6,20132,53,20185,0,0,0
Job_254,8,19193,20891,M7,20132,36,20168,-723,0,723
Job_255,5,19407,21287,M9,20132,11,20143,-1144,0,1144
Job_244,9,18380,20170,M4,20137,33,20170,0,0,0
Job_256,5,19438,21139,M9,20148,76,20224,-915,0,915
Job_264,3,19936,21180,M3,20154,36,20190,-990,0,990
Job_265,0,20032,21734,M1,20156,85,20241,-1493,0,1493
Job_262,5,19819,21058,M4,20170,69,20239,-819,0,819
Job_252,7,19013,20576,M6,20185,65,20250,-326,0,326
Job_250,7,18911,20974,M3,20190,98,20288,-686,0,686
Job_256,6,19438,21139,M5,20224,47,20271,-868,0,868
Job_257,7,19539,21237,M9,20224,48,20272,-965,0,965
Job_262,6,19819,21058,M8,20239,21,20260,-798,0,798
Job_264,4,19936,21180,M4,20239,49,20288,-892,0,892
Job_263,0,19820,21610,M1,20241,91,20332,-1278,0,1278
Job_265,1,20032,21734,M0,20241,13,20254,-1480,0,1480
Job_246,9,18592,20294,M7,20249,45,20294,0,0,0
Job_249,7,18860,20649,M6,20250,89,20339,-310,0,310
Job_265,2,20032,21734,M2,20254,61,20315,-1419,0,1419
Job_258,5,19587,21468,M9,20272,11,20283,-1185,0,1185
Job_250,8,18911,20974,M9,20288,22,20310,-664,0,664
Job_252,8,19013,20576,M4,20288,6,20294,-282,0,282
Job_260,3,19808,21371,M3,20288,95,20383,-988,0,988
Job_264,5,19936,21180,M5,20288,11,20299,-881,0,881
Job_262,7,19819,21058,M7,20294,49,20343,-715,0,715
Job_253,9,19050,20361,M4,20306,55,20361,0,0,0
Job_263,1,19820,21610,M0,20332,85,20417,-1193,0,1193
Job_249,8,18860,20649,M9,20339,45,20384,-265,0,265
Job_264,6,19936,21180,M6,20339,62,20401,-779,0,779
Job_257,8,19539,21237,M7,20343,36,20379,-858,0,858
Job_261,3,19813,21877,M4,20361,99,20460,-1417,0,1417
Job_248,9,18800,20407,M8,20377,30,20407,0,0,0
Job_256,7,19438,21139,M3,20383,52,20435,-704,0,704
Job_262,8,19819,21058,M9,20384,72,20456,-602,0,602
Job_242,9,18373,20437,M5,20394,43,20437,0,0,0
Job_259,6,19641,21248,M6,20401,46,20447,-801,0,801
Job_264,7,19936,21180,M7,20401,56,20457,-723,0,723
Job_260,4,19808,21371,M8,20407,48,20455,-916,0,916
Job_263,2,19820,21610,M3,20435,39,20474,-1136,0,1136
Job_255,6,19407,21287,M6,20447,40,20487,-800,0,800
Job_259,7,19641,21248,M5,20447,46,20493,-755,0,755
Job_260,5,19808,21371,M9,20456,72,20528,-843,0,843
Job_264,8,19936,21180,M8,20457,44,20501,-679,0,679
Job_256,8,19438,21139,M4,20460,90,20550,-589,0,589
Job_263,3,19820,21610,M2,20474,74,20548,-1062,0,1062
Job_258,6,19587,21468,M6,20487,40,20527,-941,0,941
Job_265,3,20032,21734,M6,20527,7,20534,-1200,0,1200
Job_260,6,19808,21371,M0,20528,47,20575,-796,0,796
Job_261,4,19813,21877,M6,20534,9,20543,-1334,0,1334
Job_265,4,20032,21734,M8,20534,64,20598,-1136,0,1136
Job_252,9,19013,20576,M7,20551,25,20576,0,0,0
Job_260,7,19808,21371,M6,20575,65,20640,-731,0,731
Job_255,7,19407,21287,M7,20576,89,20665,-622,0,622
Job_263,4,19820,21610,M8,20598,90,20688,-922,0,922
Job_265,5,20032,21734,M9,20598,76,20674,-1060,0,1060
Job_249,9,18860,20649,M4,20616,33,20649,0,0,0
Job_260,8,19808,21371,M4,20649,6,20655,-716,0,716
Job_255,8,19407,21287,M4,20665,26,20691,-596,0,596
Job_259,8,19641,21248,M7,20665,72,20737,-511,0,511
Job_265,6,20032,21734,M5,20674,47,20721,-1013,0,1013
Job_261,5,19813,21877,M8,20688,52,20740,-1137,0,1137
Job_263,5,19820,21610,M5,20721,10,20731,-879,0,879
Job_265,7,20032,21734,M3,20721,52,20773,-961,0,961
Job_258,7,19587,21468,M7,20737,89,20826,-642,0,642
Job_265,8,20032,21734,M4,20773,90,20863,-871,0,871
Job_254,9,19193,20891,M3,20812,79,20891,0,0,0
Job_263,6,19820,21610,M7,20826,12,20838,-772,0,772
Job_261,6,19813,21877,M7,20838,85,20923,-954,0,954
Job_263,7,19820,21610,M6,20838,89,20927,-683,0,683
Job_258,8,19587,21468,M4,20863,26,20889,-579,0,579
Job_261,7,19813,21877,M3,20923,98,21021,-856,0,856
Job_263,8,19820,21610,M9,20927,45,20972,-638,0,638
Job_250,9,18911,20974,M5,20931,43,20974,0,0,0
Job_262,9,19819,21058,M6,21005,53,21058,0,0,0
Job_261,8,19813,21877,M9,21021,22,21043,-834,0,834
Job_256,9,19438,21139,M7,21094,45,21139,0,0,0
Job_257,9,19539,21237,M3,21158,79,21237,0,0,0
Job_264,9,19936,21180,M9,21159,21,21180,0,0,0
Job_259,9,19641,21248,M8,21183,30,21213,-35,0,35
Job_255,9,19407,21287,M8,21213,74,21287,0,0,0
Job_260,9,19808,21371,M7,21346,25,21371,0,0,0
Job_258,9,19587,21468,M8,21394,74,21468,0,0,0
Job_263,9,19820,21610,M4,21577,33,21610,0,0,0
Job_265,9,20032,21734,M7,21689,45,21734,0,0,0
Job_261,9,19813,21877,M5,21834,43,21877,0,0,0
