Job,Operation,Arrival,Deadline,Machine,Start,Processing Time,End,Lateness,Tardiness,Earliness
Job_019,0,1440,3411,M0,2880,29,2909,-502,0,502
Job_022,0,1637,4378,M1,2880,81,2961,-1417,0,1417
Job_017,6,1254,3225,M6,2903,62,2965,-260,0,260
Job_031,0,2390,4702,M0,2909,43,2952,-1750,0,1750
Job_016,8,1135,3619,M9,2924,45,2969,-650,0,650
Job_003,9,197,2938,M5,2925,43,2968,30,30,0
Job_009,7,740,3141,M3,2925,52,2977,-164,0,164
Job_013,6,1123,3393,M0,2952,47,2999,-394,0,394
Job_025,0,1780,3814,M1,2961,46,3007,-807,0,807
Job_014,4,1128,3869,M6,2975,9,2984,-885,0,885
Job_009,8,740,3141,M4,2977,90,3067,-74,0,74
Job_008,5,708,3278,M9,2983,11,2994,-284,0,284
Job_023,0,1673,3638,M2,2983,14,2997,-641,0,641
Job_014,5,1128,3869,M8,2984,52,3036,-833,0,833
Job_008,6,708,3278,M6,2994,40,3034,-244,0,244
Job_015,7,1134,3099,M7,2997,49,3046,-53,0,53
Job_034,0,2574,4539,M2,2997,14,3011,-1528,0,1528
Job_023,1,1673,3638,M0,2999,6,3005,-633,0,633
Job_020,0,1523,3835,M0,3005,43,3048,-787,0,787
Job_023,2,1673,3638,M1,3007,22,3029,-609,0,609
Job_026,0,1928,4326,M2,3019,31,3050,-1276,0,1276
Job_019,1,1440,3411,M1,3029,78,3107,-304,0,304
Job_023,3,1673,3638,M5,3029,61,3090,-548,0,548
Job_013,7,1123,3393,M6,3034,65,3099,-294,0,294
Job_010,8,845,3242,M7,3046,36,3082,-160,0,160
Job_015,8,1134,3099,M9,3046,72,3118,19,19,0
Job_025,1,1780,3814,M0,3048,37,3085,-729,0,729
Job_029,0,2285,4682,M2,3050,31,3081,-1601,0,1601
Job_011,8,894,3464,M4,3067,26,3093,-371,0,371
Job_009,9,740,3141,M7,3082,45,3127,-14,0,14
Job_026,1,1928,4326,M0,3085,86,3171,-1155,0,1155
Job_023,4,1673,3638,M3,3090,26,3116,-522,0,522
Job_013,8,1123,3393,M4,3099,6,3105,-288,0,288
Job_019,2,1440,3411,M2,3107,9,3116,-295,0,295
Job_028,0,2180,4581,M1,3107,85,3192,-1389,0,1389
Job_019,3,1440,3411,M3,3116,36,3152,-259,0,259
Job_024,0,1742,4013,M2,3116,84,3200,-813,0,813
Job_015,9,1134,3099,M6,3118,53,3171,72,72,0
Job_017,7,1254,3225,M7,3127,56,3183,-42,0,42
Job_019,4,1440,3411,M4,3152,49,3201,-210,0,210
Job_010,9,845,3242,M3,3163,79,3242,0,0,0
Job_029,1,2285,4682,M0,3171,86,3257,-1425,0,1425
Job_008,7,708,3278,M7,3183,89,3272,-6,0,6
Job_017,8,1254,3225,M8,3183,44,3227,2,2,0
Job_026,2,1928,4326,M1,3192,46,3238,-1088,0,1088
Job_020,1,1523,3835,M2,3200,90,3290,-545,0,545
Job_019,5,1440,3411,M5,3201,11,3212,-199,0,199
Job_023,5,1673,3638,M4,3201,69,3270,-368,0,368
Job_019,6,1440,3411,M6,3212,62,3274,-137,0,137
Job_017,9,1254,3225,M9,3227,21,3248,23,23,0
Job_012,9,950,3262,M8,3232,30,3262,0,0,0
Job_024,1,1742,4013,M1,3238,2,3240,-773,0,773
Job_024,2,1742,4013,M5,3240,52,3292,-721,0,721
Job_035,0,2575,5059,M1,3240,91,3331,-1728,0,1728
Job_025,2,1780,3814,M3,3242,61,3303,-511,0,511
Job_030,0,2334,4904,M0,3257,76,3333,-1571,0,1571
Job_023,6,1673,3638,M8,3270,21,3291,-347,0,347
Job_008,8,708,3278,M4,3272,26,3298,20,20,0
Job_019,7,1440,3411,M7,3274,56,3330,-81,0,81
Job_026,3,1928,4326,M5,3292,74,3366,-960,0,960
Job_008,9,708,3278,M8,3298,74,3372,94,94,0
Job_020,2,1523,3835,M4,3298,75,3373,-462,0,462
Job_024,3,1742,4013,M3,3303,95,3398,-615,0,615
Job_025,3,1780,3814,M2,3303,13,3316,-498,0,498
Job_025,4,1780,3814,M6,3316,32,3348,-466,0,466
Job_031,1,2390,4702,M2,3316,90,3406,-1296,0,1296
Job_021,0,1584,4068,M1,3331,91,3422,-646,0,646
Job_028,1,2180,4581,M0,3333,13,3346,-1235,0,1235
Job_035,1,2575,5059,M0,3346,85,3431,-1628,0,1628
Job_025,5,1780,3814,M5,3366,21,3387,-427,0,427
Job_013,9,1123,3393,M7,3368,25,3393,0,0,0
Job_019,8,1440,3411,M8,3372,44,3416,5,5,0
Job_020,3,1523,3835,M9,3373,11,3384,-451,0,451
Job_026,4,1928,4326,M4,3373,32,3405,-921,0,921
Job_020,4,1523,3835,M3,3398,69,3467,-368,0,368
Job_026,5,1928,4326,M6,3405,88,3493,-833,0,833
Job_028,2,2180,4581,M2,3406,61,3467,-1114,0,1114
Job_031,2,2390,4702,M4,3406,75,3481,-1221,0,1221
Job_011,9,894,3464,M8,3416,74,3490,26,26,0
Job_019,9,1440,3411,M9,3416,21,3437,26,26,0
Job_037,0,2794,5195,M1,3422,85,3507,-1688,0,1688
Job_021,1,1584,4068,M0,3431,85,3516,-552,0,552
Job_025,6,1780,3814,M9,3437,32,3469,-345,0,345
Job_023,7,1673,3638,M7,3441,49,3490,-148,0,148
Job_022,1,1637,4378,M2,3467,95,3562,-816,0,816
Job_035,2,2575,5059,M3,3467,39,3506,-1553,0,1553
Job_031,3,2390,4702,M9,3481,11,3492,-1210,0,1210
Job_014,6,1128,3869,M7,3490,85,3575,-294,0,294
Job_025,7,1780,3814,M8,3490,89,3579,-235,0,235
Job_023,8,1673,3638,M9,3492,72,3564,-74,0,74
Job_028,3,2180,4581,M6,3493,7,3500,-1081,0,1081
Job_031,4,2390,4702,M3,3506,69,3575,-1127,0,1127
Job_020,5,1523,3835,M1,3507,28,3535,-300,0,300
Job_036,0,2694,4665,M0,3516,29,3545,-1120,0,1120
Job_020,6,1523,3835,M6,3535,46,3581,-254,0,254
Job_030,1,2334,4904,M1,3535,69,3604,-1300,0,1300
Job_037,1,2794,5195,M0,3545,13,3558,-1637,0,1637
Job_034,1,2574,4539,M0,3558,6,3564,-975,0,975
Job_037,2,2794,5195,M2,3562,61,3623,-1572,0,1572
Job_022,2,1637,4378,M0,3564,71,3635,-743,0,743
Job_021,2,1584,4068,M3,3575,39,3614,-454,0,454
Job_024,4,1742,4013,M8,3579,48,3627,-386,0,386
Job_025,8,1780,3814,M7,3579,30,3609,-205,0,205
Job_020,7,1523,3835,M5,3581,46,3627,-208,0,208
Job_023,9,1673,3638,M6,3585,53,3638,0,0,0
Job_016,9,1135,3619,M4,3586,33,3619,0,0,0
Job_034,2,2574,4539,M1,3604,22,3626,-913,0,913
Job_030,2,2334,4904,M3,3614,76,3690,-1214,0,1214
Job_021,3,1584,4068,M2,3623,74,3697,-371,0,371
Job_029,2,2285,4682,M1,3626,46,3672,-1010,0,1010
Job_020,8,1523,3835,M7,3627,72,3699,-136,0,136
Job_024,5,1742,4013,M9,3627,72,3699,-314,0,314
Job_026,6,1928,4326,M8,3627,19,3646,-680,0,680
Job_034,3,2574,4539,M5,3627,61,3688,-851,0,851
Job_022,3,1637,4378,M4,3635,99,3734,-644,0,644
Job_037,3,2794,5195,M6,3638,7,3645,-1550,0,1550
Job_037,4,2794,5195,M8,3646,64,3710,-1485,0,1485
Job_031,5,2390,4702,M1,3672,28,3700,-1002,0,1002
Job_014,7,1128,3869,M3,3690,98,3788,-81,0,81
Job_030,3,2334,4904,M5,3690,51,3741,-1163,0,1163
Job_024,6,1742,4013,M0,3699,47,3746,-267,0,267
Job_031,6,2390,4702,M6,3700,46,3746,-956,0,956
Job_036,1,2694,4665,M1,3700,78,3778,-887,0,887
Job_018,9,1354,3755,M7,3710,45,3755,0,0,0
Job_021,4,1584,4068,M8,3710,90,3800,-268,0,268
Job_037,5,2794,5195,M9,3710,76,3786,-1409,0,1409
Job_029,3,2285,4682,M5,3741,74,3815,-867,0,867
Job_030,4,2334,4904,M2,3741,85,3826,-1078,0,1078
Job_024,7,1742,4013,M6,3746,65,3811,-202,0,202
Job_027,0,2148,4718,M0,3746,76,3822,-896,0,896
Job_025,9,1780,3814,M4,3759,55,3814,0,0,0
Job_033,0,2568,5309,M1,3778,81,3859,-1450,0,1450
Job_014,8,1128,3869,M9,3788,22,3810,-59,0,59
Job_034,4,2574,4539,M3,3788,26,3814,-725,0,725
Job_020,9,1523,3835,M8,3805,30,3835,0,0,0
Job_022,4,1637,4378,M6,3811,9,3820,-558,0,558
Job_024,8,1742,4013,M4,3814,6,3820,-193,0,193
Job_021,5,1584,4068,M5,3815,10,3825,-243,0,243
Job_034,5,2574,4539,M4,3820,69,3889,-650,0,650
Job_021,6,1584,4068,M7,3825,12,3837,-231,0,231
Job_014,9,1128,3869,M5,3826,43,3869,0,0,0
Job_030,5,2334,4904,M9,3826,11,3837,-1067,0,1067
Job_036,2,2694,4665,M2,3826,9,3835,-830,0,830
Job_028,4,2180,4581,M8,3835,64,3899,-682,0,682
Job_035,3,2575,5059,M2,3835,74,3909,-1150,0,1150
Job_026,7,1928,4326,M9,3837,48,3885,-441,0,441
Job_030,6,2334,4904,M6,3837,40,3877,-1027,0,1027
Job_036,3,2694,4665,M3,3847,36,3883,-782,0,782
Job_027,1,2148,4718,M1,3864,69,3933,-785,0,785
Job_037,6,2794,5195,M5,3869,47,3916,-1279,0,1279
Job_021,7,1584,4068,M6,3877,89,3966,-102,0,102
Job_030,7,2334,4904,M7,3877,89,3966,-938,0,938
Job_029,4,2285,4682,M4,3889,32,3921,-761,0,761
Job_028,5,2180,4581,M9,3899,76,3975,-606,0,606
Job_034,6,2574,4539,M8,3899,21,3920,-619,0,619
Job_033,1,2568,5309,M2,3909,95,4004,-1305,0,1305
Job_031,7,2390,4702,M5,3916,46,3962,-740,0,740
Job_037,7,2794,5195,M3,3916,52,3968,-1227,0,1227
Job_035,4,2575,5059,M8,3920,90,4010,-1049,0,1049
Job_036,4,2694,4665,M4,3921,49,3970,-695,0,695
Job_029,5,2285,4682,M6,3966,88,4054,-628,0,628
Job_027,2,2148,4718,M3,3968,76,4044,-674,0,674
Job_030,8,2334,4904,M4,3970,26,3996,-908,0,908
Job_036,5,2694,4665,M5,3970,11,3981,-684,0,684
Job_021,8,1584,4068,M9,3975,45,4020,-48,0,48
Job_028,6,2180,4581,M5,3981,47,4028,-553,0,553
Job_024,9,1742,4013,M7,3988,25,4013,0,0,0
Job_032,0,2563,4833,M2,4004,84,4088,-745,0,745
Job_033,2,2568,5309,M0,4004,71,4075,-1234,0,1234
Job_022,5,1637,4378,M8,4010,52,4062,-316,0,316
Job_026,8,1928,4326,M7,4013,36,4049,-277,0,277
Job_035,5,2575,5059,M5,4028,10,4038,-1021,0,1021
Job_021,9,1584,4068,M4,4035,33,4068,0,0,0
Job_027,3,2148,4718,M5,4044,51,4095,-623,0,623
Job_028,7,2180,4581,M3,4044,52,4096,-485,0,485
Job_035,6,2575,5059,M7,4049,12,4061,-998,0,998
Job_035,7,2575,5059,M6,4061,89,4150,-909,0,909
Job_022,6,1637,4378,M7,4062,85,4147,-231,0,231
Job_029,6,2285,4682,M8,4062,19,4081,-601,0,601
Job_033,3,2568,5309,M4,4075,99,4174,-1135,0,1135
Job_029,7,2285,4682,M9,4081,48,4129,-553,0,553
Job_032,1,2563,4833,M1,4088,2,4090,-743,0,743
Job_027,4,2148,4718,M2,4095,85,4180,-538,0,538
Job_032,2,2563,4833,M5,4095,52,4147,-686,0,686
Job_022,7,1637,4378,M3,4147,98,4245,-133,0,133
Job_034,7,2574,4539,M7,4147,49,4196,-343,0,343
Job_035,8,2575,5059,M9,4150,45,4195,-864,0,864
Job_033,4,2568,5309,M6,4174,9,4183,-1126,0,1126
Job_037,8,2794,5195,M4,4174,90,4264,-931,0,931
Job_033,5,2568,5309,M8,4183,52,4235,-1074,0,1074
Job_036,6,2694,4665,M6,4183,62,4245,-420,0,420
Job_029,8,2285,4682,M7,4196,36,4232,-450,0,450
Job_034,8,2574,4539,M9,4196,72,4268,-271,0,271
Job_033,6,2568,5309,M7,4235,85,4320,-989,0,989
Job_026,9,1928,4326,M3,4247,79,4326,0,0,0
Job_028,8,2180,4581,M4,4264,90,4354,-227,0,227
Job_022,8,1637,4378,M9,4268,22,4290,-88,0,88
Job_027,5,2148,4718,M9,4290,11,4301,-417,0,417
Job_027,6,2148,4718,M6,4301,40,4341,-377,0,377
Job_036,7,2694,4665,M7,4320,56,4376,-289,0,289
Job_033,7,2568,5309,M3,4326,98,4424,-885,0,885
Job_022,9,1637,4378,M5,4335,43,4378,0,0,0
Job_027,7,2148,4718,M7,4376,89,4465,-253,0,253
Job_032,3,2563,4833,M3,4424,95,4519,-314,0,314
Job_033,8,2568,5309,M9,4424,22,4446,-863,0,863
Job_036,8,2694,4665,M8,4460,44,4504,-161,0,161
Job_027,8,2148,4718,M4,4465,26,4491,-227,0,227
Job_034,9,2574,4539,M6,4486,53,4539,0,0,0
Job_032,4,2563,4833,M8,4519,48,4567,-266,0,266
Job_028,9,2180,4581,M7,4536,45,4581,0,0,0
Job_032,5,2563,4833,M9,4567,72,4639,-194,0,194
Job_031,8,2390,4702,M7,4581,72,4653,-49,0,49
Job_027,9,2148,4718,M8,4598,74,4672,-46,0,46
Job_029,9,2285,4682,M3,4603,79,4682,0,0,0
Job_032,6,2563,4833,M0,4639,47,4686,-147,0,147
Job_036,9,2694,4665,M9,4644,21,4665,0,0,0
Job_031,9,2390,4702,M8,4672,30,4702,0,0,0
Job_032,7,2563,4833,M6,4686,65,4751,-82,0,82
Job_032,8,2563,4833,M4,4751,6,4757,-76,0,76
Job_032,9,2563,4833,M7,4808,25,4833,0,0,0
Job_030,9,2334,4904,M8,4830,74,4904,0,0,0
Job_035,9,2575,5059,M4,5026,33,5059,0,0,0
Job_037,9,2794,5195,M7,5150,45,5195,0,0,0
Job_033,9,2568,5309,M5,5266,43,5309,0,0,0
