Job,Operation,Arrival,Deadline,Machine,Start,Processing Time,End,Lateness,Tardiness,Earliness
Job_121,8,9123,10454,M7,10084,36,10120,-334,0,334
Job_125,1,9525,11380,M1,10090,69,10159,-1221,0,1221
Job_116,8,8783,10053,M9,10142,45,10187,134,134,0
Job_123,3,9373,11165,M6,10142,7,10149,-1016,0,1016
Job_117,2,8834,10394,M0,10145,71,10216,-178,0,178
Job_120,3,8977,10661,M2,10148,13,10161,-500,0,500
Job_115,6,8722,10449,M6,10149,46,10195,-254,0,254
Job_123,4,9373,11165,M8,10149,64,10213,-952,0,952
Job_111,9,8323,10222,M4,10154,33,10187,-35,0,35
Job_124,2,9476,11255,M1,10159,46,10205,-1050,0,1050
Job_125,2,9525,11380,M3,10159,76,10235,-1145,0,1145
Job_129,0,9762,10702,M2,10161,14,10175,-527,0,527
Job_127,0,9751,11097,M2,10175,84,10259,-838,0,838
Job_116,9,8783,10053,M4,10187,33,10220,167,167,0
Job_115,7,8722,10449,M5,10195,46,10241,-208,0,208
Job_120,4,8977,10661,M6,10195,32,10227,-434,0,434
Job_123,5,9373,11165,M9,10213,76,10289,-876,0,876
Job_129,1,9762,10702,M0,10216,6,10222,-480,0,480
Job_117,3,8834,10394,M4,10220,99,10319,-75,0,75
Job_119,6,8939,10132,M0,10222,47,10269,137,137,0
Job_129,2,9762,10702,M1,10222,22,10244,-458,0,458
Job_121,9,9123,10454,M3,10235,79,10314,-140,0,140
Job_115,8,8722,10449,M7,10241,72,10313,-136,0,136
Job_129,3,9762,10702,M5,10244,61,10305,-397,0,397
Job_122,4,9341,11333,M2,10259,85,10344,-989,0,989
Job_127,1,9751,11097,M1,10259,2,10261,-836,0,836
Job_119,7,8939,10132,M6,10269,65,10334,202,202,0
Job_132,1,9980,11430,M0,10269,13,10282,-1148,0,1148
Job_131,0,9881,11051,M0,10282,29,10311,-740,0,740
Job_123,6,9373,11165,M5,10305,47,10352,-813,0,813
Job_130,1,9763,11184,M0,10311,85,10396,-788,0,788
Job_131,1,9881,11051,M1,10311,78,10389,-662,0,662
Job_129,4,9762,10702,M3,10314,26,10340,-362,0,362
Job_117,4,8834,10394,M6,10334,9,10343,-51,0,51
Job_119,8,8939,10132,M4,10334,6,10340,208,208,0
Job_119,9,8939,10132,M7,10340,25,10365,233,233,0
Job_129,5,9762,10702,M4,10340,69,10409,-293,0,293
Job_117,5,8834,10394,M8,10343,52,10395,1,1,0
Job_122,5,9341,11333,M9,10344,11,10355,-978,0,978
Job_137,0,10311,11093,M2,10344,14,10358,-735,0,735
Job_120,5,8977,10661,M5,10352,21,10373,-288,0,288
Job_123,7,9373,11165,M3,10352,52,10404,-761,0,761
Job_122,6,9341,11333,M6,10355,40,10395,-938,0,938
Job_132,2,9980,11430,M2,10358,61,10419,-1011,0,1011
Job_120,6,8977,10661,M9,10373,32,10405,-256,0,256
Job_125,3,9525,11380,M5,10373,51,10424,-956,0,956
Job_115,9,8722,10449,M8,10395,30,10425,-24,0,24
Job_117,6,8834,10394,M7,10395,85,10480,86,86,0
Job_137,1,10311,11093,M0,10396,6,10402,-691,0,691
Job_133,0,10080,11361,M0,10402,29,10431,-930,0,930
Job_137,2,10311,11093,M1,10402,22,10424,-669,0,669
Job_130,2,9763,11184,M3,10404,39,10443,-741,0,741
Job_126,2,9580,10908,M4,10409,75,10484,-424,0,424
Job_131,2,9881,11051,M2,10419,9,10428,-623,0,623
Job_132,3,9980,11430,M6,10419,7,10426,-1004,0,1004
Job_124,3,9476,11255,M5,10424,74,10498,-757,0,757
Job_139,0,10417,11616,M1,10424,46,10470,-1146,0,1146
Job_129,6,9762,10702,M8,10425,21,10446,-256,0,256
Job_125,4,9525,11380,M2,10428,85,10513,-867,0,867
Job_134,0,10162,11967,M0,10431,43,10474,-1493,0,1493
Job_131,3,9881,11051,M3,10443,36,10479,-572,0,572
Job_120,7,8977,10661,M8,10446,89,10535,-126,0,126
Job_133,1,10080,11361,M1,10470,78,10548,-813,0,813
Job_117,7,8834,10394,M3,10480,98,10578,184,184,0
Job_129,7,9762,10702,M7,10480,49,10529,-173,0,173
Job_126,3,9580,10908,M9,10484,11,10495,-413,0,413
Job_131,4,9881,11051,M4,10484,49,10533,-518,0,518
Job_127,2,9751,11097,M5,10498,52,10550,-547,0,547
Job_130,3,9763,11184,M2,10513,74,10587,-597,0,597
Job_125,5,9525,11380,M9,10515,11,10526,-854,0,854
Job_139,1,10417,11616,M0,10521,37,10558,-1058,0,1058
Job_125,6,9525,11380,M6,10526,40,10566,-814,0,814
Job_129,8,9762,10702,M9,10529,72,10601,-101,0,101
Job_124,4,9476,11255,M4,10533,32,10565,-690,0,690
Job_120,8,8977,10661,M7,10535,30,10565,-96,0,96
Job_132,4,9980,11430,M8,10535,64,10599,-831,0,831
Job_135,0,10223,12521,M1,10548,91,10639,-1882,0,1882
Job_131,5,9881,11051,M5,10550,11,10561,-490,0,490
Job_137,3,10311,11093,M5,10561,61,10622,-471,0,471
Job_120,9,8977,10661,M4,10565,55,10620,-41,0,41
Job_122,7,9341,11333,M7,10565,89,10654,-679,0,679
Job_131,6,9881,11051,M6,10566,62,10628,-423,0,423
Job_126,4,9580,10908,M3,10578,69,10647,-261,0,261
Job_133,2,10080,11361,M2,10587,9,10596,-765,0,765
Job_140,0,10563,12361,M2,10596,31,10627,-1734,0,1734
Job_130,4,9763,11184,M8,10599,90,10689,-495,0,495
Job_117,8,8834,10394,M9,10601,22,10623,229,229,0
Job_123,8,9373,11165,M4,10620,90,10710,-455,0,455
Job_117,9,8834,10394,M5,10623,43,10666,272,272,0
Job_132,5,9980,11430,M9,10623,76,10699,-731,0,731
Job_128,1,9756,11417,M2,10627,95,10722,-695,0,695
Job_140,1,10563,12361,M0,10627,86,10713,-1648,0,1648
Job_129,9,9762,10702,M6,10628,53,10681,-21,0,21
Job_126,5,9580,10908,M1,10647,28,10675,-233,0,233
Job_137,4,10311,11093,M3,10647,26,10673,-420,0,420
Job_131,7,9881,11051,M7,10654,56,10710,-341,0,341
Job_127,3,9751,11097,M3,10673,95,10768,-329,0,329
Job_136,0,10274,12191,M1,10675,81,10756,-1435,0,1435
Job_126,6,9580,10908,M6,10681,46,10727,-181,0,181
Job_130,5,9763,11184,M5,10689,10,10699,-485,0,485
Job_132,6,9980,11430,M5,10699,47,10746,-684,0,684
Job_122,8,9341,11333,M4,10710,26,10736,-597,0,597
Job_130,6,9763,11184,M7,10710,12,10722,-462,0,462
Job_131,8,9881,11051,M8,10710,44,10754,-297,0,297
Job_125,7,9525,11380,M7,10722,89,10811,-569,0,569
Job_128,2,9756,11417,M0,10722,71,10793,-624,0,624
Job_138,0,10379,12197,M2,10722,84,10806,-1391,0,1391
Job_124,5,9476,11255,M6,10727,88,10815,-440,0,440
Job_137,5,10311,11093,M4,10736,69,10805,-288,0,288
Job_126,7,9580,10908,M5,10746,46,10792,-116,0,116
Job_140,2,10563,12361,M1,10756,46,10802,-1559,0,1559
Job_127,4,9751,11097,M8,10768,48,10816,-281,0,281
Job_133,3,10080,11361,M3,10768,36,10804,-557,0,557
Job_141,0,10781,12259,M0,10793,76,10869,-1390,0,1390
Job_139,2,10417,11616,M3,10804,61,10865,-751,0,751
Job_128,3,9756,11417,M4,10805,99,10904,-513,0,513
Job_134,1,10162,11967,M2,10806,90,10896,-1071,0,1071
Job_138,1,10379,12197,M1,10806,2,10808,-1389,0,1389
Job_138,2,10379,12197,M5,10808,52,10860,-1337,0,1337
Job_126,8,9580,10908,M7,10811,72,10883,-25,0,25
Job_142,0,10813,12291,M1,10813,85,10898,-1393,0,1393
Job_130,7,9763,11184,M6,10815,89,10904,-280,0,280
Job_124,6,9476,11255,M8,10816,19,10835,-420,0,420
Job_127,5,9751,11097,M9,10816,72,10888,-209,0,209
Job_137,6,10311,11093,M8,10847,21,10868,-225,0,225
Job_140,3,10563,12361,M5,10860,74,10934,-1427,0,1427
Job_138,3,10379,12197,M3,10865,95,10960,-1237,0,1237
Job_126,9,9580,10908,M8,10883,30,10913,5,5,0
Job_137,7,10311,11093,M7,10887,49,10936,-157,0,157
Job_124,7,9476,11255,M9,10888,48,10936,-319,0,319
Job_127,6,9751,11097,M0,10888,47,10935,-162,0,162
Job_139,3,10417,11616,M2,10896,13,10909,-707,0,707
Job_141,1,10781,12259,M1,10898,69,10967,-1292,0,1292
Job_125,8,9525,11380,M4,10904,26,10930,-450,0,450
Job_128,4,9756,11417,M6,10904,9,10913,-504,0,504
Job_128,5,9756,11417,M8,10913,52,10965,-452,0,452
Job_139,4,10417,11616,M6,10913,32,10945,-671,0,671
Job_143,0,10916,12560,M2,10916,31,10947,-1613,0,1613
Job_133,4,10080,11361,M4,10930,49,10979,-382,0,382
Job_142,1,10813,12291,M0,10935,13,10948,-1343,0,1343
Job_124,8,9476,11255,M7,10936,36,10972,-283,0,283
Job_137,8,10311,11093,M9,10936,72,11008,-85,0,85
Job_127,7,9751,11097,M6,10945,65,11010,-87,0,87
Job_139,5,10417,11616,M5,10945,21,10966,-650,0,650
Job_142,2,10813,12291,M2,10948,61,11009,-1282,0,1282
Job_143,1,10916,12560,M0,10948,86,11034,-1526,0,1526
Job_138,4,10379,12197,M8,10965,48,11013,-1184,0,1184
Job_141,2,10781,12259,M3,10967,76,11043,-1216,0,1216
Job_128,6,9756,11417,M7,10972,85,11057,-360,0,360
Job_133,5,10080,11361,M5,10979,11,10990,-371,0,371
Job_140,4,10563,12361,M4,10979,32,11011,-1350,0,1350
Job_131,9,9881,11051,M9,11008,21,11029,-22,0,22
Job_136,1,10274,12191,M2,11009,95,11104,-1087,0,1087
Job_142,3,10813,12291,M6,11010,7,11017,-1274,0,1274
Job_127,8,9751,11097,M4,11011,6,11017,-80,0,80
Job_134,2,10162,11967,M4,11017,75,11092,-875,0,875
Job_137,9,10311,11093,M6,11017,53,11070,-23,0,23
Job_142,4,10813,12291,M8,11017,64,11081,-1210,0,1210
Job_139,6,10417,11616,M9,11029,32,11061,-555,0,555
Job_144,0,10965,12515,M0,11034,76,11110,-1405,0,1405
Job_132,7,9980,11430,M3,11043,52,11095,-335,0,335
Job_141,3,10781,12259,M5,11043,51,11094,-1165,0,1165
Job_130,8,9763,11184,M9,11061,45,11106,-78,0,78
Job_143,2,10916,12560,M1,11064,46,11110,-1450,0,1450
Job_133,6,10080,11361,M6,11070,62,11132,-229,0,229
Job_127,9,9751,11097,M7,11072,25,11097,0,0,0
Job_139,7,10417,11616,M8,11081,89,11170,-446,0,446
Job_128,7,9756,11417,M3,11095,98,11193,-224,0,224
Job_141,4,10781,12259,M2,11104,85,11189,-1070,0,1070
Job_134,3,10162,11967,M9,11106,11,11117,-850,0,850
Job_136,2,10274,12191,M0,11110,71,11181,-1010,0,1010
Job_144,1,10965,12515,M1,11110,69,11179,-1336,0,1336
Job_138,5,10379,12197,M9,11117,72,11189,-1008,0,1008
Job_123,9,9373,11165,M7,11120,45,11165,0,0,0
Job_140,5,10563,12361,M6,11132,88,11220,-1141,0,1141
Job_130,9,9763,11184,M4,11148,33,11181,-3,0,3
Job_133,7,10080,11361,M7,11165,56,11221,-140,0,140
Job_122,9,9341,11333,M8,11170,74,11244,-89,0,89
Job_135,1,10223,12521,M0,11181,85,11266,-1255,0,1255
Job_136,3,10274,12191,M4,11181,99,11280,-911,0,911
Job_141,5,10781,12259,M9,11189,11,11200,-1059,0,1059
Job_124,9,9476,11255,M3,11193,79,11272,17,17,0
Job_147,0,11196,13228,M1,11196,81,11277,-1951,0,1951
Job_128,8,9756,11417,M9,11200,22,11222,-195,0,195
Job_148,0,11202,12235,M2,11202,14,11216,-1019,0,1019
Job_143,3,10916,12560,M5,11210,74,11284,-1276,0,1276
Job_141,6,10781,12259,M6,11220,40,11260,-999,0,999
Job_142,5,10813,12291,M9,11222,76,11298,-993,0,993
Job_139,8,10417,11616,M7,11230,30,11260,-356,0,356
Job_140,6,10563,12361,M8,11244,19,11263,-1098,0,1098
Job_141,7,10781,12259,M7,11260,89,11349,-910,0,910
Job_133,8,10080,11361,M8,11263,44,11307,-54,0,54
Job_138,6,10379,12197,M0,11266,47,11313,-884,0,884
Job_135,2,10223,12521,M3,11272,39,11311,-1210,0,1210
Job_147,1,11196,13228,M2,11277,95,11372,-1856,0,1856
Job_149,0,11203,12718,M1,11277,91,11368,-1350,0,1350
Job_132,8,9980,11430,M4,11280,90,11370,-60,0,60
Job_136,4,10274,12191,M6,11280,9,11289,-902,0,902
Job_140,7,10563,12361,M9,11298,48,11346,-1015,0,1015
Job_142,6,10813,12291,M5,11298,47,11345,-946,0,946
Job_125,9,9525,11380,M8,11307,74,11381,1,1,0
Job_144,2,10965,12515,M3,11311,76,11387,-1128,0,1128
Job_138,7,10379,12197,M6,11313,65,11378,-819,0,819
Job_148,1,11202,12235,M0,11313,6,11319,-916,0,916
Job_150,0,11321,12417,M0,11321,29,11350,-1067,0,1067
Job_133,9,10080,11361,M9,11346,21,11367,6,6,0
Job_140,8,10563,12361,M7,11349,36,11385,-976,0,976
Job_145,0,11020,12850,M0,11350,43,11393,-1457,0,1457
Job_150,1,11321,12417,M1,11368,78,11446,-971,0,971
Job_143,4,10916,12560,M4,11370,32,11402,-1158,0,1158
Job_135,3,10223,12521,M2,11372,74,11446,-1075,0,1075
Job_128,9,9756,11417,M5,11374,43,11417,0,0,0
Job_136,5,10274,12191,M8,11381,52,11433,-758,0,758
Job_132,9,9980,11430,M7,11385,45,11430,0,0,0
Job_142,7,10813,12291,M3,11387,52,11439,-852,0,852
Job_149,1,11203,12718,M0,11393,85,11478,-1240,0,1240
Job_138,8,10379,12197,M4,11402,6,11408,-789,0,789
Job_143,5,10916,12560,M6,11402,88,11490,-1070,0,1070
Job_141,8,10781,12259,M4,11408,26,11434,-825,0,825
Job_144,3,10965,12515,M5,11417,51,11468,-1047,0,1047
Job_136,6,10274,12191,M7,11433,85,11518,-673,0,673
Job_134,4,10162,11967,M3,11439,69,11508,-459,0,459
Job_142,8,10813,12291,M4,11439,90,11529,-762,0,762
Job_148,2,11202,12235,M1,11446,22,11468,-767,0,767
Job_150,2,11321,12417,M2,11446,9,11455,-962,0,962
Job_135,4,10223,12521,M8,11452,90,11542,-979,0,979
Job_144,4,10965,12515,M2,11468,85,11553,-962,0,962
Job_148,3,11202,12235,M5,11468,61,11529,-706,0,706
Job_151,0,11420,12933,M1,11468,85,11553,-1380,0,1380
Job_147,2,11196,13228,M0,11478,71,11549,-1679,0,1679
Job_150,3,11321,12417,M3,11508,36,11544,-873,0,873
Job_135,5,10223,12521,M5,11542,10,11552,-969,0,969
Job_143,6,10916,12560,M8,11542,19,11561,-999,0,999
Job_136,7,10274,12191,M3,11544,98,11642,-549,0,549
Job_152,0,11520,12521,M0,11549,29,11578,-943,0,943
Job_135,6,10223,12521,M7,11552,12,11564,-957,0,957
Job_134,5,10162,11967,M1,11553,28,11581,-386,0,386
Job_145,1,11020,12850,M2,11553,90,11643,-1207,0,1207
Job_144,5,10965,12515,M9,11556,11,11567,-948,0,948
Job_139,9,10417,11616,M4,11561,55,11616,0,0,0
Job_135,7,10223,12521,M6,11564,89,11653,-868,0,868
Job_143,7,10916,12560,M9,11567,48,11615,-945,0,945
Job_151,1,11420,12933,M0,11578,13,11591,-1342,0,1342
Job_152,1,11520,12521,M1,11581,78,11659,-862,0,862
Job_153,0,11602,13283,M0,11602,43,11645,-1638,0,1638
Job_143,8,10916,12560,M7,11615,36,11651,-909,0,909
Job_150,4,11321,12417,M4,11616,49,11665,-752,0,752
Job_136,8,10274,12191,M9,11642,22,11664,-527,0,527
Job_148,4,11202,12235,M3,11642,26,11668,-567,0,567
Job_151,2,11420,12933,M2,11643,61,11704,-1229,0,1229
Job_134,6,10162,11967,M6,11653,46,11699,-268,0,268
Job_154,0,11663,13146,M1,11663,91,11754,-1392,0,1392
Job_135,8,10223,12521,M9,11664,45,11709,-812,0,812
Job_150,5,11321,12417,M5,11665,11,11676,-741,0,741
Job_148,5,11202,12235,M4,11668,69,11737,-498,0,498
Job_149,2,11203,12718,M3,11668,39,11707,-1011,0,1011
Job_134,7,10162,11967,M5,11699,46,11745,-222,0,222
Job_150,6,11321,12417,M6,11699,62,11761,-656,0,656
Job_146,0,11191,13071,M2,11704,84,11788,-1283,0,1283
Job_147,3,11196,13228,M4,11737,99,11836,-1392,0,1392
Job_148,6,11202,12235,M8,11737,21,11758,-477,0,477
Job_134,8,10162,11967,M7,11745,72,11817,-150,0,150
Job_154,1,11663,13146,M0,11754,85,11839,-1307,0,1307
Job_144,6,10965,12515,M6,11761,40,11801,-714,0,714
Job_146,1,11191,13071,M1,11788,2,11790,-1281,0,1281
Job_149,3,11203,12718,M2,11788,74,11862,-856,0,856
Job_155,0,11714,13646,M1,11790,81,11871,-1775,0,1775
Job_151,3,11420,12933,M6,11801,7,11808,-1125,0,1125
Job_151,4,11420,12933,M8,11808,64,11872,-1061,0,1061
Job_148,7,11202,12235,M7,11817,49,11866,-369,0,369
Job_145,2,11020,12850,M4,11836,75,11911,-939,0,939
Job_147,4,11196,13228,M6,11836,9,11845,-1383,0,1383
Job_154,2,11663,13146,M3,11839,39,11878,-1268,0,1268
Job_152,2,11520,12521,M2,11862,9,11871,-650,0,650
Job_148,8,11202,12235,M9,11866,72,11938,-297,0,297
Job_150,7,11321,12417,M7,11866,56,11922,-495,0,495
Job_155,1,11714,13646,M2,11871,95,11966,-1680,0,1680
Job_158,0,11857,13096,M1,11871,46,11917,-1179,0,1179
Job_147,5,11196,13228,M8,11872,52,11924,-1304,0,1304
Job_152,3,11520,12521,M3,11878,36,11914,-607,0,607
Job_152,4,11520,12521,M4,11914,49,11963,-558,0,558
Job_146,2,11191,13071,M5,11916,52,11968,-1103,0,1103
Job_158,1,11857,13096,M0,11917,37,11954,-1142,0,1142
Job_144,7,10965,12515,M7,11922,89,12011,-504,0,504
Job_134,9,10162,11967,M8,11937,30,11967,0,0,0
Job_145,3,11020,12850,M9,11938,11,11949,-901,0,901
Job_145,4,11020,12850,M3,11949,69,12018,-832,0,832
Job_151,5,11420,12933,M9,11949,76,12025,-908,0,908
Job_155,2,11714,13646,M0,11966,71,12037,-1609,0,1609
Job_157,0,11819,13081,M2,11966,84,12050,-1031,0,1031
Job_149,4,11203,12718,M8,11967,90,12057,-661,0,661
Job_152,5,11520,12521,M5,11968,11,11979,-542,0,542
Job_152,6,11520,12521,M6,11979,62,12041,-480,0,480
Job_144,8,10965,12515,M4,12011,26,12037,-478,0,478
Job_147,6,11196,13228,M7,12011,85,12096,-1132,0,1132
Job_145,5,11020,12850,M1,12018,28,12046,-804,0,804
Job_146,3,11191,13071,M3,12018,95,12113,-958,0,958
Job_151,6,11420,12933,M5,12025,47,12072,-861,0,861
Job_155,3,11714,13646,M4,12037,99,12136,-1510,0,1510
Job_145,6,11020,12850,M6,12046,46,12092,-758,0,758
Job_153,1,11602,13283,M2,12050,90,12140,-1143,0,1143
Job_157,1,11819,13081,M1,12050,2,12052,-1029,0,1029
Job_150,8,11321,12417,M8,12057,44,12101,-316,0,316
Job_149,5,11203,12718,M5,12072,10,12082,-636,0,636
Job_145,7,11020,12850,M5,12092,46,12138,-712,0,712
Job_149,6,11203,12718,M7,12096,12,12108,-610,0,610
Job_152,7,11520,12521,M7,12108,56,12164,-357,0,357
Job_146,4,11191,13071,M8,12113,48,12161,-910,0,910
Job_151,7,11420,12933,M3,12113,52,12165,-768,0,768
Job_155,4,11714,13646,M6,12136,9,12145,-1501,0,1501
Job_154,3,11663,13146,M2,12140,74,12214,-932,0,932
Job_136,9,10274,12191,M5,12148,43,12191,0,0,0
Job_146,5,11191,13071,M9,12161,72,12233,-838,0,838
Job_147,7,11196,13228,M3,12165,98,12263,-965,0,965
Job_151,8,11420,12933,M4,12165,90,12255,-678,0,678
Job_138,9,10379,12197,M7,12172,25,12197,0,0,0
Job_148,9,11202,12235,M6,12182,53,12235,0,0,0
Job_141,9,10781,12259,M8,12185,74,12259,0,0,0
Job_157,2,11819,13081,M5,12191,52,12243,-838,0,838
Job_156,0,11751,13296,M2,12214,14,12228,-1068,0,1068
Job_159,0,12003,13471,M2,12228,31,12259,-1212,0,1212
Job_146,6,11191,13071,M0,12233,47,12280,-791,0,791
Job_149,7,11203,12718,M6,12235,89,12324,-394,0,394
Job_142,9,10813,12291,M7,12246,45,12291,0,0,0
Job_161,0,12253,13726,M1,12253,85,12338,-1388,0,1388
Job_153,2,11602,13283,M4,12255,75,12330,-953,0,953
Job_152,8,11520,12521,M8,12259,44,12303,-218,0,218
Job_147,8,11196,13228,M9,12263,22,12285,-943,0,943
Job_156,1,11751,13296,M0,12280,6,12286,-1010,0,1010
Job_140,9,10563,12361,M3,12282,79,12361,0,0,0
Job_145,8,11020,12850,M7,12291,72,12363,-487,0,487
Job_154,4,11663,13146,M8,12303,90,12393,-753,0,753
Job_146,7,11191,13071,M6,12324,65,12389,-682,0,682
Job_149,8,11203,12718,M9,12324,45,12369,-349,0,349
Job_156,2,11751,13296,M1,12338,22,12360,-936,0,936
Job_161,1,12253,13726,M0,12338,13,12351,-1375,0,1375
Job_159,1,12003,13471,M0,12351,86,12437,-1034,0,1034
Job_162,0,12356,13498,M2,12356,31,12387,-1111,0,1111
Job_156,3,11751,13296,M5,12360,61,12421,-875,0,875
Job_157,3,11819,13081,M3,12361,95,12456,-625,0,625
Job_153,3,11602,13283,M9,12369,11,12380,-903,0,903
Job_161,2,12253,13726,M2,12387,61,12448,-1278,0,1278
Job_146,8,11191,13071,M4,12389,6,12395,-676,0,676
Job_150,9,11321,12417,M9,12396,21,12417,0,0,0
Job_154,5,11663,13146,M5,12421,10,12431,-715,0,715
Job_154,6,11663,13146,M7,12431,12,12443,-703,0,703
Job_159,2,12003,13471,M1,12437,46,12483,-988,0,988
Job_144,9,10965,12515,M8,12441,74,12515,0,0,0
Job_154,7,11663,13146,M6,12443,89,12532,-614,0,614
Job_164,0,12460,13774,M0,12460,43,12503,-1271,0,1271
Job_143,9,10916,12560,M3,12481,79,12560,0,0,0
Job_159,3,12003,13471,M5,12483,74,12557,-914,0,914
Job_135,9,10223,12521,M4,12488,33,12521,0,0,0
Job_152,9,11520,12521,M9,12500,21,12521,0,0,0
Job_162,1,12356,13498,M0,12503,86,12589,-909,0,909
Job_164,1,12460,13774,M2,12503,90,12593,-1181,0,1181
Job_157,4,11819,13081,M8,12515,48,12563,-518,0,518
Job_154,8,11663,13146,M9,12532,45,12577,-569,0,569
Job_161,3,12253,13726,M6,12532,7,12539,-1187,0,1187
Job_159,4,12003,13471,M4,12557,32,12589,-882,0,882
Job_158,2,11857,13096,M3,12560,61,12621,-475,0,475
Job_155,5,11714,13646,M8,12563,52,12615,-1031,0,1031
Job_157,5,11819,13081,M9,12577,72,12649,-432,0,432
Job_159,5,12003,13471,M6,12589,88,12677,-794,0,794
Job_162,2,12356,13498,M1,12589,46,12635,-863,0,863
Job_163,0,12405,14014,M0,12589,76,12665,-1349,0,1349
Job_164,2,12460,13774,M4,12593,75,12668,-1106,0,1106
Job_155,6,11714,13646,M7,12615,85,12700,-946,0,946
Job_161,4,12253,13726,M8,12615,64,12679,-1047,0,1047
Job_156,4,11751,13296,M3,12621,26,12647,-649,0,649
Job_158,3,11857,13096,M2,12621,13,12634,-462,0,462
Job_162,3,12356,13498,M5,12635,74,12709,-789,0,789
Job_166,0,12636,14531,M1,12636,81,12717,-1814,0,1814
Job_167,0,12642,13811,M2,12642,14,12656,-1155,0,1155
Job_153,4,11602,13283,M3,12647,69,12716,-567,0,567
Job_157,6,11819,13081,M0,12665,47,12712,-369,0,369
Job_164,3,12460,13774,M9,12668,11,12679,-1095,0,1095
Job_158,4,11857,13096,M6,12677,32,12709,-387,0,387
Job_159,6,12003,13471,M8,12679,19,12698,-773,0,773
Job_161,5,12253,13726,M9,12679,76,12755,-971,0,971
Job_149,9,11203,12718,M4,12685,33,12718,0,0,0
Job_158,5,11857,13096,M5,12709,21,12730,-366,0,366
Job_157,7,11819,13081,M6,12712,65,12777,-304,0,304
Job_167,1,12642,13811,M0,12712,6,12718,-1093,0,1093
Job_164,4,12460,13774,M3,12716,69,12785,-989,0,989
Job_153,5,11602,13283,M1,12717,28,12745,-538,0,538
Job_166,1,12636,14531,M2,12717,95,12812,-1719,0,1719
Job_156,5,11751,13296,M4,12718,69,12787,-509,0,509
Job_167,2,12642,13811,M1,12745,22,12767,-1044,0,1044
Job_158,6,11857,13096,M9,12755,32,12787,-309,0,309
Job_161,6,12253,13726,M5,12755,47,12802,-924,0,924
Job_169,0,12761,13920,M0,12761,29,12790,-1130,0,1130
Job_153,6,11602,13283,M6,12777,46,12823,-460,0,460
Job_155,7,11714,13646,M3,12785,98,12883,-763,0,763
Job_156,6,11751,13296,M8,12787,21,12808,-488,0,488
Job_159,7,12003,13471,M9,12787,48,12835,-636,0,636
Job_162,4,12356,13498,M4,12787,32,12819,-679,0,679
Job_169,1,12761,13920,M1,12790,78,12868,-1052,0,1052
Job_167,3,12642,13811,M5,12802,61,12863,-948,0,948
Job_156,7,11751,13296,M7,12808,49,12857,-439,0,439
Job_165,0,12631,14326,M2,12812,84,12896,-1430,0,1430
Job_166,2,12636,14531,M0,12812,71,12883,-1648,0,1648
Job_157,8,11819,13081,M4,12819,6,12825,-256,0,256
Job_145,9,11020,12850,M8,12820,30,12850,0,0,0
Job_162,5,12356,13498,M6,12823,88,12911,-587,0,587
Job_158,7,11857,13096,M8,12850,89,12939,-157,0,157
Job_156,8,11751,13296,M9,12857,72,12929,-367,0,367
Job_153,7,11602,13283,M5,12863,46,12909,-374,0,374
Job_170,0,12860,14156,M1,12868,85,12953,-1203,0,1203
Job_166,3,12636,14531,M4,12883,99,12982,-1549,0,1549
Job_167,4,12642,13811,M3,12883,26,12909,-902,0,902
Job_151,9,11420,12933,M7,12888,45,12933,0,0,0
Job_169,2,12761,13920,M2,12896,9,12905,-1015,0,1015
Job_169,3,12761,13920,M3,12909,36,12945,-975,0,975
Job_155,8,11714,13646,M9,12929,22,12951,-695,0,695
Job_159,8,12003,13471,M7,12933,36,12969,-502,0,502
Job_162,6,12356,13498,M8,12939,19,12958,-540,0,540
Job_161,7,12253,13726,M3,12945,52,12997,-729,0,729
Job_163,1,12405,14014,M1,12953,69,13022,-992,0,992
Job_170,1,12860,14156,M0,12953,13,12966,-1190,0,1190
Job_162,7,12356,13498,M9,12958,48,13006,-492,0,492
Job_160,0,12221,14080,M0,12966,76,13042,-1038,0,1038
Job_170,2,12860,14156,M2,12966,61,13027,-1129,0,1129
Job_158,8,11857,13096,M7,12969,30,12999,-97,0,97
Job_166,4,12636,14531,M6,12982,9,12991,-1540,0,1540
Job_169,4,12761,13920,M4,12982,49,13031,-889,0,889
Job_166,5,12636,14531,M8,12991,52,13043,-1488,0,1488
Job_163,2,12405,14014,M3,13022,76,13098,-916,0,916
Job_164,5,12460,13774,M1,13022,28,13050,-724,0,724
Job_170,3,12860,14156,M6,13027,7,13034,-1122,0,1122
Job_146,9,11191,13071,M7,13031,25,13056,-15,0,15
Job_169,5,12761,13920,M5,13031,11,13042,-878,0,878
Job_158,9,11857,13096,M4,13041,55,13096,0,0,0
Job_169,6,12761,13920,M6,13042,62,13104,-816,0,816
Job_172,0,13042,14210,M0,13042,43,13085,-1125,0,1125
Job_170,4,12860,14156,M8,13043,64,13107,-1049,0,1049
Job_160,1,12221,14080,M1,13050,69,13119,-961,0,961
Job_157,9,11819,13081,M7,13056,25,13081,0,0,0
Job_166,6,12636,14531,M7,13081,85,13166,-1365,0,1365
Job_171,0,12960,13770,M0,13085,29,13114,-656,0,656
Job_163,3,12405,14014,M5,13098,51,13149,-865,0,865
Job_164,6,12460,13774,M6,13104,46,13150,-624,0,624
Job_170,5,12860,14156,M9,13107,76,13183,-973,0,973
Job_154,9,11663,13146,M4,13113,33,13146,0,0,0
Job_160,2,12221,14080,M3,13119,76,13195,-885,0,885
Job_168,0,12643,14337,M1,13119,91,13210,-1127,0,1127
Job_167,5,12642,13811,M4,13146,69,13215,-596,0,596
Job_163,4,12405,14014,M2,13149,85,13234,-780,0,780
Job_153,8,11602,13283,M7,13166,72,13238,-45,0,45
Job_147,9,11196,13228,M5,13185,43,13228,0,0,0
Job_166,7,12636,14531,M3,13195,98,13293,-1238,0,1238
Job_165,1,12631,14326,M1,13210,2,13212,-1114,0,1114
Job_168,1,12643,14337,M0,13210,85,13295,-1042,0,1042
Job_171,1,12960,13770,M1,13212,78,13290,-480,0,480
Job_161,8,12253,13726,M4,13215,90,13305,-421,0,421
Job_167,6,12642,13811,M8,13215,21,13236,-575,0,575
Job_164,7,12460,13774,M5,13228,46,13274,-500,0,500
Job_163,5,12405,14014,M9,13234,11,13245,-769,0,769
Job_175,0,13191,14400,M2,13234,14,13248,-1152,0,1152
Job_162,8,12356,13498,M7,13238,36,13274,-224,0,224
Job_156,9,11751,13296,M6,13243,53,13296,0,0,0
Job_153,9,11602,13283,M8,13253,30,13283,0,0,0
Job_164,8,12460,13774,M7,13274,72,13346,-428,0,428
Job_165,2,12631,14326,M5,13274,52,13326,-1000,0,1000
Job_171,2,12960,13770,M2,13290,9,13299,-471,0,471
Job_173,0,13103,14547,M1,13290,91,13381,-1166,0,1166
Job_166,8,12636,14531,M9,13293,22,13315,-1216,0,1216
Job_175,1,13191,14400,M0,13295,6,13301,-1099,0,1099
Job_163,6,12405,14014,M6,13296,40,13336,-678,0,678
Job_171,3,12960,13770,M3,13299,36,13335,-435,0,435
Job_172,1,13042,14210,M2,13299,90,13389,-821,0,821
Job_170,6,12860,14156,M5,13326,47,13373,-783,0,783
Job_171,4,12960,13770,M4,13335,49,13384,-386,0,386
Job_159,9,12003,13471,M3,13339,79,13418,-53,0,53
Job_167,7,12642,13811,M7,13346,49,13395,-416,0,416
Job_160,3,12221,14080,M5,13373,51,13424,-656,0,656
Job_175,2,13191,14400,M1,13381,22,13403,-997,0,997
Job_172,2,13042,14210,M4,13389,75,13464,-746,0,746
Job_167,8,12642,13811,M9,13395,72,13467,-344,0,344
Job_169,7,12761,13920,M7,13395,56,13451,-469,0,469
Job_177,0,13297,14430,M1,13403,46,13449,-981,0,981
Job_162,9,12356,13498,M3,13418,79,13497,-1,0,1
Job_160,4,12221,14080,M2,13424,85,13509,-571,0,571
Job_171,5,12960,13770,M5,13424,11,13435,-335,0,335
Job_171,6,12960,13770,M6,13435,62,13497,-273,0,273
Job_175,3,13191,14400,M5,13435,61,13496,-904,0,904
Job_174,0,13154,14711,M1,13449,81,13530,-1181,0,1181
Job_163,7,12405,14014,M7,13451,89,13540,-474,0,474
Job_169,8,12761,13920,M8,13451,44,13495,-425,0,425
Job_177,1,13297,14430,M0,13466,37,13503,-927,0,927
Job_172,3,13042,14210,M9,13467,11,13478,-732,0,732
Job_168,2,12643,14337,M3,13497,39,13536,-801,0,801
Job_160,5,12221,14080,M9,13509,11,13520,-560,0,560
Job_173,1,13103,14547,M0,13518,85,13603,-944,0,944
Job_160,6,12221,14080,M6,13520,40,13560,-520,0,520
Job_168,3,12643,14337,M2,13536,74,13610,-727,0,727
Job_165,3,12631,14326,M3,13537,95,13632,-694,0,694
Job_163,8,12405,14014,M4,13540,26,13566,-448,0,448
Job_171,7,12960,13770,M7,13540,56,13596,-174,0,174
Job_160,7,12221,14080,M7,13596,89,13685,-395,0,395
Job_155,9,11714,13646,M5,13603,43,13646,0,0,0
Job_168,4,12643,14337,M8,13610,90,13700,-637,0,637
Job_178,0,13443,14358,M2,13610,31,13641,-717,0,717
Job_170,7,12860,14156,M3,13632,52,13684,-472,0,472
Job_174,1,13154,14711,M2,13641,95,13736,-975,0,975
Job_179,0,13661,15443,M0,13661,76,13737,-1706,0,1706
Job_173,2,13103,14547,M3,13684,39,13723,-824,0,824
Job_160,8,12221,14080,M4,13685,26,13711,-369,0,369
Job_161,9,12253,13726,M7,13685,45,13730,4,4,0
Job_180,0,13693,14983,M1,13693,85,13778,-1205,0,1205
Job_171,8,12960,13770,M8,13700,44,13744,-26,0,26
Job_168,5,12643,14337,M5,13701,10,13711,-626,0,626
Job_170,8,12860,14156,M4,13711,90,13801,-355,0,355
Job_172,4,13042,14210,M3,13723,69,13792,-418,0,418
Job_168,6,12643,14337,M7,13730,12,13742,-595,0,595
Job_173,3,13103,14547,M2,13736,74,13810,-737,0,737
Job_178,1,13443,14358,M0,13737,86,13823,-535,0,535
Job_164,9,12460,13774,M8,13744,30,13774,0,0,0
Job_171,9,12960,13770,M9,13749,21,13770,0,0,0
Job_167,9,12642,13811,M6,13758,53,13811,0,0,0
Job_165,4,12631,14326,M8,13774,48,13822,-504,0,504
Job_172,5,13042,14210,M1,13792,28,13820,-390,0,390
Job_175,4,13191,14400,M3,13792,26,13818,-582,0,582
Job_176,0,13259,15372,M2,13810,84,13894,-1478,0,1478
Job_168,7,12643,14337,M6,13811,89,13900,-437,0,437
Job_175,5,13191,14400,M4,13818,69,13887,-513,0,513
Job_177,2,13297,14430,M3,13818,61,13879,-551,0,551
Job_165,5,12631,14326,M9,13822,72,13894,-432,0,432
Job_173,4,13103,14547,M8,13822,90,13912,-635,0,635
Job_174,2,13154,14711,M0,13823,71,13894,-817,0,817
Job_178,2,13443,14358,M1,13823,46,13869,-489,0,489
Job_178,3,13443,14358,M5,13869,74,13943,-415,0,415
Job_179,1,13661,15443,M1,13869,69,13938,-1505,0,1505
Job_165,6,12631,14326,M0,13894,47,13941,-385,0,385
Job_177,3,13297,14430,M2,13894,13,13907,-523,0,523
Job_169,9,12761,13920,M9,13899,21,13920,0,0,0
Job_172,6,13042,14210,M6,13900,46,13946,-264,0,264
Job_181,0,13796,15584,M2,13907,31,13938,-1646,0,1646
Job_168,8,12643,14337,M9,13920,45,13965,-372,0,372
Job_163,9,12405,14014,M8,13932,74,14006,-8,0,8
Job_176,1,13259,15372,M1,13938,2,13940,-1432,0,1432
Job_179,2,13661,15443,M3,13938,76,14014,-1429,0,1429
Job_183,0,13900,15078,M0,13941,43,13984,-1094,0,1094
Job_173,5,13103,14547,M5,13943,10,13953,-594,0,594
Job_178,4,13443,14358,M4,13943,32,13975,-383,0,383
Job_165,7,12631,14326,M6,13946,65,14011,-315,0,315
Job_172,7,13042,14210,M5,13953,46,13999,-211,0,211
Job_173,6,13103,14547,M7,13953,12,13965,-582,0,582
Job_180,1,13693,14983,M0,13984,13,13997,-986,0,986
Job_183,1,13900,15078,M2,13984,90,14074,-1004,0,1004
Job_181,1,13796,15584,M0,13997,86,14083,-1501,0,1501
Job_172,8,13042,14210,M7,13999,72,14071,-139,0,139
Job_176,2,13259,15372,M5,13999,52,14051,-1321,0,1321
Job_160,9,12221,14080,M8,14006,74,14080,0,0,0
Job_165,8,12631,14326,M4,14011,6,14017,-309,0,309
Job_178,5,13443,14358,M6,14011,88,14099,-259,0,259
Job_176,3,13259,15372,M3,14051,95,14146,-1226,0,1226
Job_179,3,13661,15443,M5,14051,51,14102,-1341,0,1341
Job_183,2,13900,15078,M4,14074,75,14149,-929,0,929
Job_184,0,14071,15727,M2,14074,84,14158,-1569,0,1569
Job_185,0,14076,15975,M1,14076,81,14157,-1818,0,1818
Job_175,6,13191,14400,M8,14080,21,14101,-299,0,299
Job_182,0,13845,15634,M0,14083,76,14159,-1475,0,1475
Job_177,4,13297,14430,M6,14099,32,14131,-299,0,299
Job_178,6,13443,14358,M8,14101,19,14120,-238,0,238
Job_170,9,12860,14156,M7,14111,45,14156,0,0,0
Job_178,7,13443,14358,M9,14120,48,14168,-190,0,190
Job_173,7,13103,14547,M6,14131,89,14220,-327,0,327
Job_177,5,13297,14430,M5,14131,21,14152,-278,0,278
Job_174,3,13154,14711,M4,14149,99,14248,-463,0,463
Job_175,7,13191,14400,M7,14156,49,14205,-195,0,195
Job_187,0,14083,15645,M1,14157,91,14248,-1397,0,1397
Job_180,2,13693,14983,M2,14158,61,14219,-764,0,764
Job_172,9,13042,14210,M8,14180,30,14210,0,0,0
Job_183,3,13900,15078,M9,14198,11,14209,-869,0,869
Job_188,0,14201,16045,M0,14201,29,14230,-1815,0,1815
Job_178,8,13443,14358,M7,14205,36,14241,-117,0,117
Job_177,6,13297,14430,M9,14209,32,14241,-189,0,189
Job_183,4,13900,15078,M3,14209,69,14278,-800,0,800
Job_186,0,14082,15217,M2,14219,14,14233,-984,0,984
Job_180,3,13693,14983,M6,14220,7,14227,-756,0,756
Job_179,4,13661,15443,M2,14233,85,14318,-1125,0,1125
Job_186,1,14082,15217,M0,14233,6,14239,-978,0,978
Job_175,8,13191,14400,M9,14241,72,14313,-87,0,87
Job_177,7,13297,14430,M8,14241,89,14330,-100,0,100
Job_174,4,13154,14711,M6,14248,9,14257,-454,0,454
Job_187,1,14083,15645,M0,14248,85,14333,-1312,0,1312
Job_188,1,14201,16045,M1,14248,78,14326,-1719,0,1719
Job_178,9,13443,14358,M3,14279,79,14358,0,0,0
Job_165,9,12631,14326,M7,14301,25,14326,0,0,0
Job_168,9,12643,14337,M4,14304,33,14337,0,0,0
Job_173,8,13103,14547,M9,14326,45,14371,-176,0,176
Job_186,2,14082,15217,M1,14326,22,14348,-869,0,869
Job_174,5,13154,14711,M8,14330,52,14382,-329,0,329
Job_177,8,13297,14430,M7,14330,30,14360,-70,0,70
Job_175,9,13191,14400,M6,14347,53,14400,0,0,0
Job_183,5,13900,15078,M1,14348,28,14376,-702,0,702
Job_179,5,13661,15443,M9,14371,11,14382,-1061,0,1061
Job_188,2,14201,16045,M2,14374,9,14383,-1662,0,1662
Job_177,9,13297,14430,M4,14375,55,14430,0,0,0
Job_186,3,14082,15217,M5,14376,61,14437,-780,0,780
Job_189,0,14300,15888,M1,14376,85,14461,-1427,0,1427
Job_174,6,13154,14711,M7,14382,85,14467,-244,0,244
Job_180,4,13693,14983,M8,14382,64,14446,-537,0,537
Job_185,1,14076,15975,M2,14383,95,14478,-1497,0,1497
Job_188,3,14201,16045,M3,14384,36,14420,-1625,0,1625
Job_183,6,13900,15078,M6,14400,46,14446,-632,0,632
Job_187,2,14083,15645,M3,14420,39,14459,-1186,0,1186
Job_188,4,14201,16045,M4,14430,49,14479,-1566,0,1566
Job_176,4,13259,15372,M8,14446,48,14494,-878,0,878
Job_179,6,13661,15443,M6,14446,40,14486,-957,0,957
Job_180,5,13693,14983,M9,14446,76,14522,-461,0,461
Job_186,4,14082,15217,M3,14459,26,14485,-732,0,732
Job_182,1,13845,15634,M1,14461,69,14530,-1104,0,1104
Job_185,2,14076,15975,M0,14478,71,14549,-1426,0,1426
Job_187,3,14083,15645,M2,14478,74,14552,-1093,0,1093
Job_174,7,13154,14711,M3,14485,98,14583,-128,0,128
Job_179,7,13661,15443,M7,14486,89,14575,-868,0,868
Job_166,9,12636,14531,M5,14488,43,14531,0,0,0
Job_173,9,13103,14547,M4,14514,33,14547,0,0,0
Job_176,5,13259,15372,M9,14522,72,14594,-778,0,778
Job_181,2,13796,15584,M1,14530,46,14576,-1008,0,1008
Job_180,6,13693,14983,M5,14531,47,14578,-405,0,405
Job_186,5,14082,15217,M4,14547,69,14616,-601,0,601
Job_187,4,14083,15645,M8,14552,90,14642,-1003,0,1003
Job_184,1,14071,15727,M1,14576,2,14578,-1149,0,1149
Job_183,7,13900,15078,M5,14578,46,14624,-454,0,454
Job_189,1,14300,15888,M0,14578,13,14591,-1297,0,1297
Job_180,7,13693,14983,M3,14583,52,14635,-348,0,348
Job_189,2,14300,15888,M2,14591,61,14652,-1236,0,1236
Job_174,8,13154,14711,M9,14594,22,14616,-95,0,95
Job_176,6,13259,15372,M0,14594,47,14641,-731,0,731
Job_179,8,13661,15443,M4,14616,26,14642,-801,0,801
Job_183,8,13900,15078,M7,14624,72,14696,-382,0,382
Job_188,5,14201,16045,M5,14624,11,14635,-1410,0,1410
Job_182,2,13845,15634,M3,14635,76,14711,-923,0,923
Job_188,6,14201,16045,M6,14635,62,14697,-1348,0,1348
Job_180,8,13693,14983,M4,14642,90,14732,-251,0,251
Job_186,6,14082,15217,M8,14642,21,14663,-554,0,554
Job_187,5,14083,15645,M5,14642,10,14652,-993,0,993
Job_174,9,13154,14711,M5,14668,43,14711,0,0,0
Job_186,7,14082,15217,M7,14696,49,14745,-472,0,472
Job_176,7,13259,15372,M6,14697,65,14762,-610,0,610
Job_181,3,13796,15584,M5,14711,74,14785,-799,0,799
Job_185,3,14076,15975,M4,14732,99,14831,-1144,0,1144
Job_186,8,14082,15217,M9,14745,72,14817,-400,0,400
Job_187,6,14083,15645,M7,14745,12,14757,-888,0,888
Job_188,7,14201,16045,M7,14757,56,14813,-1232,0,1232
Job_187,7,14083,15645,M6,14762,89,14851,-794,0,794
Job_182,3,13845,15634,M5,14785,51,14836,-798,0,798
Job_188,8,14201,16045,M8,14813,44,14857,-1188,0,1188
Job_181,4,13796,15584,M4,14831,32,14863,-721,0,721
Job_182,4,13845,15634,M2,14836,85,14921,-713,0,713
Job_184,2,14071,15727,M5,14836,52,14888,-839,0,839
Job_187,8,14083,15645,M9,14851,45,14896,-749,0,749
Job_189,3,14300,15888,M6,14851,7,14858,-1030,0,1030
Job_185,4,14076,15975,M6,14858,9,14867,-1108,0,1108
Job_189,4,14300,15888,M8,14858,64,14922,-966,0,966
Job_176,8,13259,15372,M4,14863,6,14869,-503,0,503
Job_181,5,13796,15584,M6,14867,88,14955,-629,0,629
Job_184,3,14071,15727,M3,14888,95,14983,-744,0,744
Job_182,5,13845,15634,M9,14921,11,14932,-702,0,702
Job_185,5,14076,15975,M8,14922,52,14974,-1001,0,1001
Job_189,5,14300,15888,M9,14932,76,15008,-880,0,880
Job_180,9,13693,14983,M7,14938,45,14983,0,0,0
Job_182,6,13845,15634,M6,14955,40,14995,-639,0,639
Job_181,6,13796,15584,M8,14974,19,14993,-591,0,591
Job_185,6,14076,15975,M7,14983,85,15068,-907,0,907
Job_184,4,14071,15727,M8,14993,48,15041,-686,0,686
Job_181,7,13796,15584,M9,15008,48,15056,-528,0,528
Job_189,6,14300,15888,M5,15008,47,15055,-833,0,833
Job_183,9,13900,15078,M8,15048,30,15078,0,0,0
Job_189,7,14300,15888,M3,15055,52,15107,-781,0,781
Job_184,5,14071,15727,M9,15056,72,15128,-599,0,599
Job_182,7,13845,15634,M7,15068,89,15157,-477,0,477
Job_185,7,14076,15975,M3,15107,98,15205,-770,0,770
Job_189,8,14300,15888,M4,15107,90,15197,-691,0,691
Job_184,6,14071,15727,M0,15128,47,15175,-552,0,552
Job_181,8,13796,15584,M7,15157,36,15193,-391,0,391
Job_186,9,14082,15217,M6,15164,53,15217,0,0,0
Job_182,8,13845,15634,M4,15197,26,15223,-411,0,411
Job_185,8,14076,15975,M9,15205,22,15227,-748,0,748
Job_184,7,14071,15727,M6,15217,65,15282,-445,0,445
Job_184,8,14071,15727,M4,15282,6,15288,-439,0,439
Job_176,9,13259,15372,M7,15347,25,15372,0,0,0
Job_179,9,13661,15443,M8,15369,74,15443,0,0,0
Job_181,9,13796,15584,M3,15505,79,15584,0,0,0
Job_182,9,13845,15634,M8,15560,74,15634,0,0,0
Job_187,9,14083,15645,M4,15612,33,15645,0,0,0
Job_184,9,14071,15727,M7,15702,25,15727,0,0,0
Job_189,9,14300,15888,M7,15843,45,15888,0,0,0
Job_185,9,14076,15975,M5,15932,43,15975,0,0,0
Job_188,9,14201,16045,M9,16024,21,16045,0,0,0
