Job,Operation,Arrival,Deadline,Machine,Start,Processing Time,End,Lateness,Tardiness,Earliness
Job_158,3,11857,13096,M2,12979,13,12992,-104,0,104
Job_158,4,11857,13096,M6,12992,32,13024,-72,0,72
Job_169,2,12761,13920,M2,12992,9,13001,-919,0,919
Job_156,7,11751,13296,M7,12993,49,13042,-254,0,254
Job_161,7,12253,13726,M3,12997,52,13049,-677,0,677
Job_167,1,12642,13811,M0,12999,6,13005,-806,0,806
Job_157,7,11819,13081,M6,13024,65,13089,8,8,0
Job_158,5,11857,13096,M5,13024,21,13045,-51,0,51
Job_171,0,12960,13770,M0,13030,29,13059,-711,0,711
Job_146,8,11191,13071,M4,13034,6,13040,-31,0,31
Job_164,3,12460,13774,M9,13034,11,13045,-729,0,729
Job_158,6,11857,13096,M9,13045,32,13077,-19,0,19
Job_146,9,11191,13071,M7,13046,25,13071,0,0,0
Job_169,3,12761,13920,M3,13049,36,13085,-835,0,835
Job_154,9,11663,13146,M4,13056,33,13089,-57,0,57
Job_167,2,12642,13811,M1,13059,22,13081,-730,0,730
Job_170,1,12860,14156,M0,13059,13,13072,-1084,0,1084
Job_170,2,12860,14156,M2,13072,61,13133,-1023,0,1023
Job_172,0,13042,14210,M0,13072,43,13115,-1095,0,1095
Job_158,7,11857,13096,M8,13077,89,13166,70,70,0
Job_159,7,12003,13471,M9,13077,48,13125,-346,0,346
Job_163,1,12405,14014,M1,13081,69,13150,-864,0,864
Job_167,3,12642,13811,M5,13081,61,13142,-669,0,669
Job_164,4,12460,13774,M3,13085,69,13154,-620,0,620
Job_153,6,11602,13283,M6,13089,46,13135,-148,0,148
Job_157,8,11819,13081,M4,13089,6,13095,14,14,0
Job_155,3,11714,13646,M4,13095,99,13194,-452,0,452
Job_157,9,11819,13081,M7,13095,25,13120,39,39,0
Job_166,2,12636,14531,M0,13115,71,13186,-1345,0,1345
Job_156,8,11751,13296,M9,13125,72,13197,-99,0,99
Job_159,8,12003,13471,M7,13125,36,13161,-310,0,310
Job_165,0,12631,14326,M2,13133,84,13217,-1109,0,1109
Job_170,3,12860,14156,M6,13135,7,13142,-1014,0,1014
Job_153,7,11602,13283,M5,13142,46,13188,-95,0,95
Job_162,5,12356,13498,M6,13142,88,13230,-268,0,268
Job_171,1,12960,13770,M1,13150,78,13228,-542,0,542
Job_163,2,12405,14014,M3,13154,76,13230,-784,0,784
Job_158,8,11857,13096,M7,13166,30,13196,100,100,0
Job_170,4,12860,14156,M8,13166,64,13230,-926,0,926
Job_160,0,12221,14080,M0,13186,76,13262,-818,0,818
Job_147,9,11196,13228,M5,13188,43,13231,3,3,0
Job_153,8,11602,13283,M7,13196,72,13268,-15,0,15
Job_158,9,11857,13096,M4,13196,55,13251,155,155,0
Job_165,1,12631,14326,M1,13228,2,13230,-1096,0,1096
Job_155,4,11714,13646,M6,13230,9,13239,-407,0,407
Job_162,6,12356,13498,M8,13230,19,13249,-249,0,249
Job_164,5,12460,13774,M1,13230,28,13258,-516,0,516
Job_167,4,12642,13811,M3,13230,26,13256,-555,0,555
Job_163,3,12405,14014,M5,13231,51,13282,-732,0,732
Job_175,0,13191,14400,M2,13233,14,13247,-1153,0,1153
Job_156,9,11751,13296,M6,13243,53,13296,0,0,0
Job_171,2,12960,13770,M2,13247,9,13256,-514,0,514
Job_162,7,12356,13498,M9,13249,48,13297,-201,0,201
Job_169,4,12761,13920,M4,13251,49,13300,-620,0,620
Job_171,3,12960,13770,M3,13256,36,13292,-478,0,478
Job_168,0,12643,14337,M1,13258,91,13349,-988,0,988
Job_153,9,11602,13283,M8,13268,30,13298,15,15,0
Job_163,4,12405,14014,M2,13282,85,13367,-647,0,647
Job_165,2,12631,14326,M5,13282,52,13334,-992,0,992
Job_159,9,12003,13471,M3,13292,79,13371,-100,0,100
Job_175,1,13191,14400,M0,13295,6,13301,-1099,0,1099
Job_164,6,12460,13774,M6,13296,46,13342,-432,0,432
Job_162,8,12356,13498,M7,13297,36,13333,-165,0,165
Job_170,5,12860,14156,M9,13297,76,13373,-783,0,783
Job_155,5,11714,13646,M8,13298,52,13350,-296,0,296
Job_167,5,12642,13811,M4,13300,69,13369,-442,0,442
Job_169,5,12761,13920,M5,13334,11,13345,-575,0,575
Job_164,7,12460,13774,M5,13345,46,13391,-383,0,383
Job_169,6,12761,13920,M6,13345,62,13407,-513,0,513
Job_160,1,12221,14080,M1,13349,69,13418,-662,0,662
Job_168,1,12643,14337,M0,13349,85,13434,-903,0,903
Job_155,6,11714,13646,M7,13350,85,13435,-211,0,211
Job_172,1,13042,14210,M2,13367,90,13457,-753,0,753
Job_167,6,12642,13811,M8,13369,21,13390,-421,0,421
Job_171,4,12960,13770,M4,13369,49,13418,-352,0,352
Job_162,9,12356,13498,M3,13371,79,13450,-48,0,48
Job_163,5,12405,14014,M9,13373,11,13384,-630,0,630
Job_170,6,12860,14156,M5,13391,47,13438,-718,0,718
Job_163,6,12405,14014,M6,13407,40,13447,-567,0,567
Job_166,3,12636,14531,M4,13418,99,13517,-1014,0,1014
Job_175,2,13191,14400,M1,13418,22,13440,-960,0,960
Job_169,7,12761,13920,M7,13435,56,13491,-429,0,429
Job_171,5,12960,13770,M5,13438,11,13449,-321,0,321
Job_177,0,13297,14430,M1,13440,46,13486,-944,0,944
Job_171,6,12960,13770,M6,13449,62,13511,-259,0,259
Job_175,3,13191,14400,M5,13449,61,13510,-890,0,890
Job_168,2,12643,14337,M3,13450,39,13489,-848,0,848
Job_174,0,13154,14711,M1,13486,81,13567,-1144,0,1144
Job_177,1,13297,14430,M0,13486,37,13523,-907,0,907
Job_155,7,11714,13646,M3,13489,98,13587,-59,0,59
Job_167,7,12642,13811,M7,13491,49,13540,-271,0,271
Job_169,8,12761,13920,M8,13491,44,13535,-385,0,385
Job_178,0,13443,14358,M2,13505,31,13536,-822,0,822
Job_161,8,12253,13726,M4,13517,90,13607,-119,0,119
Job_166,4,12636,14531,M6,13517,9,13526,-1005,0,1005
Job_166,5,12636,14531,M8,13535,52,13587,-944,0,944
Job_168,3,12643,14337,M2,13536,74,13610,-727,0,727
Job_171,7,12960,13770,M7,13540,56,13596,-174,0,174
Job_173,0,13103,14547,M1,13567,91,13658,-889,0,889
Job_178,1,13443,14358,M0,13575,86,13661,-697,0,697
Job_155,8,11714,13646,M9,13587,22,13609,-37,0,37
Job_160,2,12221,14080,M3,13587,76,13663,-417,0,417
Job_164,8,12460,13774,M7,13596,72,13668,-106,0,106
Job_172,2,13042,14210,M4,13607,75,13682,-528,0,528
Job_155,9,11714,13646,M5,13609,43,13652,6,6,0
Job_167,8,12642,13811,M9,13609,72,13681,-130,0,130
Job_168,4,12643,14337,M8,13610,90,13700,-637,0,637
Job_174,1,13154,14711,M2,13619,95,13714,-997,0,997
Job_179,0,13661,15443,M0,13661,76,13737,-1706,0,1706
Job_160,3,12221,14080,M5,13663,51,13714,-366,0,366
Job_170,7,12860,14156,M3,13663,52,13715,-441,0,441
Job_161,9,12253,13726,M7,13681,45,13726,0,0,0
Job_172,3,13042,14210,M9,13682,11,13693,-517,0,517
Job_180,0,13693,14983,M1,13693,85,13778,-1205,0,1205
Job_171,8,12960,13770,M8,13700,44,13744,-26,0,26
Job_160,4,12221,14080,M2,13714,85,13799,-281,0,281
Job_168,5,12643,14337,M5,13714,10,13724,-613,0,613
Job_165,3,12631,14326,M3,13715,95,13810,-516,0,516
Job_170,8,12860,14156,M4,13715,90,13805,-351,0,351
Job_168,6,12643,14337,M7,13726,12,13738,-599,0,599
Job_173,1,13103,14547,M0,13737,85,13822,-725,0,725
Job_163,7,12405,14014,M7,13738,89,13827,-187,0,187
Job_164,9,12460,13774,M8,13744,30,13774,0,0,0
Job_171,9,12960,13770,M9,13749,21,13770,0,0,0
Job_167,9,12642,13811,M6,13757,53,13810,-1,0,1
Job_178,2,13443,14358,M1,13796,46,13842,-516,0,516
Job_160,5,12221,14080,M9,13799,11,13810,-270,0,270
Job_160,6,12221,14080,M6,13810,40,13850,-230,0,230
Job_165,4,12631,14326,M8,13810,48,13858,-468,0,468
Job_175,4,13191,14400,M3,13810,26,13836,-564,0,564
Job_176,0,13259,15372,M2,13810,84,13894,-1478,0,1478
Job_174,2,13154,14711,M0,13823,71,13894,-817,0,817
Job_163,8,12405,14014,M4,13827,26,13853,-161,0,161
Job_172,4,13042,14210,M3,13836,69,13905,-305,0,305
Job_179,1,13661,15443,M1,13842,69,13911,-1532,0,1532
Job_160,7,12221,14080,M7,13850,89,13939,-141,0,141
Job_168,7,12643,14337,M6,13850,89,13939,-398,0,398
Job_169,9,12761,13920,M9,13850,21,13871,-49,0,49
Job_175,5,13191,14400,M4,13853,69,13922,-478,0,478
Job_178,3,13443,14358,M5,13869,74,13943,-415,0,415
Job_165,5,12631,14326,M9,13871,72,13943,-383,0,383
Job_183,0,13900,15078,M0,13900,43,13943,-1135,0,1135
Job_173,2,13103,14547,M3,13905,39,13944,-603,0,603
Job_181,0,13796,15584,M2,13907,31,13938,-1646,0,1646
Job_172,5,13042,14210,M1,13911,28,13939,-271,0,271
Job_163,9,12405,14014,M8,13932,74,14006,-8,0,8
Job_166,6,12636,14531,M7,13939,85,14024,-507,0,507
Job_172,6,13042,14210,M6,13939,46,13985,-225,0,225
Job_176,1,13259,15372,M1,13939,2,13941,-1431,0,1431
Job_165,6,12631,14326,M0,13943,47,13990,-336,0,336
Job_168,8,12643,14337,M9,13943,45,13988,-349,0,349
Job_178,4,13443,14358,M4,13943,32,13975,-383,0,383
Job_183,1,13900,15078,M2,13943,90,14033,-1045,0,1045
Job_177,2,13297,14430,M3,13944,61,14005,-425,0,425
Job_160,8,12221,14080,M4,13975,26,14001,-79,0,79
Job_172,7,13042,14210,M5,13985,46,14031,-179,0,179
Job_178,5,13443,14358,M6,13985,88,14073,-285,0,285
Job_180,1,13693,14983,M0,13990,13,14003,-980,0,980
Job_181,1,13796,15584,M0,14003,86,14089,-1495,0,1495
Job_179,2,13661,15443,M3,14005,76,14081,-1362,0,1362
Job_160,9,12221,14080,M8,14006,74,14080,0,0,0
Job_172,8,13042,14210,M7,14031,72,14103,-107,0,107
Job_176,2,13259,15372,M5,14031,52,14083,-1289,0,1289
Job_177,3,13297,14430,M2,14033,13,14046,-384,0,384
Job_173,3,13103,14547,M2,14046,74,14120,-427,0,427
Job_183,2,13900,15078,M4,14064,75,14139,-939,0,939
Job_165,7,12631,14326,M6,14073,65,14138,-188,0,188
Job_185,0,14076,15975,M1,14076,81,14157,-1818,0,1818
Job_175,6,13191,14400,M8,14080,21,14101,-299,0,299
Job_166,7,12636,14531,M3,14081,98,14179,-352,0,352
Job_179,3,13661,15443,M5,14083,51,14134,-1309,0,1309
Job_182,0,13845,15634,M0,14089,76,14165,-1469,0,1469
Job_178,6,13443,14358,M8,14101,19,14120,-238,0,238
Job_170,9,12860,14156,M7,14111,45,14156,0,0,0
Job_173,4,13103,14547,M8,14120,90,14210,-337,0,337
Job_178,7,13443,14358,M9,14120,48,14168,-190,0,190
Job_180,2,13693,14983,M2,14130,61,14191,-792,0,792
Job_177,4,13297,14430,M6,14138,32,14170,-260,0,260
Job_165,8,12631,14326,M4,14139,6,14145,-181,0,181
Job_174,3,13154,14711,M4,14145,99,14244,-467,0,467
Job_175,7,13191,14400,M7,14156,49,14205,-195,0,195
Job_187,0,14083,15645,M1,14157,91,14248,-1397,0,1397
Job_183,3,13900,15078,M9,14168,11,14179,-899,0,899
Job_177,5,13297,14430,M5,14170,21,14191,-239,0,239
Job_166,8,12636,14531,M9,14179,22,14201,-330,0,330
Job_183,4,13900,15078,M3,14179,69,14248,-830,0,830
Job_186,0,14082,15217,M2,14191,14,14205,-1012,0,1012
Job_188,0,14201,16045,M0,14201,29,14230,-1815,0,1815
Job_178,8,13443,14358,M7,14205,36,14241,-117,0,117
Job_184,0,14071,15727,M2,14205,84,14289,-1438,0,1438
Job_177,6,13297,14430,M9,14209,32,14241,-189,0,189
Job_172,9,13042,14210,M8,14210,30,14240,30,30,0
Job_173,5,13103,14547,M5,14210,10,14220,-327,0,327
Job_180,3,13693,14983,M6,14220,7,14227,-756,0,756
Job_186,1,14082,15217,M0,14233,6,14239,-978,0,978
Job_173,6,13103,14547,M7,14241,12,14253,-294,0,294
Job_175,8,13191,14400,M9,14241,72,14313,-87,0,87
Job_177,7,13297,14430,M8,14241,89,14330,-100,0,100
Job_174,4,13154,14711,M6,14244,9,14253,-458,0,458
Job_178,9,13443,14358,M3,14248,79,14327,-31,0,31
Job_187,1,14083,15645,M0,14248,85,14333,-1312,0,1312
Job_188,1,14201,16045,M1,14248,78,14326,-1719,0,1719
Job_173,7,13103,14547,M6,14253,89,14342,-205,0,205
Job_179,4,13661,15443,M2,14289,85,14374,-1069,0,1069
Job_165,9,12631,14326,M7,14301,25,14326,0,0,0
Job_168,9,12643,14337,M4,14304,33,14337,0,0,0
Job_186,2,14082,15217,M1,14326,22,14348,-869,0,869
Job_176,3,13259,15372,M3,14327,95,14422,-950,0,950
Job_174,5,13154,14711,M8,14330,52,14382,-329,0,329
Job_177,8,13297,14430,M7,14330,30,14360,-70,0,70
Job_173,8,13103,14547,M9,14342,45,14387,-160,0,160
Job_175,9,13191,14400,M6,14347,53,14400,0,0,0
Job_183,5,13900,15078,M1,14348,28,14376,-702,0,702
Job_188,2,14201,16045,M2,14374,9,14383,-1662,0,1662
Job_177,9,13297,14430,M4,14375,55,14430,0,0,0
Job_186,3,14082,15217,M5,14376,61,14437,-780,0,780
Job_189,0,14300,15888,M1,14376,85,14461,-1427,0,1427
Job_174,6,13154,14711,M7,14382,85,14467,-244,0,244
Job_180,4,13693,14983,M8,14382,64,14446,-537,0,537
Job_185,1,14076,15975,M2,14383,95,14478,-1497,0,1497
Job_179,5,13661,15443,M9,14387,11,14398,-1045,0,1045
Job_183,6,13900,15078,M6,14400,46,14446,-632,0,632
Job_190,0,14400,15597,M0,14400,29,14429,-1168,0,1168
Job_188,3,14201,16045,M3,14422,36,14458,-1587,0,1587
Job_176,4,13259,15372,M8,14446,48,14494,-878,0,878
Job_179,6,13661,15443,M6,14446,40,14486,-957,0,957
Job_180,5,13693,14983,M9,14446,76,14522,-461,0,461
Job_187,2,14083,15645,M3,14458,39,14497,-1148,0,1148
Job_188,4,14201,16045,M4,14458,49,14507,-1538,0,1538
Job_182,1,13845,15634,M1,14461,69,14530,-1104,0,1104
Job_185,2,14076,15975,M0,14478,71,14549,-1426,0,1426
Job_179,7,13661,15443,M7,14486,89,14575,-868,0,868
Job_166,9,12636,14531,M5,14488,43,14531,0,0,0
Job_186,4,14082,15217,M3,14497,26,14523,-694,0,694
Job_187,3,14083,15645,M2,14497,74,14571,-1074,0,1074
Job_173,9,13103,14547,M4,14514,33,14547,0,0,0
Job_176,5,13259,15372,M9,14522,72,14594,-778,0,778
Job_174,7,13154,14711,M3,14523,98,14621,-90,0,90
Job_181,2,13796,15584,M1,14530,46,14576,-1008,0,1008
Job_180,6,13693,14983,M5,14531,47,14578,-405,0,405
Job_186,5,14082,15217,M4,14547,69,14616,-601,0,601
Job_187,4,14083,15645,M8,14571,90,14661,-984,0,984
Job_184,1,14071,15727,M1,14576,2,14578,-1149,0,1149
Job_183,7,13900,15078,M5,14578,46,14624,-454,0,454
Job_189,1,14300,15888,M0,14578,13,14591,-1297,0,1297
Job_192,0,14543,16005,M1,14578,91,14669,-1336,0,1336
Job_189,2,14300,15888,M2,14591,61,14652,-1236,0,1236
Job_176,6,13259,15372,M0,14594,47,14641,-731,0,731
Job_179,8,13661,15443,M4,14616,26,14642,-801,0,801
Job_174,8,13154,14711,M9,14621,22,14643,-68,0,68
Job_180,7,13693,14983,M3,14621,52,14673,-310,0,310
Job_183,8,13900,15078,M7,14624,72,14696,-382,0,382
Job_188,5,14201,16045,M5,14624,11,14635,-1410,0,1410
Job_188,6,14201,16045,M6,14635,62,14697,-1348,0,1348
Job_191,0,14482,16016,M0,14641,43,14684,-1332,0,1332
Job_185,3,14076,15975,M4,14642,99,14741,-1234,0,1234
Job_194,0,14631,15780,M2,14652,14,14666,-1114,0,1114
Job_174,9,13154,14711,M5,14658,43,14701,-10,0,10
Job_186,6,14082,15217,M8,14661,21,14682,-535,0,535
Job_190,1,14400,15597,M1,14669,78,14747,-850,0,850
Job_182,2,13845,15634,M3,14673,76,14749,-885,0,885
Job_192,1,14543,16005,M0,14684,85,14769,-1236,0,1236
Job_186,7,14082,15217,M7,14696,49,14745,-472,0,472
Job_176,7,13259,15372,M6,14697,65,14762,-610,0,610
Job_195,0,14699,16613,M2,14699,84,14783,-1830,0,1830
Job_187,5,14083,15645,M5,14701,10,14711,-934,0,934
Job_181,3,13796,15584,M5,14711,74,14785,-799,0,799
Job_180,8,13693,14983,M4,14741,90,14831,-152,0,152
Job_186,8,14082,15217,M9,14745,72,14817,-400,0,400
Job_187,6,14083,15645,M7,14745,12,14757,-888,0,888
Job_196,0,14737,15738,M1,14747,46,14793,-945,0,945
Job_188,7,14201,16045,M7,14757,56,14813,-1232,0,1232
Job_187,7,14083,15645,M6,14762,89,14851,-794,0,794
Job_192,2,14543,16005,M3,14769,39,14808,-1197,0,1197
Job_194,1,14631,15780,M0,14769,6,14775,-1005,0,1005
Job_190,2,14400,15597,M2,14783,9,14792,-805,0,805
Job_182,3,13845,15634,M5,14785,51,14836,-798,0,798
Job_194,2,14631,15780,M1,14793,22,14815,-965,0,965
Job_196,1,14737,15738,M0,14793,37,14830,-908,0,908
Job_190,3,14400,15597,M3,14808,36,14844,-753,0,753
Job_188,8,14201,16045,M8,14813,44,14857,-1188,0,1188
Job_195,1,14699,16613,M1,14815,2,14817,-1796,0,1796
Job_193,0,14594,16529,M1,14817,81,14898,-1631,0,1631
Job_181,4,13796,15584,M4,14831,32,14863,-721,0,721
Job_182,4,13845,15634,M2,14836,85,14921,-713,0,713
Job_184,2,14071,15727,M5,14836,52,14888,-839,0,839
Job_187,8,14083,15645,M9,14851,45,14896,-749,0,749
Job_189,3,14300,15888,M6,14851,7,14858,-1030,0,1030
Job_185,4,14076,15975,M6,14858,9,14867,-1108,0,1108
Job_189,4,14300,15888,M8,14858,64,14922,-966,0,966
Job_176,8,13259,15372,M4,14863,6,14869,-503,0,503
Job_181,5,13796,15584,M6,14867,88,14955,-629,0,629
Job_190,4,14400,15597,M4,14869,49,14918,-679,0,679
Job_184,3,14071,15727,M3,14888,95,14983,-744,0,744
Job_194,3,14631,15780,M5,14888,61,14949,-831,0,831
Job_182,5,13845,15634,M9,14921,11,14932,-702,0,702
Job_191,1,14482,16016,M2,14921,90,15011,-1005,0,1005
Job_185,5,14076,15975,M8,14922,52,14974,-1001,0,1001
Job_189,5,14300,15888,M9,14932,76,15008,-880,0,880
Job_180,9,13693,14983,M7,14938,45,14983,0,0,0
Job_190,5,14400,15597,M5,14949,11,14960,-637,0,637
Job_182,6,13845,15634,M6,14955,40,14995,-639,0,639
Job_181,6,13796,15584,M8,14974,19,14993,-591,0,591
Job_185,6,14076,15975,M7,14983,85,15068,-907,0,907
Job_196,2,14737,15738,M3,14983,61,15044,-694,0,694
Job_184,4,14071,15727,M8,14993,48,15041,-686,0,686
Job_190,6,14400,15597,M6,14995,62,15057,-540,0,540
Job_181,7,13796,15584,M9,15008,48,15056,-528,0,528
Job_189,6,14300,15888,M5,15008,47,15055,-833,0,833
Job_191,2,14482,16016,M4,15011,75,15086,-930,0,930
Job_193,1,14594,16529,M2,15011,95,15106,-1423,0,1423
Job_183,9,13900,15078,M8,15048,30,15078,0,0,0
Job_189,7,14300,15888,M3,15055,52,15107,-781,0,781
Job_195,2,14699,16613,M5,15055,52,15107,-1506,0,1506
Job_184,5,14071,15727,M9,15056,72,15128,-599,0,599
Job_182,7,13845,15634,M7,15068,89,15157,-477,0,477
Job_196,3,14737,15738,M2,15106,13,15119,-619,0,619
Job_185,7,14076,15975,M3,15107,98,15205,-770,0,770
Job_189,8,14300,15888,M4,15107,90,15197,-691,0,691
Job_192,3,14543,16005,M2,15119,74,15193,-812,0,812
Job_196,4,14737,15738,M6,15119,32,15151,-587,0,587
Job_184,6,14071,15727,M0,15128,47,15175,-552,0,552
Job_191,3,14482,16016,M9,15128,11,15139,-877,0,877
Job_199,0,15133,16477,M1,15133,85,15218,-1259,0,1259
Job_196,5,14737,15738,M5,15151,21,15172,-566,0,566
Job_181,8,13796,15584,M7,15157,36,15193,-391,0,391
Job_186,9,14082,15217,M6,15164,53,15217,0,0,0
Job_196,6,14737,15738,M9,15172,32,15204,-534,0,534
Job_190,7,14400,15597,M7,15193,56,15249,-348,0,348
Job_197,0,14883,16825,M2,15193,31,15224,-1601,0,1601
Job_182,8,13845,15634,M4,15197,26,15223,-411,0,411
Job_196,7,14737,15738,M8,15204,89,15293,-445,0,445
Job_185,8,14076,15975,M9,15205,22,15227,-748,0,748
Job_194,4,14631,15780,M3,15205,26,15231,-549,0,549
Job_184,7,14071,15727,M6,15217,65,15282,-445,0,445
Job_199,1,15133,16477,M0,15218,13,15231,-1246,0,1246
Job_191,4,14482,16016,M3,15231,69,15300,-716,0,716
Job_198,0,15101,16739,M0,15231,76,15307,-1432,0,1432
Job_200,0,15236,16980,M2,15236,31,15267,-1713,0,1713
Job_199,2,15133,16477,M2,15267,61,15328,-1149,0,1149
Job_184,8,14071,15727,M4,15282,6,15288,-439,0,439
Job_194,5,14631,15780,M4,15288,69,15357,-423,0,423
Job_190,8,14400,15597,M8,15293,44,15337,-260,0,260
Job_196,8,14737,15738,M7,15293,30,15323,-415,0,415
Job_191,5,14482,16016,M1,15300,28,15328,-688,0,688
Job_195,3,14699,16613,M3,15300,95,15395,-1218,0,1218
Job_197,1,14883,16825,M0,15307,86,15393,-1432,0,1432
Job_198,1,15101,16739,M1,15328,69,15397,-1342,0,1342
Job_199,3,15133,16477,M6,15328,7,15335,-1142,0,1142
Job_191,6,14482,16016,M6,15335,46,15381,-635,0,635
Job_176,9,13259,15372,M7,15347,25,15372,0,0,0
Job_179,9,13661,15443,M8,15369,74,15443,0,0,0
Job_191,7,14482,16016,M5,15381,46,15427,-589,0,589
Job_193,2,14594,16529,M0,15393,71,15464,-1065,0,1065
Job_197,2,14883,16825,M1,15397,46,15443,-1382,0,1382
Job_198,2,15101,16739,M3,15397,76,15473,-1266,0,1266
Job_191,8,14482,16016,M7,15427,72,15499,-517,0,517
Job_194,6,14631,15780,M8,15443,21,15464,-316,0,316
Job_197,3,14883,16825,M5,15443,74,15517,-1308,0,1308
Job_192,4,14543,16005,M8,15464,90,15554,-451,0,451
Job_193,3,14594,16529,M4,15464,99,15563,-966,0,966
Job_202,0,15340,16919,M0,15464,43,15507,-1412,0,1412
Job_194,7,14631,15780,M7,15499,49,15548,-232,0,232
Job_181,9,13796,15584,M3,15505,79,15584,0,0,0
Job_201,0,15285,17077,M0,15507,76,15583,-1494,0,1494
Job_204,0,15516,17377,M1,15516,81,15597,-1780,0,1780
Job_205,0,15522,16813,M2,15522,14,15536,-1277,0,1277
Job_203,0,15511,17108,M2,15536,84,15620,-1488,0,1488
Job_192,5,14543,16005,M5,15554,10,15564,-441,0,441
Job_182,9,13845,15634,M8,15560,74,15634,0,0,0
Job_193,4,14594,16529,M6,15563,9,15572,-957,0,957
Job_197,4,14883,16825,M4,15563,32,15595,-1230,0,1230
Job_192,6,14543,16005,M7,15564,12,15576,-429,0,429
Job_198,3,15101,16739,M5,15564,51,15615,-1124,0,1124
Job_190,9,14400,15597,M9,15576,21,15597,0,0,0
Job_192,7,14543,16005,M6,15576,89,15665,-340,0,340
Job_205,1,15522,16813,M0,15593,6,15599,-1214,0,1214
Job_194,8,14631,15780,M9,15597,72,15669,-111,0,111
Job_187,9,14083,15645,M4,15612,33,15645,0,0,0
Job_203,1,15511,17108,M1,15620,2,15622,-1486,0,1486
Job_204,1,15516,17377,M2,15620,95,15715,-1662,0,1662
Job_203,2,15511,17108,M5,15622,52,15674,-1434,0,1434
Job_205,2,15522,16813,M1,15622,22,15644,-1169,0,1169
Job_199,4,15133,16477,M8,15634,64,15698,-779,0,779
Job_207,0,15641,17015,M0,15641,29,15670,-1345,0,1345
Job_207,1,15641,17015,M1,15670,78,15748,-1267,0,1267
Job_205,3,15522,16813,M5,15674,61,15735,-1078,0,1078
Job_196,9,14737,15738,M4,15683,55,15738,0,0,0
Job_195,4,14699,16613,M8,15698,48,15746,-867,0,867
Job_199,5,15133,16477,M9,15698,76,15774,-703,0,703
Job_184,9,14071,15727,M7,15702,25,15727,0,0,0
Job_204,2,15516,17377,M0,15715,71,15786,-1591,0,1591
Job_194,9,14631,15780,M6,15727,53,15780,0,0,0
Job_193,5,14594,16529,M8,15746,52,15798,-731,0,731
Job_207,2,15641,17015,M2,15748,9,15757,-1258,0,1258
Job_208,0,15740,17249,M1,15748,85,15833,-1416,0,1416
Job_198,4,15101,16739,M2,15757,85,15842,-897,0,897
Job_207,3,15641,17015,M3,15757,36,15793,-1222,0,1222
Job_192,8,14543,16005,M9,15774,45,15819,-186,0,186
Job_199,6,15133,16477,M5,15774,47,15821,-656,0,656
Job_197,5,14883,16825,M6,15780,88,15868,-957,0,957
Job_205,4,15522,16813,M3,15793,26,15819,-994,0,994
Job_207,4,15641,17015,M4,15793,49,15842,-1173,0,1173
Job_195,5,14699,16613,M9,15819,72,15891,-722,0,722
Job_203,3,15511,17108,M3,15819,95,15914,-1194,0,1194
Job_206,0,15523,17371,M1,15833,91,15924,-1447,0,1447
Job_208,1,15740,17249,M0,15833,13,15846,-1403,0,1403
Job_202,1,15340,16919,M2,15842,90,15932,-987,0,987
Job_205,5,15522,16813,M4,15842,69,15911,-902,0,902
Job_207,5,15641,17015,M5,15842,11,15853,-1162,0,1162
Job_189,9,14300,15888,M7,15843,45,15888,0,0,0
Job_209,0,15840,16932,M0,15846,29,15875,-1057,0,1057
Job_197,6,14883,16825,M8,15868,19,15887,-938,0,938
Job_207,6,15641,17015,M6,15868,62,15930,-1085,0,1085
Job_195,6,14699,16613,M0,15891,47,15938,-675,0,675
Job_197,7,14883,16825,M9,15891,48,15939,-886,0,886
Job_205,6,15522,16813,M8,15911,21,15932,-881,0,881
Job_199,7,15133,16477,M3,15914,52,15966,-511,0,511
Job_201,1,15285,17077,M1,15924,69,15993,-1084,0,1084
Job_207,7,15641,17015,M7,15930,56,15986,-1029,0,1029
Job_185,9,14076,15975,M5,15932,43,15975,0,0,0
Job_203,4,15511,17108,M8,15932,48,15980,-1128,0,1128
Job_208,2,15740,17249,M2,15932,61,15993,-1256,0,1256
Job_195,7,14699,16613,M6,15938,65,16003,-610,0,610
Job_200,1,15236,16980,M0,15938,86,16024,-956,0,956
Job_198,5,15101,16739,M9,15939,11,15950,-789,0,789
Job_192,9,14543,16005,M4,15972,33,16005,0,0,0
Job_191,9,14482,16016,M8,15986,30,16016,0,0,0
Job_193,6,14594,16529,M7,15986,85,16071,-458,0,458
Job_201,2,15285,17077,M3,15993,76,16069,-1008,0,1008
Job_208,3,15740,17249,M6,16003,7,16010,-1239,0,1239
Job_199,8,15133,16477,M4,16005,90,16095,-382,0,382
Job_198,6,15101,16739,M6,16010,40,16050,-689,0,689
Job_207,8,15641,17015,M8,16016,44,16060,-955,0,955
Job_188,9,14201,16045,M9,16024,21,16045,0,0,0
Job_200,2,15236,16980,M1,16024,46,16070,-910,0,910
Job_206,1,15523,17371,M0,16024,85,16109,-1262,0,1262
Job_203,5,15511,17108,M9,16045,72,16117,-991,0,991
Job_208,4,15740,17249,M8,16060,64,16124,-1125,0,1125
Job_201,3,15285,17077,M5,16069,51,16120,-957,0,957
Job_211,0,15983,17362,M1,16070,91,16161,-1201,0,1201
Job_193,7,14594,16529,M3,16071,98,16169,-360,0,360
Job_198,7,15101,16739,M7,16071,89,16160,-579,0,579
Job_213,0,16071,17280,M2,16071,14,16085,-1195,0,1195
Job_202,2,15340,16919,M4,16095,75,16170,-749,0,749
Job_213,1,16071,17280,M0,16109,6,16115,-1165,0,1165
Job_203,6,15511,17108,M0,16117,47,16164,-944,0,944
Job_200,3,15236,16980,M5,16120,74,16194,-786,0,786
Job_201,4,15285,17077,M2,16120,85,16205,-872,0,872
Job_208,5,15740,17249,M9,16124,76,16200,-1049,0,1049
Job_197,8,14883,16825,M7,16160,36,16196,-629,0,629
Job_209,1,15840,16932,M1,16161,78,16239,-693,0,693
Job_203,7,15511,17108,M6,16164,65,16229,-879,0,879
Job_211,1,15983,17362,M0,16164,85,16249,-1113,0,1113
Job_206,2,15523,17371,M3,16169,39,16208,-1163,0,1163
Job_195,8,14699,16613,M4,16170,6,16176,-437,0,437
Job_204,3,15516,17377,M4,16176,99,16275,-1102,0,1102
Job_205,7,15522,16813,M7,16196,49,16245,-568,0,568
Job_208,6,15740,17249,M5,16200,47,16247,-1002,0,1002
Job_201,5,15285,17077,M9,16205,11,16216,-861,0,861
Job_206,3,15523,17371,M2,16208,74,16282,-1089,0,1089
Job_193,8,14594,16529,M9,16216,22,16238,-291,0,291
Job_201,6,15285,17077,M6,16229,40,16269,-808,0,808
Job_202,3,15340,16919,M9,16238,11,16249,-670,0,670
Job_213,2,16071,17280,M1,16239,22,16261,-1019,0,1019
Job_208,7,15740,17249,M3,16247,52,16299,-950,0,950
Job_205,8,15522,16813,M9,16249,72,16321,-492,0,492
Job_210,0,15922,17088,M0,16249,43,16292,-796,0,796
Job_213,3,16071,17280,M5,16261,61,16322,-958,0,958
Job_215,0,16177,17341,M1,16261,46,16307,-1034,0,1034
Job_201,7,15285,17077,M7,16269,89,16358,-719,0,719
Job_198,8,15101,16739,M4,16275,26,16301,-438,0,438
Job_204,4,15516,17377,M6,16275,9,16284,-1093,0,1093
Job_209,2,15840,16932,M2,16282,9,16291,-641,0,641
Job_204,5,15516,17377,M8,16284,52,16336,-1041,0,1041
Job_202,4,15340,16919,M3,16299,69,16368,-551,0,551
Job_200,4,15236,16980,M4,16301,32,16333,-647,0,647
Job_215,1,16177,17341,M0,16307,37,16344,-997,0,997
Job_216,0,16323,17913,M2,16323,31,16354,-1559,0,1559
Job_200,5,15236,16980,M6,16333,88,16421,-559,0,559
Job_203,8,15511,17108,M4,16333,6,16339,-769,0,769
Job_210,1,15922,17088,M2,16354,90,16444,-644,0,644
Job_216,1,16323,17913,M0,16354,86,16440,-1473,0,1473
Job_201,8,15285,17077,M4,16358,26,16384,-693,0,693
Job_202,5,15340,16919,M1,16368,28,16396,-523,0,523
Job_211,2,15983,17362,M3,16368,39,16407,-955,0,955
Job_208,8,15740,17249,M4,16384,90,16474,-775,0,775
Job_212,0,16034,18093,M1,16396,81,16477,-1616,0,1616
Job_209,3,15840,16932,M3,16407,36,16443,-489,0,489
Job_200,6,15236,16980,M8,16421,19,16440,-540,0,540
Job_202,6,15340,16919,M6,16421,46,16467,-452,0,452
Job_199,9,15133,16477,M7,16432,45,16477,0,0,0
Job_200,7,15236,16980,M9,16440,48,16488,-492,0,492
Job_206,4,15523,17371,M8,16440,90,16530,-841,0,841
Job_215,2,16177,17341,M3,16443,61,16504,-837,0,837
Job_211,3,15983,17362,M2,16444,74,16518,-844,0,844
Job_209,4,15840,16932,M4,16474,49,16523,-409,0,409
Job_204,6,15516,17377,M7,16477,85,16562,-815,0,815
Job_216,2,16323,17913,M1,16477,46,16523,-1390,0,1390
Job_193,9,14594,16529,M5,16486,43,16529,0,0,0
Job_213,4,16071,17280,M3,16504,26,16530,-750,0,750
Job_215,3,16177,17341,M2,16518,13,16531,-810,0,810
Job_210,2,15922,17088,M4,16523,75,16598,-490,0,490
Job_209,5,15840,16932,M5,16529,11,16540,-392,0,392
Job_211,4,15983,17362,M8,16530,90,16620,-742,0,742
Job_214,0,16139,17497,M2,16531,84,16615,-882,0,882
Job_215,4,16177,17341,M6,16531,32,16563,-778,0,778
Job_202,7,15340,16919,M5,16540,46,16586,-333,0,333
Job_217,0,16541,18687,M0,16541,76,16617,-2070,0,2070
Job_204,7,15516,17377,M3,16562,98,16660,-717,0,717
Job_209,6,15840,16932,M6,16563,62,16625,-307,0,307
Job_218,0,16573,18387,M1,16573,85,16658,-1729,0,1729
Job_206,5,15523,17371,M5,16586,10,16596,-775,0,775
Job_195,9,14699,16613,M7,16588,25,16613,0,0,0
Job_215,5,16177,17341,M5,16596,21,16617,-724,0,724
Job_210,3,15922,17088,M9,16598,11,16609,-479,0,479
Job_213,5,16071,17280,M4,16598,69,16667,-613,0,613
Job_206,6,15523,17371,M7,16613,12,16625,-746,0,746
Job_215,6,16177,17341,M9,16617,32,16649,-692,0,692
Job_216,3,16323,17913,M5,16617,74,16691,-1222,0,1222
Job_202,8,15340,16919,M7,16625,72,16697,-222,0,222
Job_206,7,15523,17371,M6,16625,89,16714,-657,0,657
Job_217,1,16541,18687,M1,16658,69,16727,-1960,0,1960
Job_218,1,16573,18387,M0,16658,13,16671,-1716,0,1716
Job_204,8,15516,17377,M9,16660,22,16682,-695,0,695
Job_210,4,15922,17088,M3,16660,69,16729,-359,0,359
Job_198,9,15101,16739,M8,16665,74,16739,0,0,0
Job_219,0,16676,18339,M2,16676,31,16707,-1632,0,1632
Job_211,5,15983,17362,M5,16691,10,16701,-661,0,661
Job_216,4,16323,17913,M4,16691,32,16723,-1190,0,1190
Job_200,8,15236,16980,M7,16697,36,16733,-247,0,247
Job_212,1,16034,18093,M2,16707,95,16802,-1291,0,1291
Job_219,1,16676,18339,M0,16707,86,16793,-1546,0,1546
Job_206,8,15523,17371,M9,16714,45,16759,-612,0,612
Job_214,1,16139,17497,M1,16727,2,16729,-768,0,768
Job_210,5,15922,17088,M1,16729,28,16757,-331,0,331
Job_214,2,16139,17497,M5,16729,52,16781,-716,0,716
Job_209,7,15840,16932,M7,16733,56,16789,-143,0,143
Job_215,7,16177,17341,M8,16739,89,16828,-513,0,513
Job_197,9,14883,16825,M3,16746,79,16825,0,0,0
Job_205,9,15522,16813,M6,16760,53,16813,0,0,0
Job_211,6,15983,17362,M7,16789,12,16801,-561,0,561
Job_219,2,16676,18339,M1,16793,46,16839,-1500,0,1500
Job_221,0,16780,18240,M0,16793,43,16836,-1404,0,1404
Job_218,2,16573,18387,M2,16802,61,16863,-1524,0,1524
Job_210,6,15922,17088,M6,16813,46,16859,-229,0,229
Job_217,2,16541,18687,M3,16825,76,16901,-1786,0,1786
Job_209,8,15840,16932,M8,16828,44,16872,-60,0,60
Job_215,8,16177,17341,M7,16828,30,16858,-483,0,483
Job_220,0,16725,18287,M0,16836,76,16912,-1375,0,1375
Job_219,3,16676,18339,M5,16839,74,16913,-1426,0,1426
Job_211,7,15983,17362,M6,16859,89,16948,-414,0,414
Job_221,1,16780,18240,M2,16863,90,16953,-1287,0,1287
Job_202,9,15340,16919,M8,16889,30,16919,0,0,0
Job_200,9,15236,16980,M3,16901,79,16980,0,0,0
Job_209,9,15840,16932,M9,16911,21,16932,0,0,0
Job_212,2,16034,18093,M0,16912,71,16983,-1110,0,1110
Job_220,1,16725,18287,M1,16912,69,16981,-1306,0,1306
Job_210,7,15922,17088,M5,16913,46,16959,-129,0,129
Job_219,4,16676,18339,M4,16913,32,16945,-1394,0,1394
Job_213,6,16071,17280,M8,16919,21,16940,-340,0,340
Job_211,8,15983,17362,M9,16948,45,16993,-369,0,369
Job_219,5,16676,18339,M6,16948,88,17036,-1303,0,1303
Job_221,2,16780,18240,M4,16953,75,17028,-1212,0,1212
Job_222,0,16951,18817,M2,16953,84,17037,-1780,0,1780
Job_210,8,15922,17088,M7,16959,72,17031,-57,0,57
Job_217,3,16541,18687,M5,16959,51,17010,-1677,0,1677
Job_214,3,16139,17497,M3,16980,95,17075,-422,0,422
Job_223,0,16956,19335,M1,16981,81,17062,-2273,0,2273
Job_201,9,15285,17077,M8,16984,74,17058,-19,0,19
Job_207,9,15641,17015,M9,16994,21,17015,0,0,0
Job_212,3,16034,18093,M4,17028,99,17127,-966,0,966
Job_221,3,16780,18240,M9,17028,11,17039,-1201,0,1201
Job_213,7,16071,17280,M7,17031,49,17080,-200,0,200
Job_218,3,16573,18387,M6,17036,7,17043,-1344,0,1344
Job_224,0,16962,18401,M2,17037,14,17051,-1350,0,1350
Job_216,5,16323,17913,M6,17043,88,17131,-782,0,782
Job_217,4,16541,18687,M2,17051,85,17136,-1551,0,1551
Job_224,1,16962,18401,M0,17051,6,17057,-1344,0,1344
Job_210,9,15922,17088,M8,17058,30,17088,0,0,0
Job_224,2,16962,18401,M1,17062,22,17084,-1317,0,1317
Job_221,4,16780,18240,M3,17075,69,17144,-1096,0,1096
Job_213,8,16071,17280,M9,17080,72,17152,-128,0,128
Job_226,0,17081,18374,M0,17081,29,17110,-1264,0,1264
Job_203,9,15511,17108,M7,17083,25,17108,0,0,0
Job_222,1,16951,18817,M1,17084,2,17086,-1731,0,1731
Job_224,3,16962,18401,M5,17084,61,17145,-1256,0,1256
Job_225,0,16963,18955,M1,17086,91,17177,-1778,0,1778
Job_214,4,16139,17497,M8,17088,48,17136,-361,0,361
Job_212,4,16034,18093,M6,17131,9,17140,-953,0,953
Job_216,6,16323,17913,M8,17136,19,17155,-758,0,758
Job_223,1,16956,19335,M2,17136,95,17231,-2104,0,2104
Job_220,2,16725,18287,M3,17144,76,17220,-1067,0,1067
Job_214,5,16139,17497,M9,17152,72,17224,-273,0,273
Job_212,5,16034,18093,M8,17155,52,17207,-886,0,886
Job_227,0,17180,18429,M1,17185,85,17270,-1159,0,1159
Job_208,9,15740,17249,M7,17204,45,17249,0,0,0
Job_222,2,16951,18817,M5,17206,52,17258,-1559,0,1559
Job_218,4,16573,18387,M8,17207,64,17271,-1116,0,1116
Job_224,4,16962,18401,M3,17220,26,17246,-1155,0,1155
Job_214,6,16139,17497,M0,17224,47,17271,-226,0,226
Job_216,7,16323,17913,M9,17224,48,17272,-641,0,641
Job_213,9,16071,17280,M6,17227,53,17280,0,0,0
Job_212,6,16034,18093,M7,17249,85,17334,-759,0,759
Job_215,9,16177,17341,M4,17250,55,17305,-36,0,36
Job_220,3,16725,18287,M5,17258,51,17309,-978,0,978
Job_222,3,16951,18817,M3,17258,95,17353,-1464,0,1464
Job_221,5,16780,18240,M1,17270,28,17298,-942,0,942
Job_219,6,16676,18339,M8,17271,19,17290,-1049,0,1049
Job_227,1,17180,18429,M0,17271,13,17284,-1145,0,1145
Job_218,5,16573,18387,M9,17272,76,17348,-1039,0,1039
Job_214,7,16139,17497,M6,17280,65,17345,-152,0,152
Job_223,2,16956,19335,M0,17284,71,17355,-1980,0,1980
Job_227,2,17180,18429,M2,17284,61,17345,-1084,0,1084
Job_226,1,17081,18374,M1,17298,78,17376,-998,0,998
Job_211,9,15983,17362,M4,17305,33,17338,-24,0,24
Job_204,9,15516,17377,M5,17334,43,17377,0,0,0
Job_216,8,16323,17913,M7,17334,36,17370,-543,0,543
Job_206,9,15523,17371,M4,17338,33,17371,0,0,0
Job_220,4,16725,18287,M2,17345,85,17430,-857,0,857
Job_221,6,16780,18240,M6,17345,46,17391,-849,0,849
Job_217,5,16541,18687,M9,17348,11,17359,-1328,0,1328
Job_212,7,16034,18093,M3,17353,98,17451,-642,0,642
Job_222,4,16951,18817,M8,17353,48,17401,-1416,0,1416
Job_225,1,16963,18955,M0,17355,85,17440,-1515,0,1515
Job_219,7,16676,18339,M9,17359,48,17407,-932,0,932
Job_214,8,16139,17497,M4,17371,6,17377,-120,0,120
Job_224,5,16962,18401,M4,17377,69,17446,-955,0,955
Job_221,7,16780,18240,M5,17391,46,17437,-803,0,803
Job_227,3,17180,18429,M6,17391,7,17398,-1031,0,1031
Job_217,6,16541,18687,M6,17398,40,17438,-1249,0,1249
Job_219,8,16676,18339,M7,17407,36,17443,-896,0,896
Job_220,5,16725,18287,M9,17430,11,17441,-846,0,846
Job_226,2,17081,18374,M2,17430,9,17439,-935,0,935
Job_218,6,16573,18387,M5,17437,47,17484,-903,0,903
Job_227,4,17180,18429,M8,17438,64,17502,-927,0,927
Job_220,6,16725,18287,M6,17441,40,17481,-806,0,806
Job_223,3,16956,19335,M4,17446,99,17545,-1790,0,1790
Job_226,3,17081,18374,M3,17451,36,17487,-887,0,887
Job_214,9,16139,17497,M7,17472,25,17497,0,0,0
Job_218,7,16573,18387,M3,17487,52,17539,-848,0,848
Job_220,7,16725,18287,M7,17497,89,17586,-701,0,701
Job_224,6,16962,18401,M8,17502,21,17523,-878,0,878
Job_227,5,17180,18429,M9,17502,76,17578,-851,0,851
Job_225,2,16963,18955,M3,17539,39,17578,-1377,0,1377
Job_223,4,16956,19335,M6,17545,9,17554,-1781,0,1781
Job_226,4,17081,18374,M4,17545,49,17594,-780,0,780
Job_223,5,16956,19335,M8,17554,52,17606,-1729,0,1729
Job_212,8,16034,18093,M9,17578,22,17600,-493,0,493
Job_225,3,16963,18955,M2,17578,74,17652,-1303,0,1303
Job_221,8,16780,18240,M7,17586,72,17658,-582,0,582
Job_220,8,16725,18287,M4,17594,26,17620,-667,0,667
Job_226,5,17081,18374,M5,17594,11,17605,-769,0,769
Job_222,5,16951,18817,M9,17600,72,17672,-1145,0,1145
Job_226,6,17081,18374,M6,17605,62,17667,-707,0,707
Job_218,8,16573,18387,M4,17620,90,17710,-677,0,677
Job_227,6,17180,18429,M5,17630,47,17677,-752,0,752
Job_225,4,16963,18955,M8,17652,90,17742,-1213,0,1213
Job_224,7,16962,18401,M7,17658,49,17707,-694,0,694
Job_222,6,16951,18817,M0,17672,47,17719,-1098,0,1098
Job_227,7,17180,18429,M3,17677,52,17729,-700,0,700
Job_224,8,16962,18401,M9,17707,72,17779,-622,0,622
Job_226,7,17081,18374,M7,17707,56,17763,-611,0,611
Job_222,7,16951,18817,M6,17719,65,17784,-1033,0,1033
Job_227,8,17180,18429,M4,17729,90,17819,-610,0,610
Job_225,5,16963,18955,M5,17742,10,17752,-1203,0,1203
Job_217,7,16541,18687,M7,17763,89,17852,-835,0,835
Job_226,8,17081,18374,M8,17763,44,17807,-567,0,567
Job_222,8,16951,18817,M4,17819,6,17825,-992,0,992
Job_216,9,16323,17913,M3,17834,79,17913,0,0,0
Job_217,8,16541,18687,M4,17852,26,17878,-809,0,809
Job_225,6,16963,18955,M7,17852,12,17864,-1091,0,1091
Job_223,6,16956,19335,M7,17864,85,17949,-1386,0,1386
Job_225,7,16963,18955,M6,17864,89,17953,-1002,0,1002
Job_223,7,16956,19335,M3,17949,98,18047,-1288,0,1288
Job_225,8,16963,18955,M9,17953,45,17998,-957,0,957
Job_223,8,16956,19335,M9,18047,22,18069,-1266,0,1266
Job_212,9,16034,18093,M5,18050,43,18093,0,0,0
Job_221,9,16780,18240,M8,18183,30,18213,-27,0,27
Job_220,9,16725,18287,M8,18213,74,18287,0,0,0
Job_219,9,16676,18339,M3,18260,79,18339,0,0,0
Job_218,9,16573,18387,M7,18339,45,18384,-3,0,3
Job_224,9,16962,18401,M6,18348,53,18401,0,0,0
Job_226,9,17081,18374,M9,18353,21,18374,0,0,0
Job_227,9,17180,18429,M7,18384,45,18429,0,0,0
Job_217,9,16541,18687,M8,18613,74,18687,0,0,0
Job_222,9,16951,18817,M7,18792,25,18817,0,0,0
Job_225,9,16963,18955,M4,18922,33,18955,0,0,0
Job_223,9,16956,19335,M5,19292,43,19335,0,0,0
