Job,Operation,Arrival,Deadline,Machine,Start,Processing Time,End,Lateness,Tardiness,Earliness
Job_189,9,14300,15888,M7,15843,45,15888,0,0,0
Job_192,8,14543,16005,M9,15848,45,15893,-112,0,112
Job_205,5,15522,16813,M4,15857,69,15926,-887,0,887
Job_196,7,14737,15738,M8,15878,89,15967,229,229,0
Job_203,3,15511,17108,M3,15901,95,15996,-1112,0,1112
Job_208,1,15740,17249,M0,15907,13,15920,-1329,0,1329
Job_209,0,15840,16932,M0,15920,29,15949,-983,0,983
Job_201,1,15285,17077,M1,15924,69,15993,-1084,0,1084
Job_207,2,15641,17015,M2,15930,9,15939,-1076,0,1076
Job_185,9,14076,15975,M5,15932,43,15975,0,0,0
Job_208,2,15740,17249,M2,15939,61,16000,-1249,0,1249
Job_198,5,15101,16739,M9,15941,11,15952,-787,0,787
Job_200,1,15236,16980,M0,15949,86,16035,-945,0,945
Job_198,6,15101,16739,M6,15963,40,16003,-736,0,736
Job_192,9,14543,16005,M4,15964,33,15997,-8,0,8
Job_191,9,14482,16016,M8,15967,30,15997,-19,0,19
Job_196,8,14737,15738,M7,15967,30,15997,259,259,0
Job_199,6,15133,16477,M5,15975,47,16022,-455,0,455
Job_207,3,15641,17015,M3,15996,36,16032,-983,0,983
Job_195,4,14699,16613,M8,15997,48,16045,-568,0,568
Job_196,9,14737,15738,M4,15997,55,16052,314,314,0
Job_202,1,15340,16919,M2,16000,90,16090,-829,0,829
Job_208,3,15740,17249,M6,16003,7,16010,-1239,0,1239
Job_198,7,15101,16739,M7,16008,89,16097,-642,0,642
Job_188,9,14201,16045,M9,16024,21,16045,0,0,0
Job_201,2,15285,17077,M3,16032,76,16108,-969,0,969
Job_200,2,15236,16980,M1,16035,46,16081,-899,0,899
Job_206,1,15523,17371,M0,16035,85,16120,-1251,0,1251
Job_193,5,14594,16529,M8,16045,52,16097,-432,0,432
Job_195,5,14699,16613,M9,16045,72,16117,-496,0,496
Job_207,4,15641,17015,M4,16052,49,16101,-914,0,914
Job_211,0,15983,17362,M1,16081,91,16172,-1190,0,1190
Job_213,0,16071,17280,M2,16090,14,16104,-1176,0,1176
Job_193,6,14594,16529,M7,16097,85,16182,-347,0,347
Job_197,6,14883,16825,M8,16097,19,16116,-709,0,709
Job_202,2,15340,16919,M4,16101,75,16176,-743,0,743
Job_207,5,15641,17015,M5,16101,11,16112,-903,0,903
Job_199,7,15133,16477,M3,16108,52,16160,-317,0,317
Job_201,3,15285,17077,M5,16112,51,16163,-914,0,914
Job_207,6,15641,17015,M6,16112,62,16174,-841,0,841
Job_203,4,15511,17108,M8,16116,48,16164,-944,0,944
Job_197,7,14883,16825,M9,16117,48,16165,-660,0,660
Job_213,1,16071,17280,M0,16120,6,16126,-1154,0,1154
Job_195,6,14699,16613,M0,16126,47,16173,-440,0,440
Job_206,2,15523,17371,M3,16160,39,16199,-1172,0,1172
Job_200,3,15236,16980,M5,16163,74,16237,-743,0,743
Job_201,4,15285,17077,M2,16163,85,16248,-829,0,829
Job_205,6,15522,16813,M8,16164,21,16185,-628,0,628
Job_203,5,15511,17108,M9,16165,72,16237,-871,0,871
Job_209,1,15840,16932,M1,16172,78,16250,-682,0,682
Job_211,1,15983,17362,M0,16173,85,16258,-1104,0,1104
Job_195,7,14699,16613,M6,16174,65,16239,-374,0,374
Job_204,3,15516,17377,M4,16176,99,16275,-1102,0,1102
Job_207,7,15641,17015,M7,16182,56,16238,-777,0,777
Job_208,4,15740,17249,M8,16185,64,16249,-1000,0,1000
Job_193,7,14594,16529,M3,16199,98,16297,-232,0,232
Job_202,3,15340,16919,M9,16237,11,16248,-671,0,671
Job_197,8,14883,16825,M7,16238,36,16274,-551,0,551
Job_201,5,15285,17077,M9,16248,11,16259,-818,0,818
Job_206,3,15523,17371,M2,16248,74,16322,-1049,0,1049
Job_207,8,15641,17015,M8,16249,44,16293,-722,0,722
Job_213,2,16071,17280,M1,16250,22,16272,-1008,0,1008
Job_210,0,15922,17088,M0,16258,43,16301,-787,0,787
Job_201,6,15285,17077,M6,16259,40,16299,-778,0,778
Job_208,5,15740,17249,M9,16259,76,16335,-914,0,914
Job_213,3,16071,17280,M5,16272,61,16333,-947,0,947
Job_215,0,16177,17341,M1,16272,46,16318,-1023,0,1023
Job_205,7,15522,16813,M7,16274,49,16323,-490,0,490
Job_195,8,14699,16613,M4,16275,6,16281,-332,0,332
Job_200,4,15236,16980,M4,16281,32,16313,-667,0,667
Job_202,4,15340,16919,M3,16297,69,16366,-553,0,553
Job_204,4,15516,17377,M6,16299,9,16308,-1069,0,1069
Job_203,6,15511,17108,M0,16301,47,16348,-760,0,760
Job_204,5,15516,17377,M8,16308,52,16360,-1017,0,1017
Job_198,8,15101,16739,M4,16313,26,16339,-400,0,400
Job_200,5,15236,16980,M6,16313,88,16401,-579,0,579
Job_209,2,15840,16932,M2,16322,9,16331,-601,0,601
Job_201,7,15285,17077,M7,16323,89,16412,-665,0,665
Job_216,0,16323,17913,M2,16331,31,16362,-1551,0,1551
Job_193,8,14594,16529,M9,16335,22,16357,-172,0,172
Job_208,6,15740,17249,M5,16335,47,16382,-867,0,867
Job_199,8,15133,16477,M4,16339,90,16429,-48,0,48
Job_215,1,16177,17341,M0,16348,37,16385,-956,0,956
Job_205,8,15522,16813,M9,16357,72,16429,-384,0,384
Job_210,1,15922,17088,M2,16362,90,16452,-636,0,636
Job_211,2,15983,17362,M3,16366,39,16405,-957,0,957
Job_202,5,15340,16919,M1,16368,28,16396,-523,0,523
Job_216,1,16323,17913,M0,16385,86,16471,-1442,0,1442
Job_212,0,16034,18093,M1,16396,81,16477,-1616,0,1616
Job_203,7,15511,17108,M6,16401,65,16466,-642,0,642
Job_209,3,15840,16932,M3,16405,36,16441,-491,0,491
Job_200,6,15236,16980,M8,16421,19,16440,-540,0,540
Job_201,8,15285,17077,M4,16429,26,16455,-622,0,622
Job_199,9,15133,16477,M7,16432,45,16477,0,0,0
Job_200,7,15236,16980,M9,16440,48,16488,-492,0,492
Job_206,4,15523,17371,M8,16440,90,16530,-841,0,841
Job_215,2,16177,17341,M3,16441,61,16502,-839,0,839
Job_211,3,15983,17362,M2,16452,74,16526,-836,0,836
Job_202,6,15340,16919,M6,16466,46,16512,-407,0,407
Job_203,8,15511,17108,M4,16466,6,16472,-636,0,636
Job_209,4,15840,16932,M4,16474,49,16523,-409,0,409
Job_204,6,15516,17377,M7,16477,85,16562,-815,0,815
Job_216,2,16323,17913,M1,16477,46,16523,-1390,0,1390
Job_193,9,14594,16529,M5,16486,43,16529,0,0,0
Job_213,4,16071,17280,M3,16502,26,16528,-752,0,752
Job_210,2,15922,17088,M4,16523,75,16598,-490,0,490
Job_215,3,16177,17341,M2,16526,13,16539,-802,0,802
Job_208,7,15740,17249,M3,16528,52,16580,-669,0,669
Job_209,5,15840,16932,M5,16529,11,16540,-392,0,392
Job_211,4,15983,17362,M8,16530,90,16620,-742,0,742
Job_214,0,16139,17497,M2,16539,84,16623,-874,0,874
Job_215,4,16177,17341,M6,16539,32,16571,-770,0,770
Job_202,7,15340,16919,M5,16540,46,16586,-333,0,333
Job_217,0,16541,18687,M0,16541,76,16617,-2070,0,2070
Job_209,6,15840,16932,M6,16571,62,16633,-299,0,299
Job_218,0,16573,18387,M1,16573,85,16658,-1729,0,1729
Job_204,7,15516,17377,M3,16580,98,16678,-699,0,699
Job_206,5,15523,17371,M5,16586,10,16596,-775,0,775
Job_195,9,14699,16613,M7,16588,25,16613,0,0,0
Job_215,5,16177,17341,M5,16596,21,16617,-724,0,724
Job_210,3,15922,17088,M9,16598,11,16609,-479,0,479
Job_213,5,16071,17280,M4,16598,69,16667,-613,0,613
Job_206,6,15523,17371,M7,16613,12,16625,-746,0,746
Job_215,6,16177,17341,M9,16617,32,16649,-692,0,692
Job_216,3,16323,17913,M5,16617,74,16691,-1222,0,1222
Job_202,8,15340,16919,M7,16625,72,16697,-222,0,222
Job_206,7,15523,17371,M6,16633,89,16722,-649,0,649
Job_217,1,16541,18687,M1,16658,69,16727,-1960,0,1960
Job_218,1,16573,18387,M0,16658,13,16671,-1716,0,1716
Job_198,9,15101,16739,M8,16665,74,16739,0,0,0
Job_219,0,16676,18339,M2,16676,31,16707,-1632,0,1632
Job_204,8,15516,17377,M9,16678,22,16700,-677,0,677
Job_210,4,15922,17088,M3,16678,69,16747,-341,0,341
Job_211,5,15983,17362,M5,16691,10,16701,-661,0,661
Job_216,4,16323,17913,M4,16691,32,16723,-1190,0,1190
Job_200,8,15236,16980,M7,16697,36,16733,-247,0,247
Job_212,1,16034,18093,M2,16707,95,16802,-1291,0,1291
Job_219,1,16676,18339,M0,16707,86,16793,-1546,0,1546
Job_206,8,15523,17371,M9,16722,45,16767,-604,0,604
Job_208,8,15740,17249,M4,16723,90,16813,-436,0,436
Job_214,1,16139,17497,M1,16727,2,16729,-768,0,768
Job_214,2,16139,17497,M5,16729,52,16781,-716,0,716
Job_209,7,15840,16932,M7,16733,56,16789,-143,0,143
Job_215,7,16177,17341,M8,16739,89,16828,-513,0,513
Job_197,9,14883,16825,M3,16747,79,16826,1,1,0
Job_210,5,15922,17088,M1,16747,28,16775,-313,0,313
Job_205,9,15522,16813,M6,16760,53,16813,0,0,0
Job_211,6,15983,17362,M7,16789,12,16801,-561,0,561
Job_219,2,16676,18339,M1,16793,46,16839,-1500,0,1500
Job_221,0,16780,18240,M0,16793,43,16836,-1404,0,1404
Job_218,2,16573,18387,M2,16802,61,16863,-1524,0,1524
Job_210,6,15922,17088,M6,16813,46,16859,-229,0,229
Job_217,2,16541,18687,M3,16826,76,16902,-1785,0,1785
Job_209,8,15840,16932,M8,16828,44,16872,-60,0,60
Job_215,8,16177,17341,M7,16828,30,16858,-483,0,483
Job_220,0,16725,18287,M0,16836,76,16912,-1375,0,1375
Job_219,3,16676,18339,M5,16839,74,16913,-1426,0,1426
Job_211,7,15983,17362,M6,16859,89,16948,-414,0,414
Job_221,1,16780,18240,M2,16863,90,16953,-1287,0,1287
Job_202,9,15340,16919,M8,16889,30,16919,0,0,0
Job_200,9,15236,16980,M3,16902,79,16981,1,1,0
Job_209,9,15840,16932,M9,16911,21,16932,0,0,0
Job_212,2,16034,18093,M0,16912,71,16983,-1110,0,1110
Job_220,1,16725,18287,M1,16912,69,16981,-1306,0,1306
Job_210,7,15922,17088,M5,16913,46,16959,-129,0,129
Job_219,4,16676,18339,M4,16913,32,16945,-1394,0,1394
Job_213,6,16071,17280,M8,16919,21,16940,-340,0,340
Job_211,8,15983,17362,M9,16948,45,16993,-369,0,369
Job_219,5,16676,18339,M6,16948,88,17036,-1303,0,1303
Job_221,2,16780,18240,M4,16953,75,17028,-1212,0,1212
Job_222,0,16951,18817,M2,16953,84,17037,-1780,0,1780
Job_210,8,15922,17088,M7,16959,72,17031,-57,0,57
Job_217,3,16541,18687,M5,16959,51,17010,-1677,0,1677
Job_214,3,16139,17497,M3,16981,95,17076,-421,0,421
Job_223,0,16956,19335,M1,16981,81,17062,-2273,0,2273
Job_201,9,15285,17077,M8,16984,74,17058,-19,0,19
Job_207,9,15641,17015,M9,16994,21,17015,0,0,0
Job_212,3,16034,18093,M4,17028,99,17127,-966,0,966
Job_221,3,16780,18240,M9,17028,11,17039,-1201,0,1201
Job_213,7,16071,17280,M7,17031,49,17080,-200,0,200
Job_218,3,16573,18387,M6,17036,7,17043,-1344,0,1344
Job_224,0,16962,18401,M2,17037,14,17051,-1350,0,1350
Job_216,5,16323,17913,M6,17043,88,17131,-782,0,782
Job_217,4,16541,18687,M2,17051,85,17136,-1551,0,1551
Job_224,1,16962,18401,M0,17051,6,17057,-1344,0,1344
Job_210,9,15922,17088,M8,17058,30,17088,0,0,0
Job_224,2,16962,18401,M1,17062,22,17084,-1317,0,1317
Job_221,4,16780,18240,M3,17076,69,17145,-1095,0,1095
Job_213,8,16071,17280,M9,17080,72,17152,-128,0,128
Job_226,0,17081,18374,M0,17081,29,17110,-1264,0,1264
Job_203,9,15511,17108,M7,17083,25,17108,0,0,0
Job_222,1,16951,18817,M1,17084,2,17086,-1731,0,1731
Job_224,3,16962,18401,M5,17084,61,17145,-1256,0,1256
Job_225,0,16963,18955,M1,17086,91,17177,-1778,0,1778
Job_214,4,16139,17497,M8,17088,48,17136,-361,0,361
Job_212,4,16034,18093,M6,17131,9,17140,-953,0,953
Job_216,6,16323,17913,M8,17136,19,17155,-758,0,758
Job_223,1,16956,19335,M2,17136,95,17231,-2104,0,2104
Job_220,2,16725,18287,M3,17145,76,17221,-1066,0,1066
Job_214,5,16139,17497,M9,17152,72,17224,-273,0,273
Job_212,5,16034,18093,M8,17155,52,17207,-886,0,886
Job_227,0,17180,18429,M1,17185,85,17270,-1159,0,1159
Job_208,9,15740,17249,M7,17204,45,17249,0,0,0
Job_222,2,16951,18817,M5,17206,52,17258,-1559,0,1559
Job_218,4,16573,18387,M8,17207,64,17271,-1116,0,1116
Job_224,4,16962,18401,M3,17221,26,17247,-1154,0,1154
Job_214,6,16139,17497,M0,17224,47,17271,-226,0,226
Job_216,7,16323,17913,M9,17224,48,17272,-641,0,641
Job_213,9,16071,17280,M6,17227,53,17280,0,0,0
Job_212,6,16034,18093,M7,17249,85,17334,-759,0,759
Job_215,9,16177,17341,M4,17250,55,17305,-36,0,36
Job_220,3,16725,18287,M5,17258,51,17309,-978,0,978
Job_222,3,16951,18817,M3,17258,95,17353,-1464,0,1464
Job_221,5,16780,18240,M1,17270,28,17298,-942,0,942
Job_219,6,16676,18339,M8,17271,19,17290,-1049,0,1049
Job_227,1,17180,18429,M0,17271,13,17284,-1145,0,1145
Job_218,5,16573,18387,M9,17272,76,17348,-1039,0,1039
Job_214,7,16139,17497,M6,17280,65,17345,-152,0,152
Job_223,2,16956,19335,M0,17284,71,17355,-1980,0,1980
Job_227,2,17180,18429,M2,17284,61,17345,-1084,0,1084
Job_226,1,17081,18374,M1,17298,78,17376,-998,0,998
Job_211,9,15983,17362,M4,17305,33,17338,-24,0,24
Job_204,9,15516,17377,M5,17334,43,17377,0,0,0
Job_216,8,16323,17913,M7,17334,36,17370,-543,0,543
Job_206,9,15523,17371,M4,17338,33,17371,0,0,0
Job_220,4,16725,18287,M2,17345,85,17430,-857,0,857
Job_221,6,16780,18240,M6,17345,46,17391,-849,0,849
Job_217,5,16541,18687,M9,17348,11,17359,-1328,0,1328
Job_212,7,16034,18093,M3,17353,98,17451,-642,0,642
Job_222,4,16951,18817,M8,17353,48,17401,-1416,0,1416
Job_225,1,16963,18955,M0,17355,85,17440,-1515,0,1515
Job_219,7,16676,18339,M9,17359,48,17407,-932,0,932
Job_214,8,16139,17497,M4,17371,6,17377,-120,0,120
Job_224,5,16962,18401,M4,17377,69,17446,-955,0,955
Job_221,7,16780,18240,M5,17391,46,17437,-803,0,803
Job_227,3,17180,18429,M6,17391,7,17398,-1031,0,1031
Job_217,6,16541,18687,M6,17398,40,17438,-1249,0,1249
Job_219,8,16676,18339,M7,17407,36,17443,-896,0,896
Job_230,0,17423,18834,M1,17423,91,17514,-1320,0,1320
Job_220,5,16725,18287,M9,17430,11,17441,-846,0,846
Job_226,2,17081,18374,M2,17430,9,17439,-935,0,935
Job_218,6,16573,18387,M5,17437,47,17484,-903,0,903
Job_227,4,17180,18429,M8,17438,64,17502,-927,0,927
Job_229,0,17362,18608,M0,17440,43,17483,-1125,0,1125
Job_220,6,16725,18287,M6,17441,40,17481,-806,0,806
Job_223,3,16956,19335,M4,17446,99,17545,-1790,0,1790
Job_226,3,17081,18374,M3,17451,36,17487,-887,0,887
Job_214,9,16139,17497,M7,17472,25,17497,0,0,0
Job_228,0,17280,18595,M0,17483,29,17512,-1083,0,1083
Job_218,7,16573,18387,M3,17487,52,17539,-848,0,848
Job_220,7,16725,18287,M7,17497,89,17586,-701,0,701
Job_224,6,16962,18401,M8,17502,21,17523,-878,0,878
Job_227,5,17180,18429,M9,17502,76,17578,-851,0,851
Job_232,0,17511,18857,M2,17511,14,17525,-1332,0,1332
Job_228,1,17280,18595,M1,17514,78,17592,-1003,0,1003
Job_232,1,17511,18857,M0,17525,6,17531,-1326,0,1326
Job_230,1,17423,18834,M0,17531,85,17616,-1218,0,1218
Job_225,2,16963,18955,M3,17539,39,17578,-1377,0,1377
Job_223,4,16956,19335,M6,17545,9,17554,-1781,0,1781
Job_226,4,17081,18374,M4,17545,49,17594,-780,0,780
Job_223,5,16956,19335,M8,17554,52,17606,-1729,0,1729
Job_212,8,16034,18093,M9,17578,22,17600,-493,0,493
Job_225,3,16963,18955,M2,17578,74,17652,-1303,0,1303
Job_221,8,16780,18240,M7,17586,72,17658,-582,0,582
Job_232,2,17511,18857,M1,17592,22,17614,-1243,0,1243
Job_220,8,16725,18287,M4,17594,26,17620,-667,0,667
Job_226,5,17081,18374,M5,17594,11,17605,-769,0,769
Job_222,5,16951,18817,M9,17600,72,17672,-1145,0,1145
Job_226,6,17081,18374,M6,17605,62,17667,-707,0,707
Job_230,2,17423,18834,M3,17616,39,17655,-1179,0,1179
Job_234,0,17617,18948,M1,17617,46,17663,-1285,0,1285
Job_218,8,16573,18387,M4,17620,90,17710,-677,0,677
Job_227,6,17180,18429,M5,17630,47,17677,-752,0,752
Job_225,4,16963,18955,M8,17652,90,17742,-1213,0,1213
Job_229,1,17362,18608,M2,17652,90,17742,-866,0,866
Job_224,7,16962,18401,M7,17658,49,17707,-694,0,694
Job_231,0,17474,19564,M1,17663,81,17744,-1820,0,1820
Job_222,6,16951,18817,M0,17672,47,17719,-1098,0,1098
Job_227,7,17180,18429,M3,17677,52,17729,-700,0,700
Job_232,3,17511,18857,M5,17677,61,17738,-1119,0,1119
Job_224,8,16962,18401,M9,17707,72,17779,-622,0,622
Job_226,7,17081,18374,M7,17707,56,17763,-611,0,611
Job_222,7,16951,18817,M6,17719,65,17784,-1033,0,1033
Job_234,1,17617,18948,M0,17719,37,17756,-1192,0,1192
Job_227,8,17180,18429,M4,17729,90,17819,-610,0,610
Job_232,4,17511,18857,M3,17738,26,17764,-1093,0,1093
Job_225,5,16963,18955,M5,17742,10,17752,-1203,0,1203
Job_228,2,17280,18595,M2,17742,9,17751,-844,0,844
Job_217,7,16541,18687,M7,17763,89,17852,-835,0,835
Job_226,8,17081,18374,M8,17763,44,17807,-567,0,567
Job_235,0,17763,19614,M2,17763,31,17794,-1820,0,1820
Job_228,3,17280,18595,M3,17764,36,17800,-795,0,795
Job_230,3,17423,18834,M2,17794,74,17868,-966,0,966
Job_235,1,17763,19614,M0,17794,86,17880,-1734,0,1734
Job_222,8,16951,18817,M4,17819,6,17825,-992,0,992
Job_216,9,16323,17913,M3,17834,79,17913,0,0,0
Job_217,8,16541,18687,M4,17852,26,17878,-809,0,809
Job_225,6,16963,18955,M7,17852,12,17864,-1091,0,1091
Job_223,6,16956,19335,M7,17864,85,17949,-1386,0,1386
Job_225,7,16963,18955,M6,17864,89,17953,-1002,0,1002
Job_230,4,17423,18834,M8,17868,90,17958,-876,0,876
Job_233,0,17579,19372,M2,17868,84,17952,-1420,0,1420
Job_229,2,17362,18608,M4,17878,75,17953,-655,0,655
Job_235,2,17763,19614,M1,17880,46,17926,-1688,0,1688
Job_235,3,17763,19614,M5,17926,74,18000,-1614,0,1614
Job_223,7,16956,19335,M3,17949,98,18047,-1288,0,1288
Job_231,1,17474,19564,M2,17952,95,18047,-1517,0,1517
Job_233,1,17579,19372,M1,17952,2,17954,-1418,0,1418
Job_225,8,16963,18955,M9,17953,45,17998,-957,0,957
Job_228,4,17280,18595,M4,17953,49,18002,-593,0,593
Job_236,0,17981,19576,M0,17981,76,18057,-1519,0,1519
Job_229,3,17362,18608,M9,17998,11,18009,-599,0,599
Job_230,5,17423,18834,M5,18000,10,18010,-824,0,824
Job_232,5,17511,18857,M4,18002,69,18071,-786,0,786
Job_228,5,17280,18595,M5,18010,11,18021,-574,0,574
Job_230,6,17423,18834,M7,18010,12,18022,-812,0,812
Job_237,0,18013,19206,M1,18013,85,18098,-1108,0,1108
Job_228,6,17280,18595,M6,18021,62,18083,-512,0,512
Job_223,8,16956,19335,M9,18047,22,18069,-1266,0,1266
Job_229,4,17362,18608,M3,18047,69,18116,-492,0,492
Job_212,9,16034,18093,M5,18050,43,18093,0,0,0
Job_231,2,17474,19564,M0,18057,71,18128,-1436,0,1436
Job_232,6,17511,18857,M8,18071,21,18092,-765,0,765
Job_235,4,17763,19614,M4,18071,32,18103,-1511,0,1511
Job_228,7,17280,18595,M7,18083,56,18139,-456,0,456
Job_230,7,17423,18834,M6,18083,89,18172,-662,0,662
Job_233,2,17579,19372,M5,18093,52,18145,-1227,0,1227
Job_236,1,17981,19576,M1,18098,69,18167,-1409,0,1409
Job_234,2,17617,18948,M3,18116,61,18177,-771,0,771
Job_238,0,18116,19826,M2,18116,31,18147,-1679,0,1679
Job_231,3,17474,19564,M4,18128,99,18227,-1337,0,1337
Job_237,1,18013,19206,M0,18128,13,18141,-1065,0,1065
Job_228,8,17280,18595,M8,18139,44,18183,-412,0,412
Job_232,7,17511,18857,M7,18139,49,18188,-669,0,669
Job_237,2,18013,19206,M2,18147,61,18208,-998,0,998
Job_238,1,18116,19826,M0,18147,86,18233,-1593,0,1593
Job_229,5,17362,18608,M1,18167,28,18195,-413,0,413
Job_230,8,17423,18834,M9,18172,45,18217,-617,0,617
Job_235,5,17763,19614,M6,18172,88,18260,-1354,0,1354
Job_236,2,17981,19576,M3,18177,76,18253,-1323,0,1323
Job_221,9,16780,18240,M8,18183,30,18213,-27,0,27
Job_234,3,17617,18948,M2,18208,13,18221,-727,0,727
Job_220,9,16725,18287,M8,18213,74,18287,0,0,0
Job_232,8,17511,18857,M9,18217,72,18289,-568,0,568
Job_238,2,18116,19826,M1,18233,46,18279,-1547,0,1547
Job_240,0,18220,19242,M0,18233,43,18276,-966,0,966
Job_236,3,17981,19576,M5,18253,51,18304,-1272,0,1272
Job_219,9,16676,18339,M3,18260,79,18339,0,0,0
Job_229,6,17362,18608,M6,18260,46,18306,-302,0,302
Job_239,0,18165,19829,M0,18276,76,18352,-1477,0,1477
Job_240,1,18220,19242,M2,18276,90,18366,-876,0,876
Job_235,6,17763,19614,M8,18287,19,18306,-1308,0,1308
Job_238,3,18116,19826,M5,18304,74,18378,-1448,0,1448
Job_234,4,17617,18948,M6,18306,32,18338,-610,0,610
Job_237,3,18013,19206,M6,18338,7,18345,-861,0,861
Job_218,9,16573,18387,M7,18339,45,18384,-3,0,3
Job_233,3,17579,19372,M3,18339,95,18434,-938,0,938
Job_237,4,18013,19206,M8,18345,64,18409,-797,0,797
Job_224,9,16962,18401,M6,18348,53,18401,0,0,0
Job_226,9,17081,18374,M9,18353,21,18374,0,0,0
Job_236,4,17981,19576,M2,18366,85,18451,-1125,0,1125
Job_240,2,18220,19242,M4,18366,75,18441,-801,0,801
Job_235,7,17763,19614,M9,18374,48,18422,-1192,0,1192
Job_229,7,17362,18608,M5,18378,46,18424,-184,0,184
Job_227,9,17180,18429,M7,18384,45,18429,0,0,0
Job_242,0,18396,20706,M1,18396,81,18477,-2229,0,2229
Job_231,4,17474,19564,M6,18401,9,18410,-1154,0,1154
Job_231,5,17474,19564,M8,18410,52,18462,-1102,0,1102
Job_237,5,18013,19206,M9,18422,76,18498,-708,0,708
Job_234,5,17617,18948,M5,18424,21,18445,-503,0,503
Job_229,8,17362,18608,M7,18429,72,18501,-107,0,107
Job_238,4,18116,19826,M4,18441,32,18473,-1353,0,1353
Job_243,0,18402,19659,M2,18451,14,18465,-1194,0,1194
Job_233,4,17579,19372,M8,18462,48,18510,-862,0,862
Job_243,1,18402,19659,M0,18465,6,18471,-1188,0,1188
Job_238,5,18116,19826,M6,18473,88,18561,-1265,0,1265
Job_242,1,18396,20706,M2,18477,95,18572,-2134,0,2134
Job_243,2,18402,19659,M1,18477,22,18499,-1160,0,1160
Job_237,6,18013,19206,M5,18498,47,18545,-661,0,661
Job_240,3,18220,19242,M9,18498,11,18509,-733,0,733
Job_239,1,18165,19829,M1,18499,69,18568,-1261,0,1261
Job_231,6,17474,19564,M7,18501,85,18586,-978,0,978
Job_234,6,17617,18948,M9,18509,32,18541,-407,0,407
Job_240,4,18220,19242,M3,18509,69,18578,-664,0,664
Job_245,0,18521,19798,M0,18521,29,18550,-1248,0,1248
Job_236,5,17981,19576,M9,18541,11,18552,-1024,0,1024
Job_243,3,18402,19659,M5,18545,61,18606,-1053,0,1053
Job_236,6,17981,19576,M6,18561,40,18601,-975,0,975
Job_241,0,18391,19563,M2,18572,84,18656,-907,0,907
Job_242,2,18396,20706,M0,18572,71,18643,-2063,0,2063
Job_228,9,17280,18595,M9,18574,21,18595,0,0,0
Job_229,9,17362,18608,M8,18578,30,18608,0,0,0
Job_237,7,18013,19206,M3,18578,52,18630,-576,0,576
Job_235,8,17763,19614,M7,18586,36,18622,-992,0,992
Job_233,5,17579,19372,M9,18595,72,18667,-705,0,705
Job_217,9,16541,18687,M8,18613,74,18687,0,0,0
Job_246,0,18620,20415,M1,18620,85,18705,-1710,0,1710
Job_236,7,17981,19576,M7,18622,89,18711,-865,0,865
Job_239,2,18165,19829,M3,18630,76,18706,-1123,0,1123
Job_242,3,18396,20706,M4,18643,99,18742,-1964,0,1964
Job_234,7,17617,18948,M8,18687,89,18776,-172,0,172
Job_240,5,18220,19242,M1,18705,28,18733,-509,0,509
Job_246,1,18620,20415,M0,18705,13,18718,-1697,0,1697
Job_239,3,18165,19829,M5,18706,51,18757,-1072,0,1072
Job_243,4,18402,19659,M3,18706,26,18732,-927,0,927
Job_233,6,17579,19372,M0,18718,47,18765,-607,0,607
Job_246,2,18620,20415,M2,18718,61,18779,-1636,0,1636
Job_231,7,17474,19564,M3,18732,98,18830,-734,0,734
Job_241,1,18391,19563,M1,18733,2,18735,-828,0,828
Job_244,0,18403,20055,M1,18735,91,18826,-1229,0,1229
Job_236,8,17981,19576,M4,18742,26,18768,-808,0,808
Job_242,4,18396,20706,M6,18742,9,18751,-1955,0,1955
Job_241,2,18391,19563,M5,18757,52,18809,-754,0,754
Job_247,0,18720,19654,M0,18765,29,18794,-860,0,860
Job_238,6,18116,19826,M8,18776,19,18795,-1031,0,1031
Job_239,4,18165,19829,M2,18779,85,18864,-965,0,965
Job_246,3,18620,20415,M6,18779,7,18786,-1629,0,1629
Job_222,9,16951,18817,M7,18792,25,18817,0,0,0
Job_238,7,18116,19826,M9,18795,48,18843,-983,0,983
Job_246,4,18620,20415,M8,18795,64,18859,-1556,0,1556
Job_230,9,17423,18834,M4,18801,33,18834,0,0,0
Job_232,9,17511,18857,M6,18804,53,18857,0,0,0
Job_234,8,17617,18948,M7,18817,30,18847,-101,0,101
Job_244,1,18403,20055,M0,18826,85,18911,-1144,0,1144
Job_245,1,18521,19798,M1,18826,78,18904,-894,0,894
Job_241,3,18391,19563,M3,18830,95,18925,-638,0,638
Job_238,8,18116,19826,M7,18847,36,18883,-943,0,943
Job_240,6,18220,19242,M6,18857,46,18903,-339,0,339
Job_242,5,18396,20706,M8,18859,52,18911,-1795,0,1795
Job_246,5,18620,20415,M9,18859,76,18935,-1480,0,1480
Job_234,9,17617,18948,M4,18867,55,18922,-26,0,26
Job_233,7,17579,19372,M6,18903,65,18968,-404,0,404
Job_240,7,18220,19242,M5,18903,46,18949,-293,0,293
Job_245,2,18521,19798,M2,18904,9,18913,-885,0,885
Job_247,1,18720,19654,M1,18904,78,18982,-672,0,672
Job_242,6,18396,20706,M7,18911,85,18996,-1710,0,1710
Job_248,0,18802,20171,M0,18911,43,18954,-1217,0,1217
Job_225,9,16963,18955,M4,18922,33,18955,0,0,0
Job_241,4,18391,19563,M8,18925,48,18973,-590,0,590
Job_245,3,18521,19798,M3,18925,36,18961,-837,0,837
Job_231,8,17474,19564,M9,18935,22,18957,-607,0,607
Job_246,6,18620,20415,M5,18949,47,18996,-1419,0,1419
Job_251,0,18951,19750,M2,18951,14,18965,-785,0,785
Job_237,8,18013,19206,M4,18955,90,19045,-161,0,161
Job_239,5,18165,19829,M9,18957,11,18968,-861,0,861
Job_244,2,18403,20055,M3,18961,39,19000,-1055,0,1055
Job_251,1,18951,19750,M0,18965,6,18971,-779,0,779
Job_239,6,18165,19829,M6,18968,40,19008,-821,0,821
Job_241,5,18391,19563,M9,18973,72,19045,-518,0,518
Job_247,2,18720,19654,M2,18982,9,18991,-663,0,663
Job_251,2,18951,19750,M1,18982,22,19004,-746,0,746
Job_240,8,18220,19242,M7,18996,72,19068,-174,0,174
Job_244,3,18403,20055,M2,19000,74,19074,-981,0,981
Job_246,7,18620,20415,M3,19000,52,19052,-1363,0,1363
Job_249,0,18863,20202,M1,19004,91,19095,-1107,0,1107
Job_251,3,18951,19750,M5,19004,61,19065,-685,0,685
Job_233,8,17579,19372,M4,19045,6,19051,-321,0,321
Job_241,6,18391,19563,M0,19045,47,19092,-471,0,471
Job_243,5,18402,19659,M4,19051,69,19120,-539,0,539
Job_242,7,18396,20706,M3,19052,98,19150,-1556,0,1556
Job_239,7,18165,19829,M7,19068,89,19157,-672,0,672
Job_244,4,18403,20055,M8,19074,90,19164,-891,0,891
Job_252,0,19019,20591,M2,19074,84,19158,-1433,0,1433
Job_241,7,18391,19563,M6,19092,65,19157,-406,0,406
Job_249,1,18863,20202,M0,19095,85,19180,-1022,0,1022
Job_253,0,19057,20572,M1,19095,46,19141,-1431,0,1431
Job_245,4,18521,19798,M4,19120,49,19169,-629,0,629
Job_250,0,18914,20803,M1,19141,81,19222,-1581,0,1581
Job_242,8,18396,20706,M9,19150,22,19172,-1534,0,1534
Job_251,4,18951,19750,M3,19150,26,19176,-574,0,574
Job_248,1,18802,20171,M2,19158,90,19248,-923,0,923
Job_237,9,18013,19206,M7,19161,45,19206,0,0,0
Job_243,6,18402,19659,M8,19164,21,19185,-474,0,474
Job_244,5,18403,20055,M5,19164,10,19174,-881,0,881
Job_241,8,18391,19563,M4,19169,6,19175,-388,0,388
Job_245,5,18521,19798,M5,19174,11,19185,-613,0,613
Job_239,8,18165,19829,M4,19175,26,19201,-628,0,628
Job_247,3,18720,19654,M3,19176,36,19212,-442,0,442
Job_253,1,19057,20572,M0,19180,37,19217,-1355,0,1355
Job_245,6,18521,19798,M6,19185,62,19247,-551,0,551
Job_246,8,18620,20415,M4,19201,90,19291,-1124,0,1124
Job_243,7,18402,19659,M7,19206,49,19255,-404,0,404
Job_240,9,18220,19242,M8,19212,30,19242,0,0,0
Job_249,2,18863,20202,M3,19212,39,19251,-951,0,951
Job_252,1,19019,20591,M1,19222,2,19224,-1367,0,1367
Job_252,2,19019,20591,M5,19224,52,19276,-1315,0,1315
Job_254,0,19203,20759,M2,19248,31,19279,-1480,0,1480
Job_253,2,19057,20572,M3,19251,61,19312,-1260,0,1260
Job_243,8,18402,19659,M9,19255,72,19327,-332,0,332
Job_245,7,18521,19798,M7,19255,56,19311,-487,0,487
Job_249,3,18863,20202,M2,19279,74,19353,-849,0,849
Job_254,1,19203,20759,M0,19279,86,19365,-1394,0,1394
Job_251,5,18951,19750,M4,19291,69,19360,-390,0,390
Job_223,9,16956,19335,M5,19292,43,19335,0,0,0
Job_244,6,18403,20055,M7,19311,12,19323,-732,0,732
Job_245,8,18521,19798,M8,19311,44,19355,-443,0,443
Job_252,3,19019,20591,M3,19312,95,19407,-1184,0,1184
Job_244,7,18403,20055,M6,19323,89,19412,-643,0,643
Job_233,9,17579,19372,M7,19347,25,19372,0,0,0
Job_250,1,18914,20803,M2,19353,95,19448,-1355,0,1355
Job_247,4,18720,19654,M4,19360,49,19409,-245,0,245
Job_251,6,18951,19750,M8,19360,21,19381,-369,0,369
Job_254,2,19203,20759,M1,19365,46,19411,-1348,0,1348
Job_249,4,18863,20202,M8,19381,90,19471,-731,0,731
Job_251,7,18951,19750,M7,19381,49,19430,-320,0,320
Job_247,5,18720,19654,M5,19409,11,19420,-234,0,234
Job_248,2,18802,20171,M4,19409,75,19484,-687,0,687
Job_244,8,18403,20055,M9,19412,45,19457,-598,0,598
Job_247,6,18720,19654,M6,19420,62,19482,-172,0,172
Job_254,3,19203,20759,M5,19420,74,19494,-1265,0,1265
Job_255,0,19421,20982,M0,19421,76,19497,-1485,0,1485
Job_253,3,19057,20572,M2,19448,13,19461,-1111,0,1111
Job_256,0,19453,21001,M1,19453,85,19538,-1463,0,1463
Job_251,8,18951,19750,M9,19457,72,19529,-221,0,221
Job_247,7,18720,19654,M7,19482,56,19538,-116,0,116
Job_253,4,19057,20572,M6,19482,32,19514,-1058,0,1058
Job_249,5,18863,20202,M5,19494,10,19504,-698,0,698
Job_254,4,19203,20759,M4,19494,32,19526,-1233,0,1233
Job_250,2,18914,20803,M0,19497,71,19568,-1235,0,1235
Job_236,9,17981,19576,M8,19502,74,19576,0,0,0
Job_231,9,17474,19564,M5,19521,43,19564,0,0,0
Job_248,3,18802,20171,M9,19529,11,19540,-631,0,631
Job_235,9,17763,19614,M3,19535,79,19614,0,0,0
Job_241,9,18391,19563,M7,19538,25,19563,0,0,0
Job_255,1,19421,20982,M1,19538,69,19607,-1375,0,1375
Job_257,0,19556,21261,M2,19556,31,19587,-1674,0,1674
Job_249,6,18863,20202,M7,19563,12,19575,-627,0,627
Job_253,5,19057,20572,M5,19564,21,19585,-987,0,987
Job_250,3,18914,20803,M4,19568,99,19667,-1136,0,1136
Job_256,1,19453,21001,M0,19568,13,19581,-1420,0,1420
Job_247,8,18720,19654,M8,19576,44,19620,-34,0,34
Job_253,6,19057,20572,M9,19585,32,19617,-955,0,955
Job_256,2,19453,21001,M2,19587,61,19648,-1353,0,1353
Job_257,1,19556,21261,M0,19587,86,19673,-1588,0,1588
Job_243,9,18402,19659,M6,19606,53,19659,0,0,0
Job_248,4,18802,20171,M3,19614,69,19683,-488,0,488
Job_252,4,19019,20591,M8,19620,48,19668,-923,0,923
Job_247,9,18720,19654,M9,19633,21,19654,0,0,0
Job_256,3,19453,21001,M6,19659,7,19666,-1335,0,1335
Job_250,4,18914,20803,M6,19667,9,19676,-1127,0,1127
Job_252,5,19019,20591,M9,19668,72,19740,-851,0,851
Job_256,4,19453,21001,M8,19668,64,19732,-1269,0,1269
Job_257,2,19556,21261,M1,19673,46,19719,-1542,0,1542
Job_259,0,19660,21043,M0,19673,43,19716,-1327,0,1327
Job_251,9,18951,19750,M6,19697,53,19750,0,0,0
Job_258,0,19605,21284,M0,19716,76,19792,-1492,0,1492
Job_259,1,19660,21043,M2,19716,90,19806,-1237,0,1237
Job_248,5,18802,20171,M1,19719,28,19747,-424,0,424
Job_257,3,19556,21261,M5,19719,74,19793,-1468,0,1468
Job_238,9,18116,19826,M3,19747,79,19826,0,0,0
Job_248,6,18802,20171,M6,19750,46,19796,-375,0,375
Job_239,9,18165,19829,M8,19755,74,19829,0,0,0
Job_245,9,18521,19798,M9,19777,21,19798,0,0,0
Job_252,6,19019,20591,M0,19792,47,19839,-752,0,752
Job_258,1,19605,21284,M1,19792,69,19861,-1423,0,1423
Job_257,4,19556,21261,M4,19793,32,19825,-1436,0,1436
Job_248,7,18802,20171,M5,19796,46,19842,-329,0,329
Job_249,7,18863,20202,M6,19796,89,19885,-317,0,317
Job_256,5,19453,21001,M9,19798,76,19874,-1127,0,1127
Job_259,2,19660,21043,M4,19825,75,19900,-1143,0,1143
Job_255,2,19421,20982,M3,19826,76,19902,-1080,0,1080
Job_253,7,19057,20572,M8,19829,89,19918,-654,0,654
Job_260,0,19831,21241,M2,19831,84,19915,-1326,0,1326
Job_248,8,18802,20171,M7,19842,72,19914,-257,0,257
Job_263,0,19843,21327,M1,19861,91,19952,-1375,0,1375
Job_256,6,19453,21001,M5,19874,47,19921,-1080,0,1080
Job_249,8,18863,20202,M9,19885,45,19930,-272,0,272
Job_254,5,19203,20759,M6,19885,88,19973,-786,0,786
Job_258,2,19605,21284,M3,19902,76,19978,-1306,0,1306
Job_262,0,19842,20890,M2,19915,14,19929,-961,0,961
Job_250,5,18914,20803,M8,19918,52,19970,-833,0,833
Job_253,8,19057,20572,M7,19918,30,19948,-624,0,624
Job_255,3,19421,20982,M5,19921,51,19972,-1010,0,1010
Job_262,1,19842,20890,M0,19929,6,19935,-955,0,955
Job_259,3,19660,21043,M9,19930,11,19941,-1102,0,1102
Job_262,2,19842,20890,M1,19952,22,19974,-916,0,916
Job_263,1,19843,21327,M0,19952,85,20037,-1290,0,1290
Job_250,6,18914,20803,M7,19970,85,20055,-748,0,748
Job_255,4,19421,20982,M2,19972,85,20057,-925,0,925
Job_252,7,19019,20591,M6,19973,65,20038,-553,0,553
Job_254,6,19203,20759,M8,19973,19,19992,-767,0,767
Job_260,1,19831,21241,M1,19974,2,19976,-1265,0,1265
Job_260,2,19831,21241,M5,19976,52,20028,-1213,0,1213
Job_261,0,19836,21954,M1,19976,81,20057,-1897,0,1897
Job_259,4,19660,21043,M3,19978,69,20047,-996,0,996
Job_254,7,19203,20759,M9,19992,48,20040,-719,0,719
Job_244,9,18403,20055,M4,20022,33,20055,0,0,0
Job_262,3,19842,20890,M5,20033,61,20094,-796,0,796
Job_264,0,19961,20693,M0,20037,29,20066,-627,0,627
Job_257,5,19556,21261,M6,20038,88,20126,-1135,0,1135
Job_263,2,19843,21327,M3,20047,39,20086,-1241,0,1241
Job_252,8,19019,20591,M4,20055,6,20061,-530,0,530
Job_254,8,19203,20759,M7,20055,36,20091,-668,0,668
Job_255,5,19421,20982,M9,20057,11,20068,-914,0,914
Job_261,1,19836,21954,M2,20057,95,20152,-1802,0,1802
Job_265,0,20060,22123,M1,20060,85,20145,-1978,0,1978
Job_258,3,19605,21284,M5,20094,51,20145,-1139,0,1139
Job_262,4,19842,20890,M3,20094,26,20120,-770,0,770
Job_260,3,19831,21241,M3,20120,95,20215,-1026,0,1026
Job_255,6,19421,20982,M6,20126,40,20166,-816,0,816
Job_248,9,18802,20171,M8,20141,30,20171,0,0,0
Job_264,1,19961,20693,M1,20145,78,20223,-470,0,470
Job_265,1,20060,22123,M0,20145,13,20158,-1965,0,1965
Job_261,2,19836,21954,M0,20158,71,20229,-1725,0,1725
Job_265,2,20060,22123,M2,20158,61,20219,-1904,0,1904
Job_255,7,19421,20982,M7,20166,89,20255,-727,0,727
Job_249,9,18863,20202,M4,20169,33,20202,0,0,0
Job_257,6,19556,21261,M8,20171,19,20190,-1071,0,1071
Job_257,7,19556,21261,M9,20190,48,20238,-1023,0,1023
Job_262,5,19842,20890,M4,20202,69,20271,-619,0,619
Job_250,7,18914,20803,M3,20215,98,20313,-490,0,490
Job_258,4,19605,21284,M2,20219,85,20304,-980,0,980
Job_259,5,19660,21043,M1,20223,28,20251,-792,0,792
Job_265,3,20060,22123,M6,20225,7,20232,-1891,0,1891
Job_265,4,20060,22123,M8,20232,64,20296,-1827,0,1827
Job_259,6,19660,21043,M6,20251,46,20297,-746,0,746
Job_257,8,19556,21261,M7,20255,36,20291,-970,0,970
Job_255,8,19421,20982,M4,20271,26,20297,-685,0,685
Job_260,4,19831,21241,M8,20296,48,20344,-897,0,897
Job_265,5,20060,22123,M9,20296,76,20372,-1751,0,1751
Job_259,7,19660,21043,M5,20297,46,20343,-700,0,700
Job_264,2,19961,20693,M2,20304,9,20313,-380,0,380
Job_263,3,19843,21327,M2,20313,74,20387,-940,0,940
Job_264,3,19961,20693,M3,20313,36,20349,-344,0,344
Job_262,6,19842,20890,M8,20344,21,20365,-525,0,525
Job_256,7,19453,21001,M3,20349,52,20401,-600,0,600
Job_264,4,19961,20693,M4,20349,49,20398,-295,0,295
Job_246,9,18620,20415,M7,20370,45,20415,0,0,0
Job_260,5,19831,21241,M9,20372,72,20444,-797,0,797
Job_265,6,20060,22123,M5,20372,47,20419,-1704,0,1704
Job_263,4,19843,21327,M8,20387,90,20477,-850,0,850
Job_261,3,19836,21954,M4,20398,99,20497,-1457,0,1457
Job_262,7,19842,20890,M7,20415,49,20464,-426,0,426
Job_264,5,19961,20693,M5,20419,11,20430,-263,0,263
Job_265,7,20060,22123,M3,20419,52,20471,-1652,0,1652
Job_264,6,19961,20693,M6,20430,62,20492,-201,0,201
Job_250,8,18914,20803,M9,20444,22,20466,-337,0,337
Job_260,6,19831,21241,M0,20444,47,20491,-750,0,750
Job_262,8,19842,20890,M9,20466,72,20538,-352,0,352
Job_263,5,19843,21327,M5,20477,10,20487,-840,0,840
Job_263,6,19843,21327,M7,20487,12,20499,-828,0,828
Job_261,4,19836,21954,M6,20497,9,20506,-1448,0,1448
Job_264,7,19961,20693,M7,20499,56,20555,-138,0,138
Job_261,5,19836,21954,M8,20506,52,20558,-1396,0,1396
Job_260,7,19831,21241,M6,20510,65,20575,-666,0,666
Job_253,9,19057,20572,M4,20517,55,20572,0,0,0
Job_258,5,19605,21284,M9,20538,11,20549,-735,0,735
Job_264,8,19961,20693,M8,20558,44,20602,-91,0,91
Job_252,9,19019,20591,M7,20566,25,20591,0,0,0
Job_256,8,19453,21001,M4,20572,90,20662,-339,0,339
Job_258,6,19605,21284,M6,20575,40,20615,-669,0,669
Job_259,8,19660,21043,M7,20591,72,20663,-380,0,380
Job_263,7,19843,21327,M6,20615,89,20704,-623,0,623
Job_260,8,19831,21241,M4,20662,6,20668,-573,0,573
Job_242,9,18396,20706,M5,20663,43,20706,0,0,0
Job_258,7,19605,21284,M7,20663,89,20752,-532,0,532
Job_265,8,20060,22123,M4,20668,90,20758,-1365,0,1365
Job_264,9,19961,20693,M9,20672,21,20693,0,0,0
Job_254,9,19203,20759,M3,20680,79,20759,0,0,0
Job_263,8,19843,21327,M9,20704,45,20749,-578,0,578
Job_261,6,19836,21954,M7,20752,85,20837,-1117,0,1117
Job_258,8,19605,21284,M4,20758,26,20784,-500,0,500
Job_250,9,18914,20803,M5,20760,43,20803,0,0,0
Job_261,7,19836,21954,M3,20837,98,20935,-1019,0,1019
Job_262,9,19842,20890,M6,20837,53,20890,0,0,0
Job_255,9,19421,20982,M8,20908,74,20982,0,0,0
Job_261,8,19836,21954,M9,20935,22,20957,-997,0,997
Job_256,9,19453,21001,M7,20956,45,21001,0,0,0
Job_259,9,19660,21043,M8,21013,30,21043,0,0,0
Job_257,9,19556,21261,M3,21182,79,21261,0,0,0
Job_258,9,19605,21284,M8,21210,74,21284,0,0,0
Job_260,9,19831,21241,M7,21216,25,21241,0,0,0
Job_263,9,19843,21327,M4,21294,33,21327,0,0,0
Job_261,9,19836,21954,M5,21911,43,21954,0,0,0
Job_265,9,20060,22123,M7,22078,45,22123,0,0,0
