Job,Operation,Arrival,Deadline,Machine,Start,Processing Time,End,Lateness,Tardiness,Earliness
Job_186,3,14082,15217,M5,14402,61,14463,-754,0,754
Job_183,5,13900,15078,M1,14406,28,14434,-644,0,644
Job_178,7,13443,14358,M9,14407,48,14455,97,97,0
Job_174,5,13154,14711,M8,14423,52,14475,-236,0,236
Job_187,2,14083,15645,M3,14424,39,14463,-1182,0,1182
Job_190,0,14400,15597,M0,14429,29,14458,-1139,0,1139
Job_188,2,14201,16045,M2,14433,9,14442,-1603,0,1603
Job_189,0,14300,15888,M1,14434,85,14519,-1369,0,1369
Job_185,1,14076,15975,M2,14442,95,14537,-1438,0,1438
Job_177,6,13297,14430,M9,14455,32,14487,57,57,0
Job_178,8,13443,14358,M7,14455,36,14491,133,133,0
Job_186,4,14082,15217,M3,14463,26,14489,-728,0,728
Job_166,8,12636,14531,M9,14487,22,14509,-22,0,22
Job_177,7,13297,14430,M8,14487,89,14576,146,146,0
Job_186,5,14082,15217,M4,14489,69,14558,-659,0,659
Job_174,6,13154,14711,M7,14491,85,14576,-135,0,135
Job_178,9,13443,14358,M3,14491,79,14570,212,212,0
Job_175,9,13191,14400,M6,14508,53,14561,161,161,0
Job_166,9,12636,14531,M5,14509,43,14552,21,21,0
Job_173,8,13103,14547,M9,14509,45,14554,7,7,0
Job_181,2,13796,15584,M1,14519,46,14565,-1019,0,1019
Job_185,2,14076,15975,M0,14537,71,14608,-1367,0,1367
Job_187,3,14083,15645,M2,14537,74,14611,-1034,0,1034
Job_179,5,13661,15443,M9,14554,11,14565,-878,0,878
Job_173,9,13103,14547,M4,14558,33,14591,44,44,0
Job_179,6,13661,15443,M6,14565,40,14605,-838,0,838
Job_180,5,13693,14983,M9,14565,76,14641,-342,0,342
Job_184,1,14071,15727,M1,14565,2,14567,-1160,0,1160
Job_181,3,13796,15584,M5,14567,74,14641,-943,0,943
Job_192,0,14543,16005,M1,14567,91,14658,-1347,0,1347
Job_174,7,13154,14711,M3,14576,98,14674,-37,0,37
Job_177,8,13297,14430,M7,14576,30,14606,176,176,0
Job_186,6,14082,15217,M8,14590,21,14611,-606,0,606
Job_183,6,13900,15078,M6,14605,46,14651,-427,0,427
Job_177,9,13297,14430,M4,14606,55,14661,231,231,0
Job_179,7,13661,15443,M7,14606,89,14695,-748,0,748
Job_189,1,14300,15888,M0,14608,13,14621,-1267,0,1267
Job_187,4,14083,15645,M8,14611,90,14701,-944,0,944
Job_189,2,14300,15888,M2,14621,61,14682,-1206,0,1206
Job_180,6,13693,14983,M5,14641,47,14688,-295,0,295
Job_191,0,14482,16016,M0,14641,43,14684,-1332,0,1332
Job_182,1,13845,15634,M1,14658,69,14727,-907,0,907
Job_185,3,14076,15975,M4,14661,99,14760,-1215,0,1215
Job_174,8,13154,14711,M9,14674,22,14696,-15,0,15
Job_176,3,13259,15372,M3,14674,95,14769,-603,0,603
Job_194,0,14631,15780,M2,14682,14,14696,-1084,0,1084
Job_192,1,14543,16005,M0,14684,85,14769,-1236,0,1236
Job_174,9,13154,14711,M5,14696,43,14739,28,28,0
Job_186,7,14082,15217,M7,14696,49,14745,-472,0,472
Job_195,0,14699,16613,M2,14699,84,14783,-1830,0,1830
Job_190,1,14400,15597,M1,14727,78,14805,-792,0,792
Job_187,5,14083,15645,M5,14739,10,14749,-896,0,896
Job_186,8,14082,15217,M9,14745,72,14817,-400,0,400
Job_183,7,13900,15078,M5,14749,46,14795,-283,0,283
Job_187,6,14083,15645,M7,14749,12,14761,-884,0,884
Job_179,8,13661,15443,M4,14760,26,14786,-657,0,657
Job_187,7,14083,15645,M6,14762,89,14851,-794,0,794
Job_176,4,13259,15372,M8,14769,48,14817,-555,0,555
Job_180,7,13693,14983,M3,14769,52,14821,-162,0,162
Job_194,1,14631,15780,M0,14769,6,14775,-1005,0,1005
Job_183,8,13900,15078,M7,14795,72,14867,-211,0,211
Job_190,2,14400,15597,M2,14805,9,14814,-783,0,783
Job_195,1,14699,16613,M1,14805,2,14807,-1806,0,1806
Job_196,0,14737,15738,M1,14807,46,14853,-885,0,885
Job_181,4,13796,15584,M4,14816,32,14848,-736,0,736
Job_176,5,13259,15372,M9,14817,72,14889,-483,0,483
Job_182,2,13845,15634,M3,14821,76,14897,-737,0,737
Job_184,2,14071,15727,M5,14836,52,14888,-839,0,839
Job_180,8,13693,14983,M4,14848,90,14938,-45,0,45
Job_189,3,14300,15888,M6,14851,7,14858,-1030,0,1030
Job_194,2,14631,15780,M1,14853,22,14875,-905,0,905
Job_196,1,14737,15738,M0,14853,37,14890,-848,0,848
Job_191,1,14482,16016,M2,14857,90,14947,-1069,0,1069
Job_185,4,14076,15975,M6,14858,9,14867,-1108,0,1108
Job_189,4,14300,15888,M8,14858,64,14922,-966,0,966
Job_181,5,13796,15584,M6,14867,88,14955,-629,0,629
Job_193,0,14594,16529,M1,14875,81,14956,-1573,0,1573
Job_187,8,14083,15645,M9,14889,45,14934,-711,0,711
Job_176,6,13259,15372,M0,14890,47,14937,-435,0,435
Job_182,3,13845,15634,M5,14897,51,14948,-686,0,686
Job_184,3,14071,15727,M3,14897,95,14992,-735,0,735
Job_185,5,14076,15975,M8,14922,52,14974,-1001,0,1001
Job_189,5,14300,15888,M9,14934,76,15010,-878,0,878
Job_180,9,13693,14983,M7,14938,45,14983,0,0,0
Job_191,2,14482,16016,M4,14947,75,15022,-994,0,994
Job_182,4,13845,15634,M2,14948,85,15033,-601,0,601
Job_194,3,14631,15780,M5,14948,61,15009,-771,0,771
Job_176,7,13259,15372,M6,14955,65,15020,-352,0,352
Job_181,6,13796,15584,M8,14974,19,14993,-591,0,591
Job_185,6,14076,15975,M7,14983,85,15068,-907,0,907
Job_190,3,14400,15597,M3,14992,36,15028,-569,0,569
Job_184,4,14071,15727,M8,14993,48,15041,-686,0,686
Job_189,6,14300,15888,M5,15010,47,15057,-831,0,831
Job_176,8,13259,15372,M4,15022,6,15028,-344,0,344
Job_188,3,14201,16045,M3,15028,36,15064,-981,0,981
Job_190,4,14400,15597,M4,15028,49,15077,-520,0,520
Job_182,5,13845,15634,M9,15033,11,15044,-590,0,590
Job_193,1,14594,16529,M2,15033,95,15128,-1401,0,1401
Job_182,6,13845,15634,M6,15044,40,15084,-550,0,550
Job_183,9,13900,15078,M8,15048,30,15078,0,0,0
Job_184,5,14071,15727,M9,15056,72,15128,-599,0,599
Job_189,7,14300,15888,M3,15064,52,15116,-772,0,772
Job_188,4,14201,16045,M4,15077,49,15126,-919,0,919
Job_190,5,14400,15597,M5,15077,11,15088,-509,0,509
Job_182,7,13845,15634,M7,15084,89,15173,-461,0,461
Job_190,6,14400,15597,M6,15088,62,15150,-447,0,447
Job_195,2,14699,16613,M5,15088,52,15140,-1473,0,1473
Job_196,2,14737,15738,M3,15116,61,15177,-561,0,561
Job_189,8,14300,15888,M4,15126,90,15216,-672,0,672
Job_184,6,14071,15727,M0,15128,47,15175,-552,0,552
Job_191,3,14482,16016,M9,15128,11,15139,-877,0,877
Job_199,0,15133,16477,M1,15133,85,15218,-1259,0,1259
Job_181,7,13796,15584,M9,15139,48,15187,-397,0,397
Job_188,5,14201,16045,M5,15140,11,15151,-894,0,894
Job_186,9,14082,15217,M6,15150,53,15203,-14,0,14
Job_190,7,14400,15597,M7,15173,56,15229,-368,0,368
Job_192,2,14543,16005,M3,15177,39,15216,-789,0,789
Job_196,3,14737,15738,M2,15177,13,15190,-548,0,548
Job_197,0,14883,16825,M2,15193,31,15224,-1601,0,1601
Job_196,4,14737,15738,M6,15203,32,15235,-503,0,503
Job_182,8,13845,15634,M4,15216,26,15242,-392,0,392
Job_194,4,14631,15780,M3,15216,26,15242,-538,0,538
Job_199,1,15133,16477,M0,15218,13,15231,-1246,0,1246
Job_181,8,13796,15584,M7,15229,36,15265,-319,0,319
Job_198,0,15101,16739,M0,15231,76,15307,-1432,0,1432
Job_188,6,14201,16045,M6,15235,62,15297,-748,0,748
Job_196,5,14737,15738,M5,15235,21,15256,-482,0,482
Job_200,0,15236,16980,M2,15236,31,15267,-1713,0,1713
Job_191,4,14482,16016,M3,15242,69,15311,-705,0,705
Job_190,8,14400,15597,M8,15244,44,15288,-309,0,309
Job_196,6,14737,15738,M9,15256,32,15288,-450,0,450
Job_199,2,15133,16477,M2,15267,61,15328,-1149,0,1149
Job_194,5,14631,15780,M4,15288,69,15357,-423,0,423
Job_196,7,14737,15738,M8,15288,89,15377,-361,0,361
Job_188,7,14201,16045,M7,15297,56,15353,-692,0,692
Job_197,1,14883,16825,M0,15307,86,15393,-1432,0,1432
Job_185,7,14076,15975,M3,15311,98,15409,-566,0,566
Job_191,5,14482,16016,M1,15311,28,15339,-677,0,677
Job_192,3,14543,16005,M2,15328,74,15402,-603,0,603
Job_199,3,15133,16477,M6,15328,7,15335,-1142,0,1142
Job_191,6,14482,16016,M6,15339,46,15385,-631,0,631
Job_198,1,15101,16739,M1,15339,69,15408,-1331,0,1331
Job_176,9,13259,15372,M7,15353,25,15378,6,6,0
Job_179,9,13661,15443,M8,15377,74,15451,8,8,0
Job_196,8,14737,15738,M7,15378,30,15408,-330,0,330
Job_184,7,14071,15727,M6,15385,65,15450,-277,0,277
Job_191,7,14482,16016,M5,15385,46,15431,-585,0,585
Job_193,2,14594,16529,M0,15393,71,15464,-1065,0,1065
Job_197,2,14883,16825,M1,15408,46,15454,-1371,0,1371
Job_185,8,14076,15975,M9,15409,22,15431,-544,0,544
Job_198,2,15101,16739,M3,15409,76,15485,-1254,0,1254
Job_191,8,14482,16016,M7,15431,72,15503,-513,0,513
Job_184,8,14071,15727,M4,15450,6,15456,-271,0,271
Job_194,6,14631,15780,M8,15451,21,15472,-308,0,308
Job_197,3,14883,16825,M5,15454,74,15528,-1297,0,1297
Job_193,3,14594,16529,M4,15464,99,15563,-966,0,966
Job_202,0,15340,16919,M0,15464,43,15507,-1412,0,1412
Job_192,4,14543,16005,M8,15472,90,15562,-443,0,443
Job_194,7,14631,15780,M7,15503,49,15552,-228,0,228
Job_181,9,13796,15584,M3,15505,79,15584,0,0,0
Job_201,0,15285,17077,M0,15507,76,15583,-1494,0,1494
Job_204,0,15516,17377,M1,15516,81,15597,-1780,0,1780
Job_205,0,15522,16813,M2,15522,14,15536,-1277,0,1277
Job_203,0,15511,17108,M2,15536,84,15620,-1488,0,1488
Job_182,9,13845,15634,M8,15562,74,15636,2,2,0
Job_192,5,14543,16005,M5,15562,10,15572,-433,0,433
Job_193,4,14594,16529,M6,15563,9,15572,-957,0,957
Job_197,4,14883,16825,M4,15563,32,15595,-1230,0,1230
Job_192,6,14543,16005,M7,15572,12,15584,-421,0,421
Job_198,3,15101,16739,M5,15572,51,15623,-1116,0,1116
Job_190,9,14400,15597,M9,15576,21,15597,0,0,0
Job_192,7,14543,16005,M6,15584,89,15673,-332,0,332
Job_195,3,14699,16613,M3,15584,95,15679,-934,0,934
Job_205,1,15522,16813,M0,15593,6,15599,-1214,0,1214
Job_194,8,14631,15780,M9,15597,72,15669,-111,0,111
Job_187,9,14083,15645,M4,15612,33,15645,0,0,0
Job_203,1,15511,17108,M1,15620,2,15622,-1486,0,1486
Job_204,1,15516,17377,M2,15620,95,15715,-1662,0,1662
Job_205,2,15522,16813,M1,15622,22,15644,-1169,0,1169
Job_203,2,15511,17108,M5,15623,52,15675,-1433,0,1433
Job_199,4,15133,16477,M8,15636,64,15700,-777,0,777
Job_207,0,15641,17015,M0,15641,29,15670,-1345,0,1345
Job_207,1,15641,17015,M1,15670,78,15748,-1267,0,1267
Job_205,3,15522,16813,M5,15675,61,15736,-1077,0,1077
Job_196,9,14737,15738,M4,15683,55,15738,0,0,0
Job_195,4,14699,16613,M8,15700,48,15748,-865,0,865
Job_199,5,15133,16477,M9,15700,76,15776,-701,0,701
Job_184,9,14071,15727,M7,15702,25,15727,0,0,0
Job_204,2,15516,17377,M0,15715,71,15786,-1591,0,1591
Job_194,9,14631,15780,M6,15727,53,15780,0,0,0
Job_188,8,14201,16045,M8,15748,44,15792,-253,0,253
Job_207,2,15641,17015,M2,15748,9,15757,-1258,0,1258
Job_208,0,15740,17249,M1,15748,85,15833,-1416,0,1416
Job_198,4,15101,16739,M2,15757,85,15842,-897,0,897
Job_207,3,15641,17015,M3,15757,36,15793,-1222,0,1222
Job_195,5,14699,16613,M9,15776,72,15848,-765,0,765
Job_199,6,15133,16477,M5,15776,47,15823,-654,0,654
Job_197,5,14883,16825,M6,15780,88,15868,-957,0,957
Job_193,5,14594,16529,M8,15792,52,15844,-685,0,685
Job_205,4,15522,16813,M3,15793,26,15819,-994,0,994
Job_207,4,15641,17015,M4,15793,49,15842,-1173,0,1173
Job_203,3,15511,17108,M3,15819,95,15914,-1194,0,1194
Job_206,0,15523,17371,M1,15833,91,15924,-1447,0,1447
Job_208,1,15740,17249,M0,15833,13,15846,-1403,0,1403
Job_202,1,15340,16919,M2,15842,90,15932,-987,0,987
Job_205,5,15522,16813,M4,15842,69,15911,-902,0,902
Job_207,5,15641,17015,M5,15842,11,15853,-1162,0,1162
Job_189,9,14300,15888,M7,15843,45,15888,0,0,0
Job_209,0,15840,16932,M0,15846,29,15875,-1057,0,1057
Job_192,8,14543,16005,M9,15848,45,15893,-112,0,112
Job_197,6,14883,16825,M8,15868,19,15887,-938,0,938
Job_207,6,15641,17015,M6,15868,62,15930,-1085,0,1085
Job_195,6,14699,16613,M0,15891,47,15938,-675,0,675
Job_197,7,14883,16825,M9,15893,48,15941,-884,0,884
Job_205,6,15522,16813,M8,15911,21,15932,-881,0,881
Job_199,7,15133,16477,M3,15914,52,15966,-511,0,511
Job_201,1,15285,17077,M1,15924,69,15993,-1084,0,1084
Job_207,7,15641,17015,M7,15930,56,15986,-1029,0,1029
Job_185,9,14076,15975,M5,15932,43,15975,0,0,0
Job_203,4,15511,17108,M8,15932,48,15980,-1128,0,1128
Job_208,2,15740,17249,M2,15932,61,15993,-1256,0,1256
Job_195,7,14699,16613,M6,15938,65,16003,-610,0,610
Job_200,1,15236,16980,M0,15938,86,16024,-956,0,956
Job_198,5,15101,16739,M9,15941,11,15952,-787,0,787
Job_192,9,14543,16005,M4,15972,33,16005,0,0,0
Job_191,9,14482,16016,M8,15986,30,16016,0,0,0
Job_193,6,14594,16529,M7,15986,85,16071,-458,0,458
Job_201,2,15285,17077,M3,15993,76,16069,-1008,0,1008
Job_208,3,15740,17249,M6,16003,7,16010,-1239,0,1239
Job_199,8,15133,16477,M4,16005,90,16095,-382,0,382
Job_198,6,15101,16739,M6,16010,40,16050,-689,0,689
Job_207,8,15641,17015,M8,16016,44,16060,-955,0,955
Job_188,9,14201,16045,M9,16024,21,16045,0,0,0
Job_200,2,15236,16980,M1,16024,46,16070,-910,0,910
Job_206,1,15523,17371,M0,16024,85,16109,-1262,0,1262
Job_203,5,15511,17108,M9,16045,72,16117,-991,0,991
Job_208,4,15740,17249,M8,16060,64,16124,-1125,0,1125
Job_201,3,15285,17077,M5,16069,51,16120,-957,0,957
Job_211,0,15983,17362,M1,16070,91,16161,-1201,0,1201
Job_193,7,14594,16529,M3,16071,98,16169,-360,0,360
Job_198,7,15101,16739,M7,16071,89,16160,-579,0,579
Job_213,0,16071,17280,M2,16071,14,16085,-1195,0,1195
Job_202,2,15340,16919,M4,16095,75,16170,-749,0,749
Job_213,1,16071,17280,M0,16109,6,16115,-1165,0,1165
Job_203,6,15511,17108,M0,16117,47,16164,-944,0,944
Job_200,3,15236,16980,M5,16120,74,16194,-786,0,786
Job_201,4,15285,17077,M2,16120,85,16205,-872,0,872
Job_208,5,15740,17249,M9,16124,76,16200,-1049,0,1049
Job_197,8,14883,16825,M7,16160,36,16196,-629,0,629
Job_209,1,15840,16932,M1,16161,78,16239,-693,0,693
Job_203,7,15511,17108,M6,16164,65,16229,-879,0,879
Job_211,1,15983,17362,M0,16164,85,16249,-1113,0,1113
Job_206,2,15523,17371,M3,16169,39,16208,-1163,0,1163
Job_195,8,14699,16613,M4,16170,6,16176,-437,0,437
Job_204,3,15516,17377,M4,16176,99,16275,-1102,0,1102
Job_205,7,15522,16813,M7,16196,49,16245,-568,0,568
Job_208,6,15740,17249,M5,16200,47,16247,-1002,0,1002
Job_201,5,15285,17077,M9,16205,11,16216,-861,0,861
Job_206,3,15523,17371,M2,16208,74,16282,-1089,0,1089
Job_193,8,14594,16529,M9,16216,22,16238,-291,0,291
Job_201,6,15285,17077,M6,16229,40,16269,-808,0,808
Job_202,3,15340,16919,M9,16238,11,16249,-670,0,670
Job_213,2,16071,17280,M1,16239,22,16261,-1019,0,1019
Job_208,7,15740,17249,M3,16247,52,16299,-950,0,950
Job_205,8,15522,16813,M9,16249,72,16321,-492,0,492
Job_210,0,15922,17088,M0,16249,43,16292,-796,0,796
Job_213,3,16071,17280,M5,16261,61,16322,-958,0,958
Job_215,0,16177,17341,M1,16261,46,16307,-1034,0,1034
Job_201,7,15285,17077,M7,16269,89,16358,-719,0,719
Job_198,8,15101,16739,M4,16275,26,16301,-438,0,438
Job_204,4,15516,17377,M6,16275,9,16284,-1093,0,1093
Job_209,2,15840,16932,M2,16282,9,16291,-641,0,641
Job_204,5,15516,17377,M8,16284,52,16336,-1041,0,1041
Job_202,4,15340,16919,M3,16299,69,16368,-551,0,551
Job_200,4,15236,16980,M4,16301,32,16333,-647,0,647
Job_215,1,16177,17341,M0,16307,37,16344,-997,0,997
Job_216,0,16323,17913,M2,16323,31,16354,-1559,0,1559
Job_200,5,15236,16980,M6,16333,88,16421,-559,0,559
Job_203,8,15511,17108,M4,16333,6,16339,-769,0,769
Job_210,1,15922,17088,M2,16354,90,16444,-644,0,644
Job_216,1,16323,17913,M0,16354,86,16440,-1473,0,1473
Job_201,8,15285,17077,M4,16358,26,16384,-693,0,693
Job_202,5,15340,16919,M1,16368,28,16396,-523,0,523
Job_211,2,15983,17362,M3,16368,39,16407,-955,0,955
Job_208,8,15740,17249,M4,16384,90,16474,-775,0,775
Job_212,0,16034,18093,M1,16396,81,16477,-1616,0,1616
Job_209,3,15840,16932,M3,16407,36,16443,-489,0,489
Job_200,6,15236,16980,M8,16421,19,16440,-540,0,540
Job_202,6,15340,16919,M6,16421,46,16467,-452,0,452
Job_199,9,15133,16477,M7,16432,45,16477,0,0,0
Job_200,7,15236,16980,M9,16440,48,16488,-492,0,492
Job_206,4,15523,17371,M8,16440,90,16530,-841,0,841
Job_215,2,16177,17341,M3,16443,61,16504,-837,0,837
Job_211,3,15983,17362,M2,16444,74,16518,-844,0,844
Job_209,4,15840,16932,M4,16474,49,16523,-409,0,409
Job_204,6,15516,17377,M7,16477,85,16562,-815,0,815
Job_216,2,16323,17913,M1,16477,46,16523,-1390,0,1390
Job_193,9,14594,16529,M5,16486,43,16529,0,0,0
Job_213,4,16071,17280,M3,16504,26,16530,-750,0,750
Job_215,3,16177,17341,M2,16518,13,16531,-810,0,810
Job_210,2,15922,17088,M4,16523,75,16598,-490,0,490
Job_209,5,15840,16932,M5,16529,11,16540,-392,0,392
Job_211,4,15983,17362,M8,16530,90,16620,-742,0,742
Job_214,0,16139,17497,M2,16531,84,16615,-882,0,882
Job_215,4,16177,17341,M6,16531,32,16563,-778,0,778
Job_202,7,15340,16919,M5,16540,46,16586,-333,0,333
Job_217,0,16541,18687,M0,16541,76,16617,-2070,0,2070
Job_204,7,15516,17377,M3,16562,98,16660,-717,0,717
Job_209,6,15840,16932,M6,16563,62,16625,-307,0,307
Job_218,0,16573,18387,M1,16573,85,16658,-1729,0,1729
Job_206,5,15523,17371,M5,16586,10,16596,-775,0,775
Job_195,9,14699,16613,M7,16588,25,16613,0,0,0
Job_215,5,16177,17341,M5,16596,21,16617,-724,0,724
Job_210,3,15922,17088,M9,16598,11,16609,-479,0,479
Job_213,5,16071,17280,M4,16598,69,16667,-613,0,613
Job_206,6,15523,17371,M7,16613,12,16625,-746,0,746
Job_215,6,16177,17341,M9,16617,32,16649,-692,0,692
Job_216,3,16323,17913,M5,16617,74,16691,-1222,0,1222
Job_202,8,15340,16919,M7,16625,72,16697,-222,0,222
Job_206,7,15523,17371,M6,16625,89,16714,-657,0,657
Job_217,1,16541,18687,M1,16658,69,16727,-1960,0,1960
Job_218,1,16573,18387,M0,16658,13,16671,-1716,0,1716
Job_204,8,15516,17377,M9,16660,22,16682,-695,0,695
Job_210,4,15922,17088,M3,16660,69,16729,-359,0,359
Job_198,9,15101,16739,M8,16665,74,16739,0,0,0
Job_219,0,16676,18339,M2,16676,31,16707,-1632,0,1632
Job_211,5,15983,17362,M5,16691,10,16701,-661,0,661
Job_216,4,16323,17913,M4,16691,32,16723,-1190,0,1190
Job_200,8,15236,16980,M7,16697,36,16733,-247,0,247
Job_212,1,16034,18093,M2,16707,95,16802,-1291,0,1291
Job_219,1,16676,18339,M0,16707,86,16793,-1546,0,1546
Job_206,8,15523,17371,M9,16714,45,16759,-612,0,612
Job_214,1,16139,17497,M1,16727,2,16729,-768,0,768
Job_210,5,15922,17088,M1,16729,28,16757,-331,0,331
Job_214,2,16139,17497,M5,16729,52,16781,-716,0,716
Job_209,7,15840,16932,M7,16733,56,16789,-143,0,143
Job_215,7,16177,17341,M8,16739,89,16828,-513,0,513
Job_197,9,14883,16825,M3,16746,79,16825,0,0,0
Job_205,9,15522,16813,M6,16760,53,16813,0,0,0
Job_211,6,15983,17362,M7,16789,12,16801,-561,0,561
Job_219,2,16676,18339,M1,16793,46,16839,-1500,0,1500
Job_221,0,16780,18240,M0,16793,43,16836,-1404,0,1404
Job_218,2,16573,18387,M2,16802,61,16863,-1524,0,1524
Job_210,6,15922,17088,M6,16813,46,16859,-229,0,229
Job_217,2,16541,18687,M3,16825,76,16901,-1786,0,1786
Job_209,8,15840,16932,M8,16828,44,16872,-60,0,60
Job_215,8,16177,17341,M7,16828,30,16858,-483,0,483
Job_220,0,16725,18287,M0,16836,76,16912,-1375,0,1375
Job_219,3,16676,18339,M5,16839,74,16913,-1426,0,1426
Job_211,7,15983,17362,M6,16859,89,16948,-414,0,414
Job_221,1,16780,18240,M2,16863,90,16953,-1287,0,1287
Job_202,9,15340,16919,M8,16889,30,16919,0,0,0
Job_200,9,15236,16980,M3,16901,79,16980,0,0,0
Job_209,9,15840,16932,M9,16911,21,16932,0,0,0
Job_212,2,16034,18093,M0,16912,71,16983,-1110,0,1110
Job_220,1,16725,18287,M1,16912,69,16981,-1306,0,1306
Job_210,7,15922,17088,M5,16913,46,16959,-129,0,129
Job_219,4,16676,18339,M4,16913,32,16945,-1394,0,1394
Job_213,6,16071,17280,M8,16919,21,16940,-340,0,340
Job_211,8,15983,17362,M9,16948,45,16993,-369,0,369
Job_219,5,16676,18339,M6,16948,88,17036,-1303,0,1303
Job_221,2,16780,18240,M4,16953,75,17028,-1212,0,1212
Job_222,0,16951,18817,M2,16953,84,17037,-1780,0,1780
Job_210,8,15922,17088,M7,16959,72,17031,-57,0,57
Job_217,3,16541,18687,M5,16959,51,17010,-1677,0,1677
Job_214,3,16139,17497,M3,16980,95,17075,-422,0,422
Job_223,0,16956,19335,M1,16981,81,17062,-2273,0,2273
Job_201,9,15285,17077,M8,16984,74,17058,-19,0,19
Job_207,9,15641,17015,M9,16994,21,17015,0,0,0
Job_212,3,16034,18093,M4,17028,99,17127,-966,0,966
Job_221,3,16780,18240,M9,17028,11,17039,-1201,0,1201
Job_213,7,16071,17280,M7,17031,49,17080,-200,0,200
Job_218,3,16573,18387,M6,17036,7,17043,-1344,0,1344
Job_224,0,16962,18401,M2,17037,14,17051,-1350,0,1350
Job_216,5,16323,17913,M6,17043,88,17131,-782,0,782
Job_217,4,16541,18687,M2,17051,85,17136,-1551,0,1551
Job_224,1,16962,18401,M0,17051,6,17057,-1344,0,1344
Job_210,9,15922,17088,M8,17058,30,17088,0,0,0
Job_224,2,16962,18401,M1,17062,22,17084,-1317,0,1317
Job_221,4,16780,18240,M3,17075,69,17144,-1096,0,1096
Job_213,8,16071,17280,M9,17080,72,17152,-128,0,128
Job_226,0,17081,18374,M0,17081,29,17110,-1264,0,1264
Job_203,9,15511,17108,M7,17083,25,17108,0,0,0
Job_222,1,16951,18817,M1,17084,2,17086,-1731,0,1731
Job_224,3,16962,18401,M5,17084,61,17145,-1256,0,1256
Job_225,0,16963,18955,M1,17086,91,17177,-1778,0,1778
Job_214,4,16139,17497,M8,17088,48,17136,-361,0,361
Job_212,4,16034,18093,M6,17131,9,17140,-953,0,953
Job_216,6,16323,17913,M8,17136,19,17155,-758,0,758
Job_223,1,16956,19335,M2,17136,95,17231,-2104,0,2104
Job_220,2,16725,18287,M3,17144,76,17220,-1067,0,1067
Job_214,5,16139,17497,M9,17152,72,17224,-273,0,273
Job_212,5,16034,18093,M8,17155,52,17207,-886,0,886
Job_227,0,17180,18429,M1,17185,85,17270,-1159,0,1159
Job_208,9,15740,17249,M7,17204,45,17249,0,0,0
Job_222,2,16951,18817,M5,17206,52,17258,-1559,0,1559
Job_218,4,16573,18387,M8,17207,64,17271,-1116,0,1116
Job_224,4,16962,18401,M3,17220,26,17246,-1155,0,1155
Job_214,6,16139,17497,M0,17224,47,17271,-226,0,226
Job_216,7,16323,17913,M9,17224,48,17272,-641,0,641
Job_213,9,16071,17280,M6,17227,53,17280,0,0,0
Job_212,6,16034,18093,M7,17249,85,17334,-759,0,759
Job_215,9,16177,17341,M4,17250,55,17305,-36,0,36
Job_220,3,16725,18287,M5,17258,51,17309,-978,0,978
Job_222,3,16951,18817,M3,17258,95,17353,-1464,0,1464
Job_221,5,16780,18240,M1,17270,28,17298,-942,0,942
Job_219,6,16676,18339,M8,17271,19,17290,-1049,0,1049
Job_227,1,17180,18429,M0,17271,13,17284,-1145,0,1145
Job_218,5,16573,18387,M9,17272,76,17348,-1039,0,1039
Job_214,7,16139,17497,M6,17280,65,17345,-152,0,152
Job_223,2,16956,19335,M0,17284,71,17355,-1980,0,1980
Job_227,2,17180,18429,M2,17284,61,17345,-1084,0,1084
Job_226,1,17081,18374,M1,17298,78,17376,-998,0,998
Job_211,9,15983,17362,M4,17305,33,17338,-24,0,24
Job_204,9,15516,17377,M5,17334,43,17377,0,0,0
Job_216,8,16323,17913,M7,17334,36,17370,-543,0,543
Job_206,9,15523,17371,M4,17338,33,17371,0,0,0
Job_220,4,16725,18287,M2,17345,85,17430,-857,0,857
Job_221,6,16780,18240,M6,17345,46,17391,-849,0,849
Job_217,5,16541,18687,M9,17348,11,17359,-1328,0,1328
Job_212,7,16034,18093,M3,17353,98,17451,-642,0,642
Job_222,4,16951,18817,M8,17353,48,17401,-1416,0,1416
Job_225,1,16963,18955,M0,17355,85,17440,-1515,0,1515
Job_219,7,16676,18339,M9,17359,48,17407,-932,0,932
Job_214,8,16139,17497,M4,17371,6,17377,-120,0,120
Job_224,5,16962,18401,M4,17377,69,17446,-955,0,955
Job_221,7,16780,18240,M5,17391,46,17437,-803,0,803
Job_227,3,17180,18429,M6,17391,7,17398,-1031,0,1031
Job_217,6,16541,18687,M6,17398,40,17438,-1249,0,1249
Job_219,8,16676,18339,M7,17407,36,17443,-896,0,896
Job_230,0,17423,18834,M1,17423,91,17514,-1320,0,1320
Job_220,5,16725,18287,M9,17430,11,17441,-846,0,846
Job_226,2,17081,18374,M2,17430,9,17439,-935,0,935
Job_218,6,16573,18387,M5,17437,47,17484,-903,0,903
Job_227,4,17180,18429,M8,17438,64,17502,-927,0,927
Job_229,0,17362,18608,M0,17440,43,17483,-1125,0,1125
Job_220,6,16725,18287,M6,17441,40,17481,-806,0,806
Job_223,3,16956,19335,M4,17446,99,17545,-1790,0,1790
Job_226,3,17081,18374,M3,17451,36,17487,-887,0,887
Job_214,9,16139,17497,M7,17472,25,17497,0,0,0
Job_228,0,17280,18595,M0,17483,29,17512,-1083,0,1083
Job_218,7,16573,18387,M3,17487,52,17539,-848,0,848
Job_220,7,16725,18287,M7,17497,89,17586,-701,0,701
Job_224,6,16962,18401,M8,17502,21,17523,-878,0,878
Job_227,5,17180,18429,M9,17502,76,17578,-851,0,851
Job_232,0,17511,18857,M2,17511,14,17525,-1332,0,1332
Job_228,1,17280,18595,M1,17514,78,17592,-1003,0,1003
Job_232,1,17511,18857,M0,17525,6,17531,-1326,0,1326
Job_230,1,17423,18834,M0,17531,85,17616,-1218,0,1218
Job_225,2,16963,18955,M3,17539,39,17578,-1377,0,1377
Job_223,4,16956,19335,M6,17545,9,17554,-1781,0,1781
Job_226,4,17081,18374,M4,17545,49,17594,-780,0,780
Job_223,5,16956,19335,M8,17554,52,17606,-1729,0,1729
Job_212,8,16034,18093,M9,17578,22,17600,-493,0,493
Job_225,3,16963,18955,M2,17578,74,17652,-1303,0,1303
Job_221,8,16780,18240,M7,17586,72,17658,-582,0,582
Job_232,2,17511,18857,M1,17592,22,17614,-1243,0,1243
Job_220,8,16725,18287,M4,17594,26,17620,-667,0,667
Job_226,5,17081,18374,M5,17594,11,17605,-769,0,769
Job_222,5,16951,18817,M9,17600,72,17672,-1145,0,1145
Job_226,6,17081,18374,M6,17605,62,17667,-707,0,707
Job_230,2,17423,18834,M3,17616,39,17655,-1179,0,1179
Job_234,0,17617,18948,M1,17617,46,17663,-1285,0,1285
Job_218,8,16573,18387,M4,17620,90,17710,-677,0,677
Job_227,6,17180,18429,M5,17630,47,17677,-752,0,752
Job_225,4,16963,18955,M8,17652,90,17742,-1213,0,1213
Job_229,1,17362,18608,M2,17652,90,17742,-866,0,866
Job_224,7,16962,18401,M7,17658,49,17707,-694,0,694
Job_231,0,17474,19564,M1,17663,81,17744,-1820,0,1820
Job_222,6,16951,18817,M0,17672,47,17719,-1098,0,1098
Job_227,7,17180,18429,M3,17677,52,17729,-700,0,700
Job_232,3,17511,18857,M5,17677,61,17738,-1119,0,1119
Job_224,8,16962,18401,M9,17707,72,17779,-622,0,622
Job_226,7,17081,18374,M7,17707,56,17763,-611,0,611
Job_222,7,16951,18817,M6,17719,65,17784,-1033,0,1033
Job_234,1,17617,18948,M0,17719,37,17756,-1192,0,1192
Job_227,8,17180,18429,M4,17729,90,17819,-610,0,610
Job_232,4,17511,18857,M3,17738,26,17764,-1093,0,1093
Job_225,5,16963,18955,M5,17742,10,17752,-1203,0,1203
Job_228,2,17280,18595,M2,17742,9,17751,-844,0,844
Job_217,7,16541,18687,M7,17763,89,17852,-835,0,835
Job_226,8,17081,18374,M8,17763,44,17807,-567,0,567
Job_235,0,17763,19614,M2,17763,31,17794,-1820,0,1820
Job_228,3,17280,18595,M3,17764,36,17800,-795,0,795
Job_230,3,17423,18834,M2,17794,74,17868,-966,0,966
Job_235,1,17763,19614,M0,17794,86,17880,-1734,0,1734
Job_222,8,16951,18817,M4,17819,6,17825,-992,0,992
Job_216,9,16323,17913,M3,17834,79,17913,0,0,0
Job_217,8,16541,18687,M4,17852,26,17878,-809,0,809
Job_225,6,16963,18955,M7,17852,12,17864,-1091,0,1091
Job_223,6,16956,19335,M7,17864,85,17949,-1386,0,1386
Job_225,7,16963,18955,M6,17864,89,17953,-1002,0,1002
Job_230,4,17423,18834,M8,17868,90,17958,-876,0,876
Job_233,0,17579,19372,M2,17868,84,17952,-1420,0,1420
Job_229,2,17362,18608,M4,17878,75,17953,-655,0,655
Job_235,2,17763,19614,M1,17880,46,17926,-1688,0,1688
Job_235,3,17763,19614,M5,17926,74,18000,-1614,0,1614
Job_223,7,16956,19335,M3,17949,98,18047,-1288,0,1288
Job_231,1,17474,19564,M2,17952,95,18047,-1517,0,1517
Job_233,1,17579,19372,M1,17952,2,17954,-1418,0,1418
Job_225,8,16963,18955,M9,17953,45,17998,-957,0,957
Job_228,4,17280,18595,M4,17953,49,18002,-593,0,593
Job_236,0,17981,19576,M0,17981,76,18057,-1519,0,1519
Job_229,3,17362,18608,M9,17998,11,18009,-599,0,599
Job_230,5,17423,18834,M5,18000,10,18010,-824,0,824
Job_232,5,17511,18857,M4,18002,69,18071,-786,0,786
Job_228,5,17280,18595,M5,18010,11,18021,-574,0,574
Job_230,6,17423,18834,M7,18010,12,18022,-812,0,812
Job_237,0,18013,19206,M1,18013,85,18098,-1108,0,1108
Job_228,6,17280,18595,M6,18021,62,18083,-512,0,512
Job_223,8,16956,19335,M9,18047,22,18069,-1266,0,1266
Job_229,4,17362,18608,M3,18047,69,18116,-492,0,492
Job_212,9,16034,18093,M5,18050,43,18093,0,0,0
Job_231,2,17474,19564,M0,18057,71,18128,-1436,0,1436
Job_232,6,17511,18857,M8,18071,21,18092,-765,0,765
Job_235,4,17763,19614,M4,18071,32,18103,-1511,0,1511
Job_228,7,17280,18595,M7,18083,56,18139,-456,0,456
Job_230,7,17423,18834,M6,18083,89,18172,-662,0,662
Job_233,2,17579,19372,M5,18093,52,18145,-1227,0,1227
Job_236,1,17981,19576,M1,18098,69,18167,-1409,0,1409
Job_234,2,17617,18948,M3,18116,61,18177,-771,0,771
Job_238,0,18116,19826,M2,18116,31,18147,-1679,0,1679
Job_231,3,17474,19564,M4,18128,99,18227,-1337,0,1337
Job_237,1,18013,19206,M0,18128,13,18141,-1065,0,1065
Job_228,8,17280,18595,M8,18139,44,18183,-412,0,412
Job_232,7,17511,18857,M7,18139,49,18188,-669,0,669
Job_237,2,18013,19206,M2,18147,61,18208,-998,0,998
Job_238,1,18116,19826,M0,18147,86,18233,-1593,0,1593
Job_229,5,17362,18608,M1,18167,28,18195,-413,0,413
Job_230,8,17423,18834,M9,18172,45,18217,-617,0,617
Job_235,5,17763,19614,M6,18172,88,18260,-1354,0,1354
Job_236,2,17981,19576,M3,18177,76,18253,-1323,0,1323
Job_221,9,16780,18240,M8,18183,30,18213,-27,0,27
Job_234,3,17617,18948,M2,18208,13,18221,-727,0,727
Job_220,9,16725,18287,M8,18213,74,18287,0,0,0
Job_232,8,17511,18857,M9,18217,72,18289,-568,0,568
Job_238,2,18116,19826,M1,18233,46,18279,-1547,0,1547
Job_240,0,18220,19242,M0,18233,43,18276,-966,0,966
Job_236,3,17981,19576,M5,18253,51,18304,-1272,0,1272
Job_219,9,16676,18339,M3,18260,79,18339,0,0,0
Job_229,6,17362,18608,M6,18260,46,18306,-302,0,302
Job_239,0,18165,19829,M0,18276,76,18352,-1477,0,1477
Job_240,1,18220,19242,M2,18276,90,18366,-876,0,876
Job_235,6,17763,19614,M8,18287,19,18306,-1308,0,1308
Job_238,3,18116,19826,M5,18304,74,18378,-1448,0,1448
Job_234,4,17617,18948,M6,18306,32,18338,-610,0,610
Job_237,3,18013,19206,M6,18338,7,18345,-861,0,861
Job_218,9,16573,18387,M7,18339,45,18384,-3,0,3
Job_233,3,17579,19372,M3,18339,95,18434,-938,0,938
Job_237,4,18013,19206,M8,18345,64,18409,-797,0,797
Job_224,9,16962,18401,M6,18348,53,18401,0,0,0
Job_226,9,17081,18374,M9,18353,21,18374,0,0,0
Job_236,4,17981,19576,M2,18366,85,18451,-1125,0,1125
Job_240,2,18220,19242,M4,18366,75,18441,-801,0,801
Job_235,7,17763,19614,M9,18374,48,18422,-1192,0,1192
Job_229,7,17362,18608,M5,18378,46,18424,-184,0,184
Job_227,9,17180,18429,M7,18384,45,18429,0,0,0
Job_242,0,18396,20706,M1,18396,81,18477,-2229,0,2229
Job_231,4,17474,19564,M6,18401,9,18410,-1154,0,1154
Job_231,5,17474,19564,M8,18410,52,18462,-1102,0,1102
Job_237,5,18013,19206,M9,18422,76,18498,-708,0,708
Job_234,5,17617,18948,M5,18424,21,18445,-503,0,503
Job_229,8,17362,18608,M7,18429,72,18501,-107,0,107
Job_238,4,18116,19826,M4,18441,32,18473,-1353,0,1353
Job_243,0,18402,19659,M2,18451,14,18465,-1194,0,1194
Job_233,4,17579,19372,M8,18462,48,18510,-862,0,862
Job_243,1,18402,19659,M0,18465,6,18471,-1188,0,1188
Job_238,5,18116,19826,M6,18473,88,18561,-1265,0,1265
Job_242,1,18396,20706,M2,18477,95,18572,-2134,0,2134
Job_243,2,18402,19659,M1,18477,22,18499,-1160,0,1160
Job_237,6,18013,19206,M5,18498,47,18545,-661,0,661
Job_240,3,18220,19242,M9,18498,11,18509,-733,0,733
Job_239,1,18165,19829,M1,18499,69,18568,-1261,0,1261
Job_231,6,17474,19564,M7,18501,85,18586,-978,0,978
Job_234,6,17617,18948,M9,18509,32,18541,-407,0,407
Job_240,4,18220,19242,M3,18509,69,18578,-664,0,664
Job_245,0,18521,19798,M0,18521,29,18550,-1248,0,1248
Job_236,5,17981,19576,M9,18541,11,18552,-1024,0,1024
Job_243,3,18402,19659,M5,18545,61,18606,-1053,0,1053
Job_236,6,17981,19576,M6,18561,40,18601,-975,0,975
Job_241,0,18391,19563,M2,18572,84,18656,-907,0,907
Job_242,2,18396,20706,M0,18572,71,18643,-2063,0,2063
Job_228,9,17280,18595,M9,18574,21,18595,0,0,0
Job_229,9,17362,18608,M8,18578,30,18608,0,0,0
Job_237,7,18013,19206,M3,18578,52,18630,-576,0,576
Job_235,8,17763,19614,M7,18586,36,18622,-992,0,992
Job_233,5,17579,19372,M9,18595,72,18667,-705,0,705
Job_217,9,16541,18687,M8,18613,74,18687,0,0,0
Job_246,0,18620,20415,M1,18620,85,18705,-1710,0,1710
Job_236,7,17981,19576,M7,18622,89,18711,-865,0,865
Job_239,2,18165,19829,M3,18630,76,18706,-1123,0,1123
Job_242,3,18396,20706,M4,18643,99,18742,-1964,0,1964
Job_234,7,17617,18948,M8,18687,89,18776,-172,0,172
Job_240,5,18220,19242,M1,18705,28,18733,-509,0,509
Job_246,1,18620,20415,M0,18705,13,18718,-1697,0,1697
Job_239,3,18165,19829,M5,18706,51,18757,-1072,0,1072
Job_243,4,18402,19659,M3,18706,26,18732,-927,0,927
Job_233,6,17579,19372,M0,18718,47,18765,-607,0,607
Job_246,2,18620,20415,M2,18718,61,18779,-1636,0,1636
Job_231,7,17474,19564,M3,18732,98,18830,-734,0,734
Job_241,1,18391,19563,M1,18733,2,18735,-828,0,828
Job_244,0,18403,20055,M1,18735,91,18826,-1229,0,1229
Job_236,8,17981,19576,M4,18742,26,18768,-808,0,808
Job_242,4,18396,20706,M6,18742,9,18751,-1955,0,1955
Job_241,2,18391,19563,M5,18757,52,18809,-754,0,754
Job_238,6,18116,19826,M8,18776,19,18795,-1031,0,1031
Job_239,4,18165,19829,M2,18779,85,18864,-965,0,965
Job_246,3,18620,20415,M6,18779,7,18786,-1629,0,1629
Job_222,9,16951,18817,M7,18792,25,18817,0,0,0
Job_238,7,18116,19826,M9,18795,48,18843,-983,0,983
Job_246,4,18620,20415,M8,18795,64,18859,-1556,0,1556
Job_230,9,17423,18834,M4,18801,33,18834,0,0,0
Job_232,9,17511,18857,M6,18804,53,18857,0,0,0
Job_234,8,17617,18948,M7,18817,30,18847,-101,0,101
Job_244,1,18403,20055,M0,18826,85,18911,-1144,0,1144
Job_245,1,18521,19798,M1,18826,78,18904,-894,0,894
Job_241,3,18391,19563,M3,18830,95,18925,-638,0,638
Job_238,8,18116,19826,M7,18847,36,18883,-943,0,943
Job_240,6,18220,19242,M6,18857,46,18903,-339,0,339
Job_242,5,18396,20706,M8,18859,52,18911,-1795,0,1795
Job_246,5,18620,20415,M9,18859,76,18935,-1480,0,1480
Job_234,9,17617,18948,M4,18867,55,18922,-26,0,26
Job_233,7,17579,19372,M6,18903,65,18968,-404,0,404
Job_240,7,18220,19242,M5,18903,46,18949,-293,0,293
Job_245,2,18521,19798,M2,18904,9,18913,-885,0,885
Job_242,6,18396,20706,M7,18911,85,18996,-1710,0,1710
Job_225,9,16963,18955,M4,18922,33,18955,0,0,0
Job_241,4,18391,19563,M8,18925,48,18973,-590,0,590
Job_245,3,18521,19798,M3,18925,36,18961,-837,0,837
Job_231,8,17474,19564,M9,18935,22,18957,-607,0,607
Job_246,6,18620,20415,M5,18949,47,18996,-1419,0,1419
Job_237,8,18013,19206,M4,18955,90,19045,-161,0,161
Job_239,5,18165,19829,M9,18957,11,18968,-861,0,861
Job_244,2,18403,20055,M3,18961,39,19000,-1055,0,1055
Job_239,6,18165,19829,M6,18968,40,19008,-821,0,821
Job_241,5,18391,19563,M9,18973,72,19045,-518,0,518
Job_240,8,18220,19242,M7,18996,72,19068,-174,0,174
Job_244,3,18403,20055,M2,19000,74,19074,-981,0,981
Job_246,7,18620,20415,M3,19000,52,19052,-1363,0,1363
Job_233,8,17579,19372,M4,19045,6,19051,-321,0,321
Job_241,6,18391,19563,M0,19045,47,19092,-471,0,471
Job_243,5,18402,19659,M4,19051,69,19120,-539,0,539
Job_242,7,18396,20706,M3,19052,98,19150,-1556,0,1556
Job_239,7,18165,19829,M7,19068,89,19157,-672,0,672
Job_244,4,18403,20055,M8,19074,90,19164,-891,0,891
Job_241,7,18391,19563,M6,19092,65,19157,-406,0,406
Job_245,4,18521,19798,M4,19120,49,19169,-629,0,629
Job_242,8,18396,20706,M9,19150,22,19172,-1534,0,1534
Job_237,9,18013,19206,M7,19161,45,19206,0,0,0
Job_243,6,18402,19659,M8,19164,21,19185,-474,0,474
Job_244,5,18403,20055,M5,19164,10,19174,-881,0,881
Job_241,8,18391,19563,M4,19169,6,19175,-388,0,388
Job_245,5,18521,19798,M5,19174,11,19185,-613,0,613
Job_239,8,18165,19829,M4,19175,26,19201,-628,0,628
Job_245,6,18521,19798,M6,19185,62,19247,-551,0,551
Job_246,8,18620,20415,M4,19201,90,19291,-1124,0,1124
Job_243,7,18402,19659,M7,19206,49,19255,-404,0,404
Job_240,9,18220,19242,M8,19212,30,19242,0,0,0
Job_243,8,18402,19659,M9,19255,72,19327,-332,0,332
Job_245,7,18521,19798,M7,19255,56,19311,-487,0,487
Job_223,9,16956,19335,M5,19292,43,19335,0,0,0
Job_244,6,18403,20055,M7,19311,12,19323,-732,0,732
Job_245,8,18521,19798,M8,19311,44,19355,-443,0,443
Job_244,7,18403,20055,M6,19323,89,19412,-643,0,643
Job_233,9,17579,19372,M7,19347,25,19372,0,0,0
Job_244,8,18403,20055,M9,19412,45,19457,-598,0,598
Job_236,9,17981,19576,M8,19502,74,19576,0,0,0
Job_231,9,17474,19564,M5,19521,43,19564,0,0,0
Job_235,9,17763,19614,M3,19535,79,19614,0,0,0
Job_241,9,18391,19563,M7,19538,25,19563,0,0,0
Job_243,9,18402,19659,M6,19606,53,19659,0,0,0
Job_238,9,18116,19826,M3,19747,79,19826,0,0,0
Job_239,9,18165,19829,M8,19755,74,19829,0,0,0
Job_245,9,18521,19798,M9,19777,21,19798,0,0,0
Job_244,9,18403,20055,M4,20022,33,20055,0,0,0
Job_246,9,18620,20415,M7,20370,45,20415,0,0,0
Job_242,9,18396,20706,M5,20663,43,20706,0,0,0
