Job,Operation,Arrival,Deadline,Machine,Start,Processing Time,End,Lateness,Tardiness,Earliness
Job_096,9,7282,8581,M8,8659,30,8689,108,108,0
Job_101,8,7537,8787,M7,8659,30,8689,-98,0,98
Job_100,7,7499,8913,M6,8661,65,8726,-187,0,187
Job_102,6,7683,9182,M8,8689,19,8708,-474,0,474
Job_103,7,7901,9649,M7,8689,89,8778,-871,0,871
Job_110,2,8322,9362,M1,8692,22,8714,-648,0,648
Job_092,9,6883,8754,M4,8693,33,8726,-28,0,28
Job_106,2,8085,9815,M3,8701,76,8777,-1038,0,1038
Job_098,5,7394,9558,M8,8708,52,8760,-798,0,798
Job_102,7,7683,9182,M9,8708,48,8756,-426,0,426
Job_108,1,8311,9601,M1,8714,2,8716,-885,0,885
Job_110,3,8322,9362,M5,8714,61,8775,-587,0,587
Job_113,0,8540,9831,M1,8716,85,8801,-1030,0,1030
Job_097,7,7343,9036,M6,8726,89,8815,-221,0,221
Job_100,8,7499,8913,M4,8726,6,8732,-181,0,181
Job_101,9,7537,8787,M4,8732,55,8787,0,0,0
Job_114,0,8640,9866,M0,8739,29,8768,-1098,0,1098
Job_104,4,7933,9499,M8,8760,64,8824,-675,0,675
Job_108,2,8311,9601,M5,8775,52,8827,-774,0,774
Job_110,4,8322,9362,M3,8777,26,8803,-559,0,559
Job_098,6,7394,9558,M7,8778,85,8863,-695,0,695
Job_107,5,8140,9733,M1,8801,28,8829,-904,0,904
Job_113,1,8540,9831,M0,8801,13,8814,-1017,0,1017
Job_110,5,8322,9362,M4,8803,69,8872,-490,0,490
Job_111,2,8323,10222,M3,8803,39,8842,-1380,0,1380
Job_113,2,8540,9831,M2,8814,61,8875,-956,0,956
Job_115,0,8722,10449,M0,8814,43,8857,-1592,0,1592
Job_097,8,7343,9036,M9,8815,45,8860,-176,0,176
Job_090,9,6876,8860,M5,8827,43,8870,10,10,0
Job_105,2,8036,9592,M1,8829,46,8875,-717,0,717
Job_107,6,8140,9733,M6,8829,46,8875,-858,0,858
Job_108,3,8311,9601,M3,8842,95,8937,-664,0,664
Job_104,5,7933,9499,M9,8860,76,8936,-563,0,563
Job_110,6,8322,9362,M8,8872,21,8893,-469,0,469
Job_105,3,8036,9592,M5,8875,74,8949,-643,0,643
Job_111,3,8323,10222,M2,8875,74,8949,-1273,0,1273
Job_112,1,8441,9577,M1,8875,78,8953,-624,0,624
Job_113,3,8540,9831,M6,8875,7,8882,-949,0,949
Job_100,9,7499,8913,M7,8888,25,8913,0,0,0
Job_113,4,8540,9831,M8,8893,64,8957,-874,0,874
Job_110,7,8322,9362,M7,8913,49,8962,-400,0,400
Job_103,8,7901,9649,M4,8923,26,8949,-700,0,700
Job_098,7,7394,9558,M3,8937,98,9035,-523,0,523
Job_105,4,8036,9592,M4,8949,32,8981,-611,0,611
Job_107,7,8140,9733,M5,8949,46,8995,-738,0,738
Job_118,0,8871,9770,M2,8949,14,8963,-807,0,807
Job_109,0,8316,9664,M1,8953,81,9034,-630,0,630
Job_108,4,8311,9601,M8,8957,48,9005,-596,0,596
Job_102,8,7683,9182,M7,8962,36,8998,-184,0,184
Job_112,2,8441,9577,M2,8963,9,8972,-605,0,605
Job_110,8,8322,9362,M9,8966,72,9038,-324,0,324
Job_105,5,8036,9592,M6,8981,88,9069,-523,0,523
Job_104,6,7933,9499,M5,8995,47,9042,-457,0,457
Job_118,1,8871,9770,M0,8995,6,9001,-769,0,769
Job_097,9,7343,9036,M4,9003,33,9036,0,0,0
Job_111,4,8323,10222,M8,9005,90,9095,-1127,0,1127
Job_109,1,8316,9664,M2,9034,95,9129,-535,0,535
Job_120,0,8977,10661,M1,9034,46,9080,-1581,0,1581
Job_112,3,8441,9577,M3,9035,36,9071,-506,0,506
Job_094,9,7100,9082,M7,9037,45,9082,0,0,0
Job_113,5,8540,9831,M9,9038,76,9114,-717,0,717
Job_106,3,8085,9815,M5,9042,51,9093,-722,0,722
Job_112,4,8441,9577,M4,9071,49,9120,-457,0,457
Job_118,2,8871,9770,M1,9080,22,9102,-668,0,668
Job_120,1,8977,10661,M0,9080,37,9117,-1544,0,1544
Job_107,8,8140,9733,M7,9082,72,9154,-579,0,579
Job_102,9,7683,9182,M3,9090,79,9169,-13,0,13
Job_105,6,8036,9592,M8,9095,19,9114,-478,0,478
Job_111,5,8323,10222,M5,9095,10,9105,-1117,0,1117
Job_116,0,8783,10053,M1,9102,91,9193,-860,0,860
Job_105,7,8036,9592,M9,9114,48,9162,-430,0,430
Job_112,5,8441,9577,M5,9120,11,9131,-446,0,446
Job_106,4,8085,9815,M2,9129,85,9214,-601,0,601
Job_109,2,8316,9664,M0,9129,71,9200,-464,0,464
Job_112,6,8441,9577,M6,9131,62,9193,-384,0,384
Job_113,6,8540,9831,M5,9153,47,9200,-631,0,631
Job_098,8,7394,9558,M9,9162,22,9184,-374,0,374
Job_105,8,8036,9592,M7,9162,36,9198,-394,0,394
Job_104,7,7933,9499,M3,9169,52,9221,-278,0,278
Job_114,1,8640,9866,M1,9193,78,9271,-595,0,595
Job_109,3,8316,9664,M4,9200,99,9299,-365,0,365
Job_116,1,8783,10053,M0,9200,85,9285,-768,0,768
Job_118,3,8871,9770,M5,9200,61,9261,-509,0,509
Job_112,7,8441,9577,M7,9209,56,9265,-312,0,312
Job_106,5,8085,9815,M9,9214,11,9225,-590,0,590
Job_121,0,9123,10454,M2,9214,31,9245,-1209,0,1209
Job_113,7,8540,9831,M3,9221,52,9273,-558,0,558
Job_106,6,8085,9815,M6,9225,40,9265,-550,0,550
Job_108,5,8311,9601,M9,9225,72,9297,-304,0,304
Job_119,0,8939,10132,M2,9245,84,9329,-803,0,803
Job_106,7,8085,9815,M7,9265,89,9354,-461,0,461
Job_117,0,8834,10394,M1,9271,81,9352,-1042,0,1042
Job_118,4,8871,9770,M3,9273,26,9299,-471,0,471
Job_121,1,9123,10454,M0,9285,86,9371,-1083,0,1083
Job_104,8,7933,9499,M4,9299,90,9389,-110,0,110
Job_109,4,8316,9664,M6,9299,9,9308,-356,0,356
Job_116,2,8783,10053,M3,9299,39,9338,-715,0,715
Job_109,5,8316,9664,M8,9308,52,9360,-304,0,304
Job_110,9,8322,9362,M6,9309,53,9362,0,0,0
Job_114,2,8640,9866,M2,9329,9,9338,-528,0,528
Job_114,3,8640,9866,M3,9338,36,9374,-492,0,492
Job_116,3,8783,10053,M2,9338,74,9412,-641,0,641
Job_119,1,8939,10132,M1,9352,2,9354,-778,0,778
Job_111,6,8323,10222,M7,9354,12,9366,-856,0,856
Job_119,2,8939,10132,M5,9354,52,9406,-726,0,726
Job_112,8,8441,9577,M8,9360,44,9404,-173,0,173
Job_109,6,8316,9664,M7,9366,85,9451,-213,0,213
Job_111,7,8323,10222,M6,9366,89,9455,-767,0,767
Job_108,6,8311,9601,M0,9371,47,9418,-183,0,183
Job_121,2,9123,10454,M1,9371,46,9417,-1037,0,1037
Job_105,9,8036,9592,M3,9374,79,9453,-139,0,139
Job_106,8,8085,9815,M4,9389,26,9415,-400,0,400
Job_115,1,8722,10449,M2,9412,90,9502,-947,0,947
Job_116,4,8783,10053,M8,9412,90,9502,-551,0,551
Job_118,5,8871,9770,M4,9415,69,9484,-286,0,286
Job_121,3,9123,10454,M5,9417,74,9491,-963,0,963
Job_123,0,9373,11165,M1,9417,85,9502,-1663,0,1663
Job_122,0,9341,11333,M0,9418,76,9494,-1839,0,1839
Job_109,7,8316,9664,M3,9453,98,9551,-113,0,113
Job_104,9,7933,9499,M7,9454,45,9499,0,0,0
Job_108,7,8311,9601,M6,9455,65,9520,-81,0,81
Job_111,8,8323,10222,M9,9455,45,9500,-722,0,722
Job_114,4,8640,9866,M4,9484,49,9533,-333,0,333
Job_098,9,7394,9558,M5,9491,43,9534,-24,0,24
Job_118,6,8871,9770,M8,9502,21,9523,-247,0,247
Job_122,1,9341,11333,M1,9502,69,9571,-1762,0,1762
Job_123,1,9373,11165,M0,9502,13,9515,-1650,0,1650
Job_124,0,9476,11255,M2,9502,31,9533,-1722,0,1722
Job_118,7,8871,9770,M7,9523,49,9572,-198,0,198
Job_108,8,8311,9601,M4,9533,6,9539,-62,0,62
Job_123,2,9373,11165,M2,9533,61,9594,-1571,0,1571
Job_114,5,8640,9866,M5,9534,11,9545,-321,0,321
Job_124,1,9476,11255,M0,9534,86,9620,-1635,0,1635
Job_115,2,8722,10449,M4,9539,75,9614,-835,0,835
Job_114,6,8640,9866,M6,9545,62,9607,-259,0,259
Job_116,5,8783,10053,M5,9545,10,9555,-498,0,498
Job_119,3,8939,10132,M3,9551,95,9646,-486,0,486
Job_112,9,8441,9577,M9,9556,21,9577,0,0,0
Job_103,9,7901,9649,M8,9572,74,9646,-3,0,3
Job_108,9,8311,9601,M7,9576,25,9601,0,0,0
Job_109,8,8316,9664,M9,9577,22,9599,-65,0,65
Job_117,1,8834,10394,M2,9594,95,9689,-705,0,705
Job_118,8,8871,9770,M9,9599,72,9671,-99,0,99
Job_116,6,8783,10053,M7,9601,12,9613,-440,0,440
Job_123,3,9373,11165,M6,9607,7,9614,-1551,0,1551
Job_114,7,8640,9866,M7,9613,56,9669,-197,0,197
Job_113,8,8540,9831,M4,9614,90,9704,-127,0,127
Job_116,7,8783,10053,M6,9614,89,9703,-350,0,350
Job_126,0,9580,10908,M0,9620,43,9663,-1245,0,1245
Job_109,9,8316,9664,M5,9621,43,9664,0,0,0
Job_119,4,8939,10132,M8,9646,48,9694,-438,0,438
Job_122,2,9341,11333,M3,9646,76,9722,-1611,0,1611
Job_117,2,8834,10394,M0,9689,71,9760,-634,0,634
Job_126,1,9580,10908,M2,9689,90,9779,-1129,0,1129
Job_119,5,8939,10132,M9,9694,72,9766,-366,0,366
Job_107,9,8140,9733,M8,9697,30,9727,-6,0,6
Job_121,4,9123,10454,M4,9704,32,9736,-718,0,718
Job_124,2,9476,11255,M1,9709,46,9755,-1500,0,1500
Job_118,9,8871,9770,M6,9711,53,9764,-6,0,6
Job_120,2,8977,10661,M3,9722,61,9783,-878,0,878
Job_106,9,8085,9815,M8,9727,74,9801,-14,0,14
Job_122,3,9341,11333,M5,9729,51,9780,-1553,0,1553
Job_128,0,9756,11417,M1,9756,81,9837,-1580,0,1580
Job_117,3,8834,10394,M4,9760,99,9859,-535,0,535
Job_121,5,9123,10454,M6,9764,88,9852,-602,0,602
Job_115,3,8722,10449,M9,9766,11,9777,-672,0,672
Job_116,8,8783,10053,M9,9777,45,9822,-231,0,231
Job_119,6,8939,10132,M0,9780,47,9827,-305,0,305
Job_124,3,9476,11255,M5,9780,74,9854,-1401,0,1401
Job_115,4,8722,10449,M3,9783,69,9852,-597,0,597
Job_120,3,8977,10661,M2,9783,13,9796,-865,0,865
Job_113,9,8540,9831,M7,9786,45,9831,0,0,0
Job_129,0,9762,10702,M2,9796,14,9810,-892,0,892
Job_114,8,8640,9866,M8,9801,44,9845,-21,0,21
Job_127,0,9751,11097,M2,9810,84,9894,-1203,0,1203
Job_129,1,9762,10702,M0,9827,6,9833,-869,0,869
Job_125,0,9525,11380,M0,9833,76,9909,-1471,0,1471
Job_130,0,9763,11184,M1,9837,91,9928,-1256,0,1256
Job_114,9,8640,9866,M9,9845,21,9866,0,0,0
Job_119,7,8939,10132,M6,9852,65,9917,-215,0,215
Job_126,2,9580,10908,M4,9859,75,9934,-974,0,974
Job_121,6,9123,10454,M8,9867,19,9886,-568,0,568
Job_121,7,9123,10454,M9,9886,48,9934,-520,0,520
Job_123,4,9373,11165,M8,9886,64,9950,-1215,0,1215
Job_128,1,9756,11417,M2,9894,95,9989,-1428,0,1428
Job_131,0,9881,11051,M0,9909,29,9938,-1113,0,1113
Job_120,4,8977,10661,M6,9917,32,9949,-712,0,712
Job_115,5,8722,10449,M1,9928,28,9956,-493,0,493
Job_119,8,8939,10132,M4,9934,6,9940,-192,0,192
Job_126,3,9580,10908,M9,9934,11,9945,-963,0,963
Job_130,1,9763,11184,M0,9938,85,10023,-1161,0,1161
Job_124,4,9476,11255,M4,9940,32,9972,-1283,0,1283
Job_126,4,9580,10908,M3,9945,69,10014,-894,0,894
Job_117,4,8834,10394,M6,9949,9,9958,-436,0,436
Job_123,5,9373,11165,M9,9950,76,10026,-1139,0,1139
Job_121,8,9123,10454,M7,9952,36,9988,-466,0,466
Job_120,5,8977,10661,M5,9955,21,9976,-685,0,685
Job_129,2,9762,10702,M1,9956,22,9978,-724,0,724
Job_115,6,8722,10449,M6,9958,46,10004,-445,0,445
Job_117,5,8834,10394,M8,9958,52,10010,-384,0,384
Job_127,1,9751,11097,M1,9978,2,9980,-1117,0,1117
Job_129,3,9762,10702,M5,9978,61,10039,-663,0,663
Job_132,0,9980,11430,M1,9980,85,10065,-1365,0,1365
Job_122,4,9341,11333,M2,9989,85,10074,-1259,0,1259
Job_124,5,9476,11255,M6,10004,88,10092,-1163,0,1163
Job_117,6,8834,10394,M7,10010,85,10095,-299,0,299
Job_116,9,8783,10053,M4,10020,33,10053,0,0,0
Job_130,2,9763,11184,M3,10023,39,10062,-1122,0,1122
Job_120,6,8977,10661,M9,10026,32,10058,-603,0,603
Job_127,2,9751,11097,M5,10039,52,10091,-1006,0,1006
Job_129,4,9762,10702,M3,10062,26,10088,-614,0,614
Job_131,1,9881,11051,M1,10065,78,10143,-908,0,908
Job_132,1,9980,11430,M0,10065,13,10078,-1352,0,1352
Job_128,2,9756,11417,M0,10078,71,10149,-1268,0,1268
Job_132,2,9980,11430,M2,10078,61,10139,-1291,0,1291
Job_122,5,9341,11333,M9,10080,11,10091,-1242,0,1242
Job_129,5,9762,10702,M4,10088,69,10157,-545,0,545
Job_115,7,8722,10449,M5,10091,46,10137,-312,0,312
Job_122,6,9341,11333,M6,10092,40,10132,-1201,0,1201
Job_124,6,9476,11255,M8,10092,19,10111,-1144,0,1144
Job_117,7,8834,10394,M3,10095,98,10193,-201,0,201
Job_119,9,8939,10132,M7,10107,25,10132,0,0,0
Job_124,7,9476,11255,M9,10112,48,10160,-1095,0,1095
Job_122,7,9341,11333,M7,10132,89,10221,-1112,0,1112
Job_123,6,9373,11165,M5,10137,47,10184,-981,0,981
Job_130,3,9763,11184,M2,10139,74,10213,-971,0,971
Job_132,3,9980,11430,M6,10139,7,10146,-1284,0,1284
Job_126,5,9580,10908,M1,10143,28,10171,-737,0,737
Job_132,4,9980,11430,M8,10146,64,10210,-1220,0,1220
Job_133,0,10080,11361,M0,10149,29,10178,-1183,0,1183
Job_125,1,9525,11380,M1,10171,69,10240,-1140,0,1140
Job_126,6,9580,10908,M6,10171,46,10217,-691,0,691
Job_134,0,10162,11967,M0,10178,43,10221,-1746,0,1746
Job_111,9,8323,10222,M4,10189,33,10222,0,0,0
Job_117,8,8834,10394,M9,10193,22,10215,-179,0,179
Job_123,7,9373,11165,M3,10193,52,10245,-920,0,920
Job_120,7,8977,10661,M8,10211,89,10300,-361,0,361
Job_131,2,9881,11051,M2,10213,9,10222,-829,0,829
Job_132,5,9980,11430,M9,10215,76,10291,-1139,0,1139
Job_126,7,9580,10908,M5,10217,46,10263,-645,0,645
Job_115,8,8722,10449,M7,10221,72,10293,-156,0,156
Job_128,3,9756,11417,M4,10222,99,10321,-1096,0,1096
Job_131,3,9881,11051,M3,10245,36,10281,-770,0,770
Job_136,0,10274,12191,M1,10274,81,10355,-1836,0,1836
Job_127,3,9751,11097,M3,10281,95,10376,-721,0,721
Job_132,6,9980,11430,M5,10291,47,10338,-1092,0,1092
Job_126,8,9580,10908,M7,10293,72,10365,-543,0,543
Job_129,6,9762,10702,M8,10303,21,10324,-378,0,378
Job_137,0,10311,11093,M2,10311,14,10325,-768,0,768
Job_128,4,9756,11417,M6,10321,9,10330,-1087,0,1087
Job_131,4,9881,11051,M4,10321,49,10370,-681,0,681
Job_130,4,9763,11184,M8,10324,90,10414,-770,0,770
Job_137,1,10311,11093,M0,10326,6,10332,-761,0,761
Job_117,9,8834,10394,M5,10351,43,10394,0,0,0
Job_133,1,10080,11361,M1,10355,78,10433,-928,0,928
Job_136,1,10274,12191,M2,10355,95,10450,-1741,0,1741
Job_129,7,9762,10702,M7,10365,49,10414,-288,0,288
Job_123,8,9373,11165,M4,10370,90,10460,-705,0,705
Job_121,9,9123,10454,M3,10376,79,10455,1,1,0
Job_131,5,9881,11051,M5,10394,11,10405,-646,0,646
Job_131,6,9881,11051,M6,10405,62,10467,-584,0,584
Job_120,8,8977,10661,M7,10414,30,10444,-217,0,217
Job_129,8,9762,10702,M9,10414,72,10486,-216,0,216
Job_115,9,8722,10449,M8,10419,30,10449,0,0,0
Job_137,2,10311,11093,M1,10433,22,10455,-638,0,638
Job_124,8,9476,11255,M7,10444,36,10480,-775,0,775
Job_127,4,9751,11097,M8,10449,48,10497,-600,0,600
Job_136,2,10274,12191,M0,10450,71,10521,-1670,0,1670
Job_125,2,9525,11380,M3,10455,76,10531,-849,0,849
Job_139,0,10417,11616,M1,10455,46,10501,-1115,0,1115
Job_130,5,9763,11184,M5,10456,10,10466,-718,0,718
Job_138,0,10379,12197,M2,10457,84,10541,-1656,0,1656
Job_122,8,9341,11333,M4,10460,26,10486,-847,0,847
Job_137,3,10311,11093,M5,10466,61,10527,-566,0,566
Job_131,7,9881,11051,M7,10480,56,10536,-515,0,515
Job_127,5,9751,11097,M9,10497,72,10569,-528,0,528
Job_128,5,9756,11417,M8,10497,52,10549,-868,0,868
Job_135,0,10223,12521,M1,10501,91,10592,-1929,0,1929
Job_139,1,10417,11616,M0,10521,37,10558,-1058,0,1058
Job_137,4,10311,11093,M3,10531,26,10557,-536,0,536
Job_125,3,9525,11380,M5,10535,51,10586,-794,0,794
Job_130,6,9763,11184,M7,10536,12,10548,-636,0,636
Job_133,2,10080,11361,M2,10541,9,10550,-811,0,811
Job_130,7,9763,11184,M6,10548,89,10637,-547,0,547
Job_128,6,9756,11417,M7,10549,85,10634,-783,0,783
Job_131,8,9881,11051,M8,10549,44,10593,-458,0,458
Job_133,3,10080,11361,M3,10557,36,10593,-768,0,768
Job_140,0,10563,12361,M2,10563,31,10594,-1767,0,1767
Job_127,6,9751,11097,M0,10569,47,10616,-481,0,481
Job_132,7,9980,11430,M3,10593,52,10645,-785,0,785
Job_125,4,9525,11380,M2,10594,85,10679,-701,0,701
Job_120,9,8977,10661,M4,10606,55,10661,0,0,0
Job_140,1,10563,12361,M0,10616,86,10702,-1659,0,1659
Job_130,8,9763,11184,M9,10637,45,10682,-502,0,502
Job_128,7,9756,11417,M3,10645,98,10743,-674,0,674
Job_129,9,9762,10702,M6,10649,53,10702,0,0,0
Job_133,4,10080,11361,M4,10671,49,10720,-641,0,641
Job_138,1,10379,12197,M1,10678,2,10680,-1517,0,1517
Job_134,1,10162,11967,M2,10679,90,10769,-1198,0,1198
Job_138,2,10379,12197,M5,10680,52,10732,-1465,0,1465
Job_125,5,9525,11380,M9,10682,11,10693,-687,0,687
Job_127,7,9751,11097,M6,10702,65,10767,-330,0,330
Job_140,2,10563,12361,M1,10702,46,10748,-1613,0,1613
Job_133,5,10080,11361,M5,10732,11,10743,-618,0,618
Job_128,8,9756,11417,M9,10747,22,10769,-648,0,648
Job_139,2,10417,11616,M3,10747,61,10808,-808,0,808
Job_125,6,9525,11380,M6,10767,40,10807,-573,0,573
Job_127,8,9751,11097,M4,10772,6,10778,-319,0,319
Job_140,3,10563,12361,M5,10773,74,10847,-1514,0,1514
Job_137,5,10311,11093,M4,10778,69,10847,-246,0,246
Job_141,0,10781,12259,M0,10781,76,10857,-1402,0,1402
Job_125,7,9525,11380,M7,10807,89,10896,-484,0,484
Job_133,6,10080,11361,M6,10807,62,10869,-492,0,492
Job_138,3,10379,12197,M3,10808,95,10903,-1294,0,1294
Job_139,3,10417,11616,M2,10808,13,10821,-795,0,795
Job_142,0,10813,12291,M1,10813,85,10898,-1393,0,1393
Job_137,6,10311,11093,M8,10847,21,10868,-225,0,225
Job_140,4,10563,12361,M4,10847,32,10879,-1482,0,1482
Job_139,4,10417,11616,M6,10869,32,10901,-715,0,715
Job_126,9,9580,10908,M8,10878,30,10908,0,0,0
Job_125,8,9525,11380,M4,10896,26,10922,-458,0,458
Job_137,7,10311,11093,M7,10896,49,10945,-148,0,148
Job_141,1,10781,12259,M1,10898,69,10967,-1292,0,1292
Job_139,5,10417,11616,M5,10901,21,10922,-694,0,694
Job_140,5,10563,12361,M6,10901,88,10989,-1372,0,1372
Job_138,4,10379,12197,M8,10908,48,10956,-1241,0,1241
Job_143,0,10916,12560,M2,10916,31,10947,-1613,0,1613
Job_134,2,10162,11967,M4,10922,75,10997,-970,0,970
Job_139,6,10417,11616,M9,10922,32,10954,-662,0,662
Job_142,1,10813,12291,M0,10928,13,10941,-1350,0,1350
Job_133,7,10080,11361,M7,10945,56,11001,-360,0,360
Job_142,2,10813,12291,M2,10947,61,11008,-1283,0,1283
Job_137,8,10311,11093,M9,10954,72,11026,-67,0,67
Job_144,0,10965,12515,M0,10965,76,11041,-1474,0,1474
Job_141,2,10781,12259,M3,10967,76,11043,-1216,0,1216
Job_140,6,10563,12361,M8,10989,19,11008,-1353,0,1353
Job_136,3,10274,12191,M4,10997,99,11096,-1095,0,1095
Job_142,3,10813,12291,M6,11008,7,11015,-1276,0,1276
Job_142,4,10813,12291,M8,11015,64,11079,-1212,0,1212
Job_131,9,9881,11051,M9,11030,21,11051,0,0,0
Job_137,9,10311,11093,M6,11040,53,11093,0,0,0
Job_143,1,10916,12560,M0,11041,86,11127,-1433,0,1433
Job_144,1,10965,12515,M1,11041,69,11110,-1405,0,1405
Job_141,3,10781,12259,M5,11043,51,11094,-1165,0,1165
Job_134,3,10162,11967,M9,11051,11,11062,-905,0,905
Job_134,4,10162,11967,M3,11062,69,11131,-836,0,836
Job_127,9,9751,11097,M7,11072,25,11097,0,0,0
Job_133,8,10080,11361,M8,11079,44,11123,-238,0,238
Job_142,5,10813,12291,M9,11087,76,11163,-1128,0,1128
Job_141,4,10781,12259,M2,11094,85,11179,-1080,0,1080
Job_136,4,10274,12191,M6,11096,9,11105,-1086,0,1086
Job_123,9,9373,11165,M7,11120,45,11165,0,0,0
Job_139,7,10417,11616,M8,11123,89,11212,-404,0,404
Job_135,1,10223,12521,M0,11127,85,11212,-1309,0,1309
Job_143,2,10916,12560,M1,11127,46,11173,-1387,0,1387
Job_130,9,9763,11184,M4,11151,33,11184,0,0,0
Job_142,6,10813,12291,M5,11163,47,11210,-1081,0,1081
Job_124,9,9476,11255,M3,11176,79,11255,0,0,0
Job_141,5,10781,12259,M9,11179,11,11190,-1069,0,1069
Job_132,8,9980,11430,M4,11184,90,11274,-156,0,156
Job_138,5,10379,12197,M9,11190,72,11262,-935,0,935
Job_141,6,10781,12259,M6,11190,40,11230,-1029,0,1029
Job_147,0,11196,13228,M1,11196,81,11277,-1951,0,1951
Job_148,0,11202,12235,M2,11202,14,11216,-1019,0,1019
Job_143,3,10916,12560,M5,11210,74,11284,-1276,0,1276
Job_145,0,11020,12850,M0,11212,43,11255,-1595,0,1595
Job_141,7,10781,12259,M7,11230,89,11319,-940,0,940
Job_122,9,9341,11333,M8,11232,74,11306,-27,0,27
Job_144,2,10965,12515,M3,11255,76,11331,-1184,0,1184
Job_138,6,10379,12197,M0,11262,47,11309,-888,0,888
Job_140,7,10563,12361,M9,11262,48,11310,-1051,0,1051
Job_147,1,11196,13228,M2,11277,95,11372,-1856,0,1856
Job_149,0,11203,12718,M1,11277,91,11368,-1350,0,1350
Job_143,4,10916,12560,M4,11284,32,11316,-1244,0,1244
Job_125,9,9525,11380,M8,11306,74,11380,0,0,0
Job_138,7,10379,12197,M6,11309,65,11374,-823,0,823
Job_148,1,11202,12235,M0,11309,6,11315,-920,0,920
Job_139,8,10417,11616,M7,11319,30,11349,-267,0,267
Job_150,0,11321,12417,M0,11321,29,11350,-1067,0,1067
Job_141,8,10781,12259,M4,11328,26,11354,-905,0,905
Job_135,2,10223,12521,M3,11331,39,11370,-1151,0,1151
Job_133,9,10080,11361,M9,11340,21,11361,0,0,0
Job_140,8,10563,12361,M7,11349,36,11385,-976,0,976
Job_149,1,11203,12718,M0,11368,85,11453,-1265,0,1265
Job_150,1,11321,12417,M1,11368,78,11446,-971,0,971
Job_142,7,10813,12291,M3,11370,52,11422,-869,0,869
Job_135,3,10223,12521,M2,11372,74,11446,-1075,0,1075
Job_128,9,9756,11417,M5,11374,43,11417,0,0,0
Job_138,8,10379,12197,M4,11374,6,11380,-817,0,817
Job_143,5,10916,12560,M6,11374,88,11462,-1098,0,1098
Job_136,5,10274,12191,M8,11380,52,11432,-759,0,759
Job_132,9,9980,11430,M7,11385,45,11430,0,0,0
Job_144,3,10965,12515,M5,11417,51,11468,-1047,0,1047
Job_142,8,10813,12291,M4,11422,90,11512,-779,0,779
Job_136,6,10274,12191,M7,11432,85,11517,-674,0,674
Job_148,2,11202,12235,M1,11446,22,11468,-767,0,767
Job_150,2,11321,12417,M2,11446,9,11455,-962,0,962
Job_135,4,10223,12521,M8,11452,90,11542,-979,0,979
Job_147,2,11196,13228,M0,11453,71,11524,-1704,0,1704
Job_149,2,11203,12718,M3,11453,39,11492,-1226,0,1226
Job_144,4,10965,12515,M2,11468,85,11553,-962,0,962
Job_148,3,11202,12235,M5,11468,61,11529,-706,0,706
Job_151,0,11420,12933,M1,11468,85,11553,-1380,0,1380
Job_150,3,11321,12417,M3,11492,36,11528,-889,0,889
Job_152,0,11520,12521,M0,11524,29,11553,-968,0,968
Job_136,7,10274,12191,M3,11528,98,11626,-565,0,565
Job_135,5,10223,12521,M5,11542,10,11552,-969,0,969
Job_143,6,10916,12560,M8,11542,19,11561,-999,0,999
Job_135,6,10223,12521,M7,11552,12,11564,-957,0,957
Job_134,5,10162,11967,M1,11553,28,11581,-386,0,386
Job_145,1,11020,12850,M2,11553,90,11643,-1207,0,1207
Job_151,1,11420,12933,M0,11553,13,11566,-1367,0,1367
Job_144,5,10965,12515,M9,11556,11,11567,-948,0,948
Job_139,9,10417,11616,M4,11561,55,11616,0,0,0
Job_135,7,10223,12521,M6,11564,89,11653,-868,0,868
Job_143,7,10916,12560,M9,11567,48,11615,-945,0,945
Job_152,1,11520,12521,M1,11581,78,11659,-862,0,862
Job_153,0,11602,13283,M0,11602,43,11645,-1638,0,1638
Job_143,8,10916,12560,M7,11615,36,11651,-909,0,909
Job_150,4,11321,12417,M4,11616,49,11665,-752,0,752
Job_136,8,10274,12191,M9,11626,22,11648,-543,0,543
Job_148,4,11202,12235,M3,11626,26,11652,-583,0,583
Job_151,2,11420,12933,M2,11643,61,11704,-1229,0,1229
Job_134,6,10162,11967,M6,11653,46,11699,-268,0,268
Job_135,8,10223,12521,M9,11653,45,11698,-823,0,823
Job_154,0,11663,13146,M1,11663,91,11754,-1392,0,1392
Job_148,5,11202,12235,M4,11665,69,11734,-501,0,501
Job_150,5,11321,12417,M5,11665,11,11676,-741,0,741
Job_134,7,10162,11967,M5,11699,46,11745,-222,0,222
Job_150,6,11321,12417,M6,11699,62,11761,-656,0,656
Job_146,0,11191,13071,M2,11704,84,11788,-1283,0,1283
Job_147,3,11196,13228,M4,11734,99,11833,-1395,0,1395
Job_148,6,11202,12235,M8,11734,21,11755,-480,0,480
Job_134,8,10162,11967,M7,11745,72,11817,-150,0,150
Job_154,1,11663,13146,M0,11754,85,11839,-1307,0,1307
Job_144,6,10965,12515,M6,11761,40,11801,-714,0,714
Job_146,1,11191,13071,M1,11788,2,11790,-1281,0,1281
Job_149,3,11203,12718,M2,11788,74,11862,-856,0,856
Job_155,0,11714,13646,M1,11790,81,11871,-1775,0,1775
Job_151,3,11420,12933,M6,11801,7,11808,-1125,0,1125
Job_151,4,11420,12933,M8,11808,64,11872,-1061,0,1061
Job_148,7,11202,12235,M7,11817,49,11866,-369,0,369
Job_145,2,11020,12850,M4,11833,75,11908,-942,0,942
Job_147,4,11196,13228,M6,11833,9,11842,-1386,0,1386
Job_154,2,11663,13146,M3,11839,39,11878,-1268,0,1268
Job_152,2,11520,12521,M2,11862,9,11871,-650,0,650
Job_148,8,11202,12235,M9,11866,72,11938,-297,0,297
Job_150,7,11321,12417,M7,11866,56,11922,-495,0,495
Job_155,1,11714,13646,M2,11871,95,11966,-1680,0,1680
Job_158,0,11857,13096,M1,11871,46,11917,-1179,0,1179
Job_147,5,11196,13228,M8,11872,52,11924,-1304,0,1304
Job_152,3,11520,12521,M3,11878,36,11914,-607,0,607
Job_152,4,11520,12521,M4,11914,49,11963,-558,0,558
Job_146,2,11191,13071,M5,11916,52,11968,-1103,0,1103
Job_158,1,11857,13096,M0,11917,37,11954,-1142,0,1142
Job_144,7,10965,12515,M7,11922,89,12011,-504,0,504
Job_134,9,10162,11967,M8,11937,30,11967,0,0,0
Job_145,3,11020,12850,M9,11938,11,11949,-901,0,901
Job_145,4,11020,12850,M3,11949,69,12018,-832,0,832
Job_151,5,11420,12933,M9,11949,76,12025,-908,0,908
Job_155,2,11714,13646,M0,11966,71,12037,-1609,0,1609
Job_157,0,11819,13081,M2,11966,84,12050,-1031,0,1031
Job_149,4,11203,12718,M8,11967,90,12057,-661,0,661
Job_152,5,11520,12521,M5,11968,11,11979,-542,0,542
Job_152,6,11520,12521,M6,11979,62,12041,-480,0,480
Job_144,8,10965,12515,M4,12011,26,12037,-478,0,478
Job_147,6,11196,13228,M7,12011,85,12096,-1132,0,1132
Job_145,5,11020,12850,M1,12018,28,12046,-804,0,804
Job_146,3,11191,13071,M3,12018,95,12113,-958,0,958
Job_151,6,11420,12933,M5,12025,47,12072,-861,0,861
Job_155,3,11714,13646,M4,12037,99,12136,-1510,0,1510
Job_145,6,11020,12850,M6,12046,46,12092,-758,0,758
Job_153,1,11602,13283,M2,12050,90,12140,-1143,0,1143
Job_157,1,11819,13081,M1,12050,2,12052,-1029,0,1029
Job_150,8,11321,12417,M8,12057,44,12101,-316,0,316
Job_149,5,11203,12718,M5,12072,10,12082,-636,0,636
Job_145,7,11020,12850,M5,12092,46,12138,-712,0,712
Job_149,6,11203,12718,M7,12096,12,12108,-610,0,610
Job_152,7,11520,12521,M7,12108,56,12164,-357,0,357
Job_146,4,11191,13071,M8,12113,48,12161,-910,0,910
Job_151,7,11420,12933,M3,12113,52,12165,-768,0,768
Job_155,4,11714,13646,M6,12136,9,12145,-1501,0,1501
Job_154,3,11663,13146,M2,12140,74,12214,-932,0,932
Job_136,9,10274,12191,M5,12148,43,12191,0,0,0
Job_146,5,11191,13071,M9,12161,72,12233,-838,0,838
Job_147,7,11196,13228,M3,12165,98,12263,-965,0,965
Job_151,8,11420,12933,M4,12165,90,12255,-678,0,678
Job_138,9,10379,12197,M7,12172,25,12197,0,0,0
Job_148,9,11202,12235,M6,12182,53,12235,0,0,0
Job_141,9,10781,12259,M8,12185,74,12259,0,0,0
Job_157,2,11819,13081,M5,12191,52,12243,-838,0,838
Job_156,0,11751,13296,M2,12214,14,12228,-1068,0,1068
Job_159,0,12003,13471,M2,12228,31,12259,-1212,0,1212
Job_146,6,11191,13071,M0,12233,47,12280,-791,0,791
Job_149,7,11203,12718,M6,12235,89,12324,-394,0,394
Job_142,9,10813,12291,M7,12246,45,12291,0,0,0
Job_161,0,12253,13726,M1,12253,85,12338,-1388,0,1388
Job_153,2,11602,13283,M4,12255,75,12330,-953,0,953
Job_152,8,11520,12521,M8,12259,44,12303,-218,0,218
Job_147,8,11196,13228,M9,12263,22,12285,-943,0,943
Job_156,1,11751,13296,M0,12280,6,12286,-1010,0,1010
Job_140,9,10563,12361,M3,12282,79,12361,0,0,0
Job_145,8,11020,12850,M7,12291,72,12363,-487,0,487
Job_154,4,11663,13146,M8,12303,90,12393,-753,0,753
Job_146,7,11191,13071,M6,12324,65,12389,-682,0,682
Job_149,8,11203,12718,M9,12324,45,12369,-349,0,349
Job_156,2,11751,13296,M1,12338,22,12360,-936,0,936
Job_161,1,12253,13726,M0,12338,13,12351,-1375,0,1375
Job_159,1,12003,13471,M0,12351,86,12437,-1034,0,1034
Job_162,0,12356,13498,M2,12356,31,12387,-1111,0,1111
Job_156,3,11751,13296,M5,12360,61,12421,-875,0,875
Job_157,3,11819,13081,M3,12361,95,12456,-625,0,625
Job_153,3,11602,13283,M9,12369,11,12380,-903,0,903
Job_161,2,12253,13726,M2,12387,61,12448,-1278,0,1278
Job_146,8,11191,13071,M4,12389,6,12395,-676,0,676
Job_150,9,11321,12417,M9,12396,21,12417,0,0,0
Job_154,5,11663,13146,M5,12421,10,12431,-715,0,715
Job_154,6,11663,13146,M7,12431,12,12443,-703,0,703
Job_159,2,12003,13471,M1,12437,46,12483,-988,0,988
Job_144,9,10965,12515,M8,12441,74,12515,0,0,0
Job_154,7,11663,13146,M6,12443,89,12532,-614,0,614
Job_164,0,12460,13774,M0,12460,43,12503,-1271,0,1271
Job_143,9,10916,12560,M3,12481,79,12560,0,0,0
Job_159,3,12003,13471,M5,12483,74,12557,-914,0,914
Job_135,9,10223,12521,M4,12488,33,12521,0,0,0
Job_152,9,11520,12521,M9,12500,21,12521,0,0,0
Job_162,1,12356,13498,M0,12503,86,12589,-909,0,909
Job_164,1,12460,13774,M2,12503,90,12593,-1181,0,1181
Job_157,4,11819,13081,M8,12515,48,12563,-518,0,518
Job_154,8,11663,13146,M9,12532,45,12577,-569,0,569
Job_161,3,12253,13726,M6,12532,7,12539,-1187,0,1187
Job_159,4,12003,13471,M4,12557,32,12589,-882,0,882
Job_158,2,11857,13096,M3,12560,61,12621,-475,0,475
Job_155,5,11714,13646,M8,12563,52,12615,-1031,0,1031
Job_157,5,11819,13081,M9,12577,72,12649,-432,0,432
Job_159,5,12003,13471,M6,12589,88,12677,-794,0,794
Job_162,2,12356,13498,M1,12589,46,12635,-863,0,863
Job_163,0,12405,14014,M0,12589,76,12665,-1349,0,1349
Job_164,2,12460,13774,M4,12593,75,12668,-1106,0,1106
Job_155,6,11714,13646,M7,12615,85,12700,-946,0,946
Job_161,4,12253,13726,M8,12615,64,12679,-1047,0,1047
Job_156,4,11751,13296,M3,12621,26,12647,-649,0,649
Job_158,3,11857,13096,M2,12621,13,12634,-462,0,462
Job_162,3,12356,13498,M5,12635,74,12709,-789,0,789
Job_166,0,12636,14531,M1,12636,81,12717,-1814,0,1814
Job_167,0,12642,13811,M2,12642,14,12656,-1155,0,1155
Job_153,4,11602,13283,M3,12647,69,12716,-567,0,567
Job_157,6,11819,13081,M0,12665,47,12712,-369,0,369
Job_164,3,12460,13774,M9,12668,11,12679,-1095,0,1095
Job_158,4,11857,13096,M6,12677,32,12709,-387,0,387
Job_159,6,12003,13471,M8,12679,19,12698,-773,0,773
Job_161,5,12253,13726,M9,12679,76,12755,-971,0,971
Job_149,9,11203,12718,M4,12685,33,12718,0,0,0
Job_158,5,11857,13096,M5,12709,21,12730,-366,0,366
Job_157,7,11819,13081,M6,12712,65,12777,-304,0,304
Job_167,1,12642,13811,M0,12712,6,12718,-1093,0,1093
Job_164,4,12460,13774,M3,12716,69,12785,-989,0,989
Job_153,5,11602,13283,M1,12717,28,12745,-538,0,538
Job_166,1,12636,14531,M2,12717,95,12812,-1719,0,1719
Job_156,5,11751,13296,M4,12718,69,12787,-509,0,509
Job_167,2,12642,13811,M1,12745,22,12767,-1044,0,1044
Job_158,6,11857,13096,M9,12755,32,12787,-309,0,309
Job_161,6,12253,13726,M5,12755,47,12802,-924,0,924
Job_169,0,12761,13920,M0,12761,29,12790,-1130,0,1130
Job_153,6,11602,13283,M6,12777,46,12823,-460,0,460
Job_155,7,11714,13646,M3,12785,98,12883,-763,0,763
Job_156,6,11751,13296,M8,12787,21,12808,-488,0,488
Job_159,7,12003,13471,M9,12787,48,12835,-636,0,636
Job_162,4,12356,13498,M4,12787,32,12819,-679,0,679
Job_169,1,12761,13920,M1,12790,78,12868,-1052,0,1052
Job_167,3,12642,13811,M5,12802,61,12863,-948,0,948
Job_156,7,11751,13296,M7,12808,49,12857,-439,0,439
Job_165,0,12631,14326,M2,12812,84,12896,-1430,0,1430
Job_166,2,12636,14531,M0,12812,71,12883,-1648,0,1648
Job_157,8,11819,13081,M4,12819,6,12825,-256,0,256
Job_145,9,11020,12850,M8,12820,30,12850,0,0,0
Job_162,5,12356,13498,M6,12823,88,12911,-587,0,587
Job_158,7,11857,13096,M8,12850,89,12939,-157,0,157
Job_156,8,11751,13296,M9,12857,72,12929,-367,0,367
Job_153,7,11602,13283,M5,12863,46,12909,-374,0,374
Job_170,0,12860,14156,M1,12868,85,12953,-1203,0,1203
Job_166,3,12636,14531,M4,12883,99,12982,-1549,0,1549
Job_167,4,12642,13811,M3,12883,26,12909,-902,0,902
Job_151,9,11420,12933,M7,12888,45,12933,0,0,0
Job_169,2,12761,13920,M2,12896,9,12905,-1015,0,1015
Job_169,3,12761,13920,M3,12909,36,12945,-975,0,975
Job_155,8,11714,13646,M9,12929,22,12951,-695,0,695
Job_159,8,12003,13471,M7,12933,36,12969,-502,0,502
Job_162,6,12356,13498,M8,12939,19,12958,-540,0,540
Job_161,7,12253,13726,M3,12945,52,12997,-729,0,729
Job_163,1,12405,14014,M1,12953,69,13022,-992,0,992
Job_170,1,12860,14156,M0,12953,13,12966,-1190,0,1190
Job_162,7,12356,13498,M9,12958,48,13006,-492,0,492
Job_160,0,12221,14080,M0,12966,76,13042,-1038,0,1038
Job_170,2,12860,14156,M2,12966,61,13027,-1129,0,1129
Job_158,8,11857,13096,M7,12969,30,12999,-97,0,97
Job_166,4,12636,14531,M6,12982,9,12991,-1540,0,1540
Job_169,4,12761,13920,M4,12982,49,13031,-889,0,889
Job_166,5,12636,14531,M8,12991,52,13043,-1488,0,1488
Job_163,2,12405,14014,M3,13022,76,13098,-916,0,916
Job_164,5,12460,13774,M1,13022,28,13050,-724,0,724
Job_170,3,12860,14156,M6,13027,7,13034,-1122,0,1122
Job_146,9,11191,13071,M7,13031,25,13056,-15,0,15
Job_169,5,12761,13920,M5,13031,11,13042,-878,0,878
Job_158,9,11857,13096,M4,13041,55,13096,0,0,0
Job_169,6,12761,13920,M6,13042,62,13104,-816,0,816
Job_170,4,12860,14156,M8,13043,64,13107,-1049,0,1049
Job_168,0,12643,14337,M1,13050,91,13141,-1196,0,1196
Job_157,9,11819,13081,M7,13056,25,13081,0,0,0
Job_166,6,12636,14531,M7,13081,85,13166,-1365,0,1365
Job_163,3,12405,14014,M5,13098,51,13149,-865,0,865
Job_164,6,12460,13774,M6,13104,46,13150,-624,0,624
Job_170,5,12860,14156,M9,13107,76,13183,-973,0,973
Job_154,9,11663,13146,M4,13113,33,13146,0,0,0
Job_160,1,12221,14080,M1,13141,69,13210,-870,0,870
Job_168,1,12643,14337,M0,13141,85,13226,-1111,0,1111
Job_167,5,12642,13811,M4,13146,69,13215,-596,0,596
Job_163,4,12405,14014,M2,13149,85,13234,-780,0,780
Job_153,8,11602,13283,M7,13166,72,13238,-45,0,45
Job_166,7,12636,14531,M3,13166,98,13264,-1267,0,1267
Job_147,9,11196,13228,M5,13185,43,13228,0,0,0
Job_165,1,12631,14326,M1,13210,2,13212,-1114,0,1114
Job_161,8,12253,13726,M4,13215,90,13305,-421,0,421
Job_167,6,12642,13811,M8,13215,21,13236,-575,0,575
Job_164,7,12460,13774,M5,13228,46,13274,-500,0,500
Job_163,5,12405,14014,M9,13234,11,13245,-769,0,769
Job_162,8,12356,13498,M7,13238,36,13274,-224,0,224
Job_156,9,11751,13296,M6,13243,53,13296,0,0,0
Job_153,9,11602,13283,M8,13253,30,13283,0,0,0
Job_160,2,12221,14080,M3,13264,76,13340,-740,0,740
Job_166,8,12636,14531,M9,13264,22,13286,-1245,0,1245
Job_164,8,12460,13774,M7,13274,72,13346,-428,0,428
Job_165,2,12631,14326,M5,13274,52,13326,-1000,0,1000
Job_163,6,12405,14014,M6,13296,40,13336,-678,0,678
Job_170,6,12860,14156,M5,13326,47,13373,-783,0,783
Job_159,9,12003,13471,M3,13340,79,13419,-52,0,52
Job_167,7,12642,13811,M7,13346,49,13395,-416,0,416
Job_160,3,12221,14080,M5,13373,51,13424,-656,0,656
Job_167,8,12642,13811,M9,13395,72,13467,-344,0,344
Job_169,7,12761,13920,M7,13395,56,13451,-469,0,469
Job_162,9,12356,13498,M3,13419,79,13498,0,0,0
Job_160,4,12221,14080,M2,13424,85,13509,-571,0,571
Job_163,7,12405,14014,M7,13451,89,13540,-474,0,474
Job_169,8,12761,13920,M8,13451,44,13495,-425,0,425
Job_168,2,12643,14337,M3,13498,39,13537,-800,0,800
Job_160,5,12221,14080,M9,13509,11,13520,-560,0,560
Job_160,6,12221,14080,M6,13520,40,13560,-520,0,520
Job_165,3,12631,14326,M3,13537,95,13632,-694,0,694
Job_168,3,12643,14337,M2,13537,74,13611,-726,0,726
Job_163,8,12405,14014,M4,13540,26,13566,-448,0,448
Job_160,7,12221,14080,M7,13560,89,13649,-431,0,431
Job_155,9,11714,13646,M5,13603,43,13646,0,0,0
Job_168,4,12643,14337,M8,13611,90,13701,-636,0,636
Job_170,7,12860,14156,M3,13632,52,13684,-472,0,472
Job_160,8,12221,14080,M4,13649,26,13675,-405,0,405
Job_161,9,12253,13726,M7,13681,45,13726,0,0,0
Job_170,8,12860,14156,M4,13684,90,13774,-382,0,382
Job_168,5,12643,14337,M5,13701,10,13711,-626,0,626
Job_168,6,12643,14337,M7,13726,12,13738,-599,0,599
Job_164,9,12460,13774,M8,13744,30,13774,0,0,0
Job_167,9,12642,13811,M6,13758,53,13811,0,0,0
Job_165,4,12631,14326,M8,13774,48,13822,-504,0,504
Job_168,7,12643,14337,M6,13811,89,13900,-437,0,437
Job_165,5,12631,14326,M9,13822,72,13894,-432,0,432
Job_165,6,12631,14326,M0,13894,47,13941,-385,0,385
Job_169,9,12761,13920,M9,13899,21,13920,0,0,0
Job_168,8,12643,14337,M9,13920,45,13965,-372,0,372
Job_163,9,12405,14014,M8,13932,74,14006,-8,0,8
Job_165,7,12631,14326,M6,13941,65,14006,-320,0,320
Job_160,9,12221,14080,M8,14006,74,14080,0,0,0
Job_165,8,12631,14326,M4,14006,6,14012,-314,0,314
Job_170,9,12860,14156,M7,14111,45,14156,0,0,0
Job_165,9,12631,14326,M7,14301,25,14326,0,0,0
Job_168,9,12643,14337,M4,14304,33,14337,0,0,0
Job_166,9,12636,14531,M5,14488,43,14531,0,0,0
