Job,Operation,Arrival,Deadline,Machine,Start,Processing Time,End,Lateness,Tardiness,Earliness
Job_073,9,5443,7256,M4,7200,33,7233,-23,0,23
Job_082,8,6097,7328,M7,7205,30,7235,-93,0,93
Job_092,0,6883,8754,M1,7207,91,7298,-1456,0,1456
Job_076,5,5760,7445,M5,7217,11,7228,-217,0,217
Job_089,3,6871,7715,M3,7222,95,7317,-398,0,398
Job_076,6,5760,7445,M6,7228,62,7290,-155,0,155
Job_091,3,6882,7875,M5,7228,61,7289,-586,0,586
Job_086,4,6596,8188,M4,7233,32,7265,-923,0,923
Job_077,8,5842,7628,M7,7235,72,7307,-321,0,321
Job_082,9,6097,7328,M4,7265,55,7320,-8,0,8
Job_094,1,7100,9082,M0,7274,13,7287,-1795,0,1795
Job_085,6,6493,8187,M5,7289,47,7336,-851,0,851
Job_086,5,6596,8188,M6,7290,88,7378,-810,0,810
Job_093,1,7001,8577,M1,7298,78,7376,-1201,0,1201
Job_094,2,7100,9082,M2,7301,61,7362,-1720,0,1720
Job_076,7,5760,7445,M7,7307,56,7363,-82,0,82
Job_089,4,6871,7715,M8,7317,48,7365,-350,0,350
Job_091,4,6882,7875,M3,7317,26,7343,-532,0,532
Job_075,8,5660,7124,M4,7320,90,7410,286,286,0
Job_079,7,5954,7513,M3,7343,98,7441,-72,0,72
Job_096,0,7282,8581,M0,7351,43,7394,-1187,0,1187
Job_076,8,5760,7445,M8,7365,44,7409,-36,0,36
Job_089,5,6871,7715,M9,7365,72,7437,-278,0,278
Job_093,2,7001,8577,M2,7376,9,7385,-1192,0,1192
Job_094,3,7100,9082,M6,7378,7,7385,-1697,0,1697
Job_095,0,7200,8055,M0,7394,29,7423,-632,0,632
Job_096,1,7282,8581,M2,7397,90,7487,-1094,0,1094
Job_071,9,5436,7449,M5,7406,43,7449,0,0,0
Job_086,6,6596,8188,M8,7409,19,7428,-760,0,760
Job_075,9,5660,7124,M7,7410,45,7455,331,331,0
Job_091,5,6882,7875,M4,7410,69,7479,-396,0,396
Job_080,9,5991,7465,M6,7412,53,7465,0,0,0
Job_095,1,7200,8055,M1,7423,78,7501,-554,0,554
Job_078,4,5903,7793,M8,7428,90,7518,-275,0,275
Job_076,9,5760,7445,M9,7437,21,7458,13,13,0
Job_089,6,6871,7715,M0,7437,47,7484,-231,0,231
Job_084,2,6461,8189,M3,7441,76,7517,-672,0,672
Job_079,8,5954,7513,M9,7458,22,7480,-33,0,33
Job_090,3,6876,8860,M4,7479,99,7578,-1282,0,1282
Job_079,9,5954,7513,M5,7480,43,7523,10,10,0
Job_086,7,6596,8188,M9,7480,48,7528,-660,0,660
Job_089,7,6871,7715,M6,7484,65,7549,-166,0,166
Job_092,1,6883,8754,M0,7484,85,7569,-1185,0,1185
Job_099,0,7431,8470,M2,7487,14,7501,-969,0,969
Job_095,2,7200,8055,M2,7501,9,7510,-545,0,545
Job_100,0,7499,8913,M2,7510,84,7594,-1319,0,1319
Job_095,3,7200,8055,M3,7517,36,7553,-502,0,502
Job_091,6,6882,7875,M8,7518,21,7539,-336,0,336
Job_078,5,5903,7793,M5,7523,10,7533,-260,0,260
Job_078,6,5903,7793,M7,7533,12,7545,-248,0,248
Job_084,3,6461,8189,M5,7533,51,7584,-605,0,605
Job_101,0,7537,8787,M1,7537,46,7583,-1204,0,1204
Job_094,4,7100,9082,M8,7539,64,7603,-1479,0,1479
Job_091,7,6882,7875,M7,7545,49,7594,-281,0,281
Job_078,7,5903,7793,M6,7549,89,7638,-155,0,155
Job_087,2,6645,8266,M3,7553,76,7629,-637,0,637
Job_095,4,7200,8055,M4,7578,49,7627,-428,0,428
Job_099,1,7431,8470,M0,7582,6,7588,-882,0,882
Job_097,0,7343,9036,M1,7583,91,7674,-1362,0,1362
Job_101,1,7537,8787,M0,7588,37,7625,-1162,0,1162
Job_084,4,6461,8189,M2,7594,85,7679,-510,0,510
Job_077,9,5842,7628,M8,7603,30,7633,5,5,0
Job_094,5,7100,9082,M9,7603,76,7679,-1403,0,1403
Job_089,8,6871,7715,M4,7627,6,7633,-82,0,82
Job_095,5,7200,8055,M5,7627,11,7638,-417,0,417
Job_092,2,6883,8754,M3,7629,39,7668,-1086,0,1086
Job_087,3,6645,8266,M5,7638,51,7689,-577,0,577
Job_090,4,6876,8860,M6,7638,9,7647,-1213,0,1213
Job_095,6,7200,8055,M6,7647,62,7709,-346,0,346
Job_088,4,6700,8130,M3,7668,69,7737,-393,0,393
Job_097,1,7343,9036,M0,7674,85,7759,-1277,0,1277
Job_099,2,7431,8470,M1,7674,22,7696,-774,0,774
Job_084,5,6461,8189,M9,7679,11,7690,-499,0,499
Job_092,3,6883,8754,M2,7679,74,7753,-1001,0,1001
Job_094,6,7100,9082,M5,7689,47,7736,-1346,0,1346
Job_078,8,5903,7793,M9,7690,45,7735,-58,0,58
Job_089,9,6871,7715,M7,7690,25,7715,0,0,0
Job_090,5,6876,8860,M8,7701,52,7753,-1107,0,1107
Job_084,6,6461,8189,M6,7709,40,7749,-440,0,440
Job_095,7,7200,8055,M7,7715,56,7771,-284,0,284
Job_091,8,6882,7875,M9,7735,72,7807,-68,0,68
Job_083,9,6243,6909,M3,7737,79,7816,907,907,0
Job_088,5,6700,8130,M1,7737,28,7765,-365,0,365
Job_099,3,7431,8470,M5,7745,61,7806,-664,0,664
Job_092,4,6883,8754,M8,7753,90,7843,-911,0,911
Job_102,0,7683,9182,M2,7753,31,7784,-1398,0,1398
Job_078,9,5903,7793,M4,7756,33,7789,-4,0,4
Job_088,6,6700,8130,M6,7765,46,7811,-319,0,319
Job_100,1,7499,8913,M1,7765,2,7767,-1146,0,1146
Job_098,0,7394,9558,M1,7767,81,7848,-1710,0,1710
Job_084,7,6461,8189,M7,7771,89,7860,-329,0,329
Job_087,4,6645,8266,M2,7784,85,7869,-397,0,397
Job_096,2,7282,8581,M4,7789,75,7864,-717,0,717
Job_102,1,7683,9182,M0,7800,86,7886,-1296,0,1296
Job_088,7,6700,8130,M5,7811,46,7857,-273,0,273
Job_093,3,7001,8577,M3,7816,36,7852,-725,0,725
Job_091,9,6882,7875,M6,7822,53,7875,0,0,0
Job_099,4,7431,8470,M3,7852,26,7878,-592,0,592
Job_092,5,6883,8754,M5,7857,10,7867,-887,0,887
Job_093,4,7001,8577,M4,7864,49,7913,-664,0,664
Job_092,6,6883,8754,M7,7867,12,7879,-875,0,875
Job_100,2,7499,8913,M5,7867,52,7919,-994,0,994
Job_087,5,6645,8266,M9,7869,11,7880,-386,0,386
Job_098,1,7394,9558,M2,7869,95,7964,-1594,0,1594
Job_101,2,7537,8787,M3,7878,61,7939,-848,0,848
Job_088,8,6700,8130,M7,7879,72,7951,-179,0,179
Job_087,6,6645,8266,M6,7880,40,7920,-346,0,346
Job_102,2,7683,9182,M1,7886,46,7932,-1250,0,1250
Job_103,0,7901,9649,M0,7901,76,7977,-1672,0,1672
Job_084,8,6461,8189,M4,7913,26,7939,-250,0,250
Job_093,5,7001,8577,M5,7919,11,7930,-647,0,647
Job_093,6,7001,8577,M6,7930,62,7992,-585,0,585
Job_102,3,7683,9182,M5,7932,74,8006,-1176,0,1176
Job_104,0,7933,9499,M1,7933,85,8018,-1481,0,1481
Job_085,7,6493,8187,M3,7939,52,7991,-196,0,196
Job_099,5,7431,8470,M4,7939,69,8008,-462,0,462
Job_087,7,6645,8266,M7,7951,89,8040,-226,0,226
Job_095,8,7200,8055,M8,7964,44,8008,-47,0,47
Job_101,3,7537,8787,M2,7964,13,7977,-810,0,810
Job_098,2,7394,9558,M0,7977,71,8048,-1510,0,1510
Job_097,2,7343,9036,M3,7991,39,8030,-1006,0,1006
Job_101,4,7537,8787,M6,7992,32,8024,-763,0,763
Job_085,8,6493,8187,M4,8008,90,8098,-89,0,89
Job_103,1,7901,9649,M1,8018,69,8087,-1562,0,1562
Job_096,3,7282,8581,M9,8019,11,8030,-551,0,551
Job_101,5,7537,8787,M5,8024,21,8045,-742,0,742
Job_096,4,7282,8581,M3,8030,69,8099,-482,0,482
Job_095,9,7200,8055,M9,8034,21,8055,0,0,0
Job_105,0,8036,9592,M2,8036,31,8067,-1525,0,1525
Job_086,8,6596,8188,M7,8040,36,8076,-112,0,112
Job_104,1,7933,9499,M0,8048,13,8061,-1438,0,1438
Job_101,6,7537,8787,M9,8055,32,8087,-700,0,700
Job_099,6,7431,8470,M8,8062,21,8083,-387,0,387
Job_104,2,7933,9499,M2,8067,61,8128,-1371,0,1371
Job_105,1,8036,9592,M0,8067,86,8153,-1439,0,1439
Job_092,7,6883,8754,M6,8069,89,8158,-596,0,596
Job_093,7,7001,8577,M7,8076,56,8132,-445,0,445
Job_088,9,6700,8130,M8,8083,30,8113,-17,0,17
Job_087,8,6645,8266,M4,8098,26,8124,-142,0,142
Job_086,9,6596,8188,M3,8099,79,8178,-10,0,10
Job_084,9,6461,8189,M8,8113,74,8187,-2,0,2
Job_097,3,7343,9036,M2,8128,74,8202,-834,0,834
Job_102,4,7683,9182,M4,8139,32,8171,-1011,0,1011
Job_085,9,6493,8187,M7,8142,45,8187,0,0,0
Job_105,2,8036,9592,M1,8153,46,8199,-1393,0,1393
Job_107,0,8140,9733,M0,8153,43,8196,-1537,0,1537
Job_092,8,6883,8754,M9,8158,45,8203,-551,0,551
Job_098,3,7394,9558,M4,8171,99,8270,-1288,0,1288
Job_103,2,7901,9649,M3,8178,76,8254,-1395,0,1395
Job_087,9,6645,8266,M8,8187,74,8261,-5,0,5
Job_099,7,7431,8470,M7,8187,49,8236,-234,0,234
Job_106,0,8085,9815,M0,8196,76,8272,-1543,0,1543
Job_105,3,8036,9592,M5,8199,74,8273,-1319,0,1319
Job_107,1,8140,9733,M2,8202,90,8292,-1441,0,1441
Job_090,6,6876,8860,M7,8236,85,8321,-539,0,539
Job_099,8,7431,8470,M9,8236,72,8308,-162,0,162
Job_102,5,7683,9182,M6,8247,88,8335,-847,0,847
Job_096,5,7282,8581,M1,8252,28,8280,-301,0,301
Job_100,3,7499,8913,M3,8254,95,8349,-564,0,564
Job_097,4,7343,9036,M8,8261,90,8351,-685,0,685
Job_105,4,8036,9592,M4,8273,32,8305,-1287,0,1287
Job_106,1,8085,9815,M1,8280,69,8349,-1466,0,1466
Job_103,3,7901,9649,M5,8300,51,8351,-1298,0,1298
Job_107,2,8140,9733,M4,8305,75,8380,-1353,0,1353
Job_108,0,8311,9601,M2,8311,84,8395,-1206,0,1206
Job_096,6,7282,8581,M6,8335,46,8381,-200,0,200
Job_106,2,8085,9815,M3,8349,76,8425,-1390,0,1390
Job_093,8,7001,8577,M8,8351,44,8395,-182,0,182
Job_097,5,7343,9036,M5,8351,10,8361,-675,0,675
Job_111,0,8323,10222,M1,8354,91,8445,-1777,0,1777
Job_097,6,7343,9036,M7,8361,12,8373,-663,0,663
Job_104,3,7933,9499,M6,8381,7,8388,-1111,0,1111
Job_096,7,7282,8581,M5,8384,46,8430,-151,0,151
Job_098,4,7394,9558,M6,8388,9,8397,-1161,0,1161
Job_107,3,8140,9733,M9,8392,11,8403,-1330,0,1330
Job_100,4,7499,8913,M8,8395,48,8443,-470,0,470
Job_110,0,8322,9362,M2,8395,14,8409,-953,0,953
Job_103,4,7901,9649,M2,8409,85,8494,-1155,0,1155
Job_110,1,8322,9362,M0,8409,6,8415,-947,0,947
Job_099,9,7431,8470,M6,8417,53,8470,0,0,0
Job_094,7,7100,9082,M3,8425,52,8477,-605,0,605
Job_096,8,7282,8581,M7,8430,72,8502,-79,0,79
Job_106,3,8085,9815,M5,8430,51,8481,-1334,0,1334
Job_112,0,8441,9577,M0,8441,29,8470,-1107,0,1107
Job_102,6,7683,9182,M8,8443,19,8462,-720,0,720
Job_109,0,8316,9664,M1,8445,81,8526,-1138,0,1138
Job_100,5,7499,8913,M9,8447,72,8519,-394,0,394
Job_101,7,7537,8787,M8,8462,89,8551,-236,0,236
Job_105,5,8036,9592,M6,8470,88,8558,-1034,0,1034
Job_111,1,8323,10222,M0,8470,85,8555,-1667,0,1667
Job_090,7,6876,8860,M3,8477,98,8575,-285,0,285
Job_094,8,7100,9082,M4,8477,90,8567,-515,0,515
Job_106,4,8085,9815,M2,8494,85,8579,-1236,0,1236
Job_103,5,7901,9649,M9,8519,11,8530,-1119,0,1119
Job_112,1,8441,9577,M1,8526,78,8604,-973,0,973
Job_096,9,7282,8581,M8,8551,30,8581,0,0,0
Job_101,8,7537,8787,M7,8551,30,8581,-206,0,206
Job_093,9,7001,8577,M9,8554,21,8575,-2,0,2
Job_100,6,7499,8913,M0,8555,47,8602,-311,0,311
Job_103,6,7901,9649,M6,8558,40,8598,-1051,0,1051
Job_090,8,6876,8860,M9,8575,22,8597,-263,0,263
Job_111,2,8323,10222,M3,8575,39,8614,-1608,0,1608
Job_109,1,8316,9664,M2,8579,95,8674,-990,0,990
Job_104,4,7933,9499,M8,8581,64,8645,-854,0,854
Job_102,7,7683,9182,M9,8597,48,8645,-537,0,537
Job_103,7,7901,9649,M7,8598,89,8687,-962,0,962
Job_100,7,7499,8913,M6,8602,65,8667,-246,0,246
Job_110,2,8322,9362,M1,8604,22,8626,-736,0,736
Job_107,4,8140,9733,M3,8614,69,8683,-1050,0,1050
Job_108,1,8311,9601,M1,8626,2,8628,-973,0,973
Job_110,3,8322,9362,M5,8626,61,8687,-675,0,675
Job_113,0,8540,9831,M1,8628,85,8713,-1118,0,1118
Job_114,0,8640,9866,M0,8640,29,8669,-1197,0,1197
Job_104,5,7933,9499,M9,8645,76,8721,-778,0,778
Job_105,6,8036,9592,M8,8645,19,8664,-928,0,928
Job_098,5,7394,9558,M8,8664,52,8716,-842,0,842
Job_097,7,7343,9036,M6,8667,89,8756,-280,0,280
Job_100,8,7499,8913,M4,8667,6,8673,-240,0,240
Job_109,2,8316,9664,M0,8674,71,8745,-919,0,919
Job_112,2,8441,9577,M2,8674,9,8683,-894,0,894
Job_112,3,8441,9577,M3,8683,36,8719,-858,0,858
Job_102,8,7683,9182,M7,8687,36,8723,-459,0,459
Job_108,2,8311,9601,M5,8687,52,8739,-862,0,862
Job_092,9,6883,8754,M4,8699,33,8732,-22,0,22
Job_111,3,8323,10222,M2,8700,74,8774,-1448,0,1448
Job_107,5,8140,9733,M1,8713,28,8741,-992,0,992
Job_110,4,8322,9362,M3,8719,26,8745,-617,0,617
Job_105,7,8036,9592,M9,8721,48,8769,-823,0,823
Job_098,6,7394,9558,M7,8723,85,8808,-750,0,750
Job_101,9,7537,8787,M4,8732,55,8787,0,0,0
Job_104,6,7933,9499,M5,8739,47,8786,-713,0,713
Job_114,1,8640,9866,M1,8741,78,8819,-1047,0,1047
Job_108,3,8311,9601,M3,8745,95,8840,-761,0,761
Job_113,1,8540,9831,M0,8745,13,8758,-1073,0,1073
Job_107,6,8140,9733,M6,8756,46,8802,-931,0,931
Job_115,0,8722,10449,M0,8758,43,8801,-1648,0,1648
Job_106,5,8085,9815,M9,8769,11,8780,-1035,0,1035
Job_111,4,8323,10222,M8,8774,90,8864,-1358,0,1358
Job_113,2,8540,9831,M2,8774,61,8835,-996,0,996
Job_097,8,7343,9036,M9,8780,45,8825,-211,0,211
Job_110,5,8322,9362,M4,8787,69,8856,-506,0,506
Job_106,6,8085,9815,M6,8802,40,8842,-973,0,973
Job_105,8,8036,9592,M7,8808,36,8844,-748,0,748
Job_090,9,6876,8860,M5,8817,43,8860,0,0,0
Job_116,0,8783,10053,M1,8819,91,8910,-1143,0,1143
Job_114,2,8640,9866,M2,8835,9,8844,-1022,0,1022
Job_104,7,7933,9499,M3,8840,52,8892,-607,0,607
Job_113,3,8540,9831,M6,8842,7,8849,-982,0,982
Job_115,1,8722,10449,M2,8844,90,8934,-1515,0,1515
Job_109,3,8316,9664,M4,8856,99,8955,-709,0,709
Job_107,7,8140,9733,M5,8860,46,8906,-827,0,827
Job_110,6,8322,9362,M8,8864,21,8885,-477,0,477
Job_108,4,8311,9601,M8,8885,48,8933,-668,0,668
Job_100,9,7499,8913,M7,8888,25,8913,0,0,0
Job_098,7,7394,9558,M3,8892,98,8990,-568,0,568
Job_111,5,8323,10222,M5,8906,10,8916,-1306,0,1306
Job_116,1,8783,10053,M0,8910,85,8995,-1058,0,1058
Job_117,0,8834,10394,M1,8910,81,8991,-1403,0,1403
Job_110,7,8322,9362,M7,8913,49,8962,-400,0,400
Job_108,5,8311,9601,M9,8933,72,9005,-596,0,596
Job_113,4,8540,9831,M8,8933,64,8997,-834,0,834
Job_118,0,8871,9770,M2,8934,14,8948,-822,0,822
Job_119,0,8939,10132,M2,8948,84,9032,-1100,0,1100
Job_103,8,7901,9649,M4,8955,26,8981,-668,0,668
Job_109,4,8316,9664,M6,8955,9,8964,-700,0,700
Job_107,8,8140,9733,M7,8962,72,9034,-699,0,699
Job_114,3,8640,9866,M3,8990,36,9026,-840,0,840
Job_120,0,8977,10661,M1,8991,46,9037,-1624,0,1624
Job_118,1,8871,9770,M0,8995,6,9001,-769,0,769
Job_109,5,8316,9664,M8,8997,52,9049,-615,0,615
Job_097,9,7343,9036,M4,9003,33,9036,0,0,0
Job_108,6,8311,9601,M0,9005,47,9052,-549,0,549
Job_110,8,8322,9362,M9,9005,72,9077,-285,0,285
Job_116,2,8783,10053,M3,9026,39,9065,-988,0,988
Job_112,4,8441,9577,M4,9036,49,9085,-492,0,492
Job_094,9,7100,9082,M7,9037,45,9082,0,0,0
Job_118,2,8871,9770,M1,9037,22,9059,-711,0,711
Job_108,7,8311,9601,M6,9052,65,9117,-484,0,484
Job_120,1,8977,10661,M0,9052,37,9089,-1572,0,1572
Job_119,1,8939,10132,M1,9059,2,9061,-1071,0,1071
Job_113,5,8540,9831,M9,9077,76,9153,-678,0,678
Job_109,6,8316,9664,M7,9082,85,9167,-497,0,497
Job_104,8,7933,9499,M4,9085,90,9175,-324,0,324
Job_112,5,8441,9577,M5,9085,11,9096,-481,0,481
Job_119,2,8939,10132,M5,9096,52,9148,-984,0,984
Job_102,9,7683,9182,M3,9103,79,9182,0,0,0
Job_112,6,8441,9577,M6,9117,62,9179,-398,0,398
Job_121,0,9123,10454,M2,9123,31,9154,-1300,0,1300
Job_098,8,7394,9558,M9,9153,22,9175,-383,0,383
Job_113,6,8540,9831,M5,9153,47,9200,-631,0,631
Job_116,3,8783,10053,M2,9154,74,9228,-825,0,825
Job_121,1,9123,10454,M0,9154,86,9240,-1214,0,1214
Job_106,7,8085,9815,M7,9167,89,9256,-559,0,559
Job_108,8,8311,9601,M4,9175,6,9181,-420,0,420
Job_114,4,8640,9866,M4,9181,49,9230,-636,0,636
Job_109,7,8316,9664,M3,9182,98,9280,-384,0,384
Job_118,3,8871,9770,M5,9200,61,9261,-509,0,509
Job_117,1,8834,10394,M2,9228,95,9323,-1071,0,1071
Job_121,2,9123,10454,M1,9240,46,9286,-1168,0,1168
Job_106,8,8085,9815,M4,9256,26,9282,-533,0,533
Job_112,7,8441,9577,M7,9256,56,9312,-265,0,265
Job_114,5,8640,9866,M5,9261,11,9272,-594,0,594
Job_109,8,8316,9664,M9,9280,22,9302,-362,0,362
Job_113,7,8540,9831,M3,9280,52,9332,-499,0,499
Job_121,3,9123,10454,M5,9286,74,9360,-1094,0,1094
Job_110,9,8322,9362,M6,9309,53,9362,0,0,0
Job_111,6,8323,10222,M7,9312,12,9324,-898,0,898
Job_112,8,8441,9577,M8,9312,44,9356,-221,0,221
Job_113,8,8540,9831,M4,9332,90,9422,-409,0,409
Job_118,4,8871,9770,M3,9332,26,9358,-412,0,412
Job_122,0,9341,11333,M0,9341,76,9417,-1916,0,1916
Job_116,4,8783,10053,M8,9356,90,9446,-607,0,607
Job_119,3,8939,10132,M3,9358,95,9453,-679,0,679
Job_111,7,8323,10222,M6,9362,89,9451,-771,0,771
Job_123,0,9373,11165,M1,9373,85,9458,-1707,0,1707
Job_118,5,8871,9770,M4,9422,69,9491,-279,0,279
Job_116,5,8783,10053,M5,9446,10,9456,-597,0,597
Job_111,8,8323,10222,M9,9451,45,9496,-726,0,726
Job_114,6,8640,9866,M6,9451,62,9513,-353,0,353
Job_119,4,8939,10132,M8,9453,48,9501,-631,0,631
Job_104,9,7933,9499,M7,9454,45,9499,0,0,0
Job_122,1,9341,11333,M1,9458,69,9527,-1806,0,1806
Job_123,1,9373,11165,M0,9458,13,9471,-1694,0,1694
Job_117,2,8834,10394,M0,9471,71,9542,-852,0,852
Job_123,2,9373,11165,M2,9471,61,9532,-1633,0,1633
Job_115,2,8722,10449,M4,9491,75,9566,-883,0,883
Job_116,6,8783,10053,M7,9499,12,9511,-542,0,542
Job_118,6,8871,9770,M8,9501,21,9522,-248,0,248
Job_105,9,8036,9592,M3,9513,79,9592,0,0,0
Job_116,7,8783,10053,M6,9513,89,9602,-451,0,451
Job_098,9,7394,9558,M5,9515,43,9558,0,0,0
Job_118,7,8871,9770,M7,9522,49,9571,-199,0,199
Job_124,0,9476,11255,M2,9532,31,9563,-1692,0,1692
Job_112,9,8441,9577,M9,9556,21,9577,0,0,0
Job_117,3,8834,10394,M4,9566,99,9665,-729,0,729
Job_103,9,7901,9649,M8,9575,74,9649,0,0,0
Job_108,9,8311,9601,M7,9576,25,9601,0,0,0
Job_118,8,8871,9770,M9,9577,72,9649,-121,0,121
Job_126,0,9580,10908,M0,9580,43,9623,-1285,0,1285
Job_120,2,8977,10661,M3,9592,61,9653,-1008,0,1008
Job_114,7,8640,9866,M7,9601,56,9657,-209,0,209
Job_123,3,9373,11165,M6,9602,7,9609,-1556,0,1556
Job_109,9,8316,9664,M5,9621,43,9664,0,0,0
Job_124,1,9476,11255,M0,9623,86,9709,-1546,0,1546
Job_126,1,9580,10908,M2,9623,90,9713,-1195,0,1195
Job_119,5,8939,10132,M9,9649,72,9721,-411,0,411
Job_122,2,9341,11333,M3,9653,76,9729,-1604,0,1604
Job_114,8,8640,9866,M8,9657,44,9701,-165,0,165
Job_117,4,8834,10394,M6,9665,9,9674,-720,0,720
Job_121,4,9123,10454,M4,9665,32,9697,-757,0,757
Job_107,9,8140,9733,M8,9703,30,9733,0,0,0
Job_124,2,9476,11255,M1,9709,46,9755,-1500,0,1500
Job_125,0,9525,11380,M0,9709,76,9785,-1595,0,1595
Job_120,3,8977,10661,M2,9713,13,9726,-935,0,935
Job_126,2,9580,10908,M4,9713,75,9788,-1120,0,1120
Job_118,9,8871,9770,M6,9717,53,9770,0,0,0
Job_116,8,8783,10053,M9,9721,45,9766,-287,0,287
Job_122,3,9341,11333,M5,9729,51,9780,-1553,0,1553
Job_106,9,8085,9815,M8,9741,74,9815,0,0,0
Job_127,0,9751,11097,M2,9751,84,9835,-1262,0,1262
Job_128,0,9756,11417,M1,9756,81,9837,-1580,0,1580
Job_115,3,8722,10449,M9,9766,11,9777,-672,0,672
Job_121,5,9123,10454,M6,9770,88,9858,-596,0,596
Job_115,4,8722,10449,M3,9777,69,9846,-603,0,603
Job_124,3,9476,11255,M5,9780,74,9854,-1401,0,1401
Job_119,6,8939,10132,M0,9785,47,9832,-300,0,300
Job_113,9,8540,9831,M7,9786,45,9831,0,0,0
Job_126,3,9580,10908,M9,9788,11,9799,-1109,0,1109
Job_117,5,8834,10394,M8,9815,52,9867,-527,0,527
Job_129,0,9762,10702,M2,9835,14,9849,-853,0,853
Job_130,0,9763,11184,M1,9837,91,9928,-1256,0,1256
Job_114,9,8640,9866,M9,9845,21,9866,0,0,0
Job_126,4,9580,10908,M3,9846,69,9915,-993,0,993
Job_128,1,9756,11417,M2,9849,95,9944,-1473,0,1473
Job_129,1,9762,10702,M0,9849,6,9855,-847,0,847
Job_124,4,9476,11255,M4,9854,32,9886,-1369,0,1369
Job_119,7,8939,10132,M6,9858,65,9923,-209,0,209
Job_117,6,8834,10394,M7,9867,85,9952,-442,0,442
Job_121,6,9123,10454,M8,9867,19,9886,-568,0,568
Job_131,0,9881,11051,M0,9881,29,9910,-1141,0,1141
Job_121,7,9123,10454,M9,9886,48,9934,-520,0,520
Job_123,4,9373,11165,M8,9886,64,9950,-1215,0,1215
Job_119,8,8939,10132,M4,9923,6,9929,-203,0,203
Job_120,4,8977,10661,M6,9923,32,9955,-706,0,706
Job_115,5,8722,10449,M1,9928,28,9956,-493,0,493
Job_130,1,9763,11184,M0,9928,85,10013,-1171,0,1171
Job_122,4,9341,11333,M2,9944,85,10029,-1304,0,1304
Job_123,5,9373,11165,M9,9950,76,10026,-1139,0,1139
Job_117,7,8834,10394,M3,9952,98,10050,-344,0,344
Job_121,8,9123,10454,M7,9952,36,9988,-466,0,466
Job_120,5,8977,10661,M5,9955,21,9976,-685,0,685
Job_124,5,9476,11255,M6,9955,88,10043,-1212,0,1212
Job_129,2,9762,10702,M1,9956,22,9978,-724,0,724
Job_127,1,9751,11097,M1,9978,2,9980,-1117,0,1117
Job_129,3,9762,10702,M5,9978,61,10039,-663,0,663
Job_132,0,9980,11430,M1,9980,85,10065,-1365,0,1365
Job_116,9,8783,10053,M4,10020,33,10053,0,0,0
Job_120,6,8977,10661,M9,10026,32,10058,-603,0,603
Job_127,2,9751,11097,M5,10039,52,10091,-1006,0,1006
Job_115,6,8722,10449,M6,10043,46,10089,-360,0,360
Job_124,6,9476,11255,M8,10043,19,10062,-1193,0,1193
Job_129,4,9762,10702,M3,10050,26,10076,-626,0,626
Job_117,8,8834,10394,M9,10058,22,10080,-314,0,314
Job_131,1,9881,11051,M1,10065,78,10143,-908,0,908
Job_132,1,9980,11430,M0,10065,13,10078,-1352,0,1352
Job_129,5,9762,10702,M4,10076,69,10145,-557,0,557
Job_130,2,9763,11184,M3,10076,39,10115,-1069,0,1069
Job_128,2,9756,11417,M0,10078,71,10149,-1268,0,1268
Job_132,2,9980,11430,M2,10078,61,10139,-1291,0,1291
Job_122,5,9341,11333,M9,10080,11,10091,-1242,0,1242
Job_115,7,8722,10449,M5,10091,46,10137,-312,0,312
Job_122,6,9341,11333,M6,10091,40,10131,-1202,0,1202
Job_124,7,9476,11255,M9,10091,48,10139,-1116,0,1116
Job_119,9,8939,10132,M7,10107,25,10132,0,0,0
Job_127,3,9751,11097,M3,10115,95,10210,-887,0,887
Job_122,7,9341,11333,M7,10132,89,10221,-1112,0,1112
Job_123,6,9373,11165,M5,10137,47,10184,-981,0,981
Job_130,3,9763,11184,M2,10139,74,10213,-971,0,971
Job_132,3,9980,11430,M6,10139,7,10146,-1284,0,1284
Job_126,5,9580,10908,M1,10143,28,10171,-737,0,737
Job_132,4,9980,11430,M8,10146,64,10210,-1220,0,1220
Job_133,0,10080,11361,M0,10149,29,10178,-1183,0,1183
Job_125,1,9525,11380,M1,10171,69,10240,-1140,0,1140
Job_126,6,9580,10908,M6,10171,46,10217,-691,0,691
Job_134,0,10162,11967,M0,10178,43,10221,-1746,0,1746
Job_111,9,8323,10222,M4,10189,33,10222,0,0,0
Job_120,7,8977,10661,M8,10210,89,10299,-362,0,362
Job_123,7,9373,11165,M3,10210,52,10262,-903,0,903
Job_132,5,9980,11430,M9,10210,76,10286,-1144,0,1144
Job_131,2,9881,11051,M2,10213,9,10222,-829,0,829
Job_126,7,9580,10908,M5,10217,46,10263,-645,0,645
Job_115,8,8722,10449,M7,10221,72,10293,-156,0,156
Job_128,3,9756,11417,M4,10222,99,10321,-1096,0,1096
Job_131,3,9881,11051,M3,10262,36,10298,-753,0,753
Job_136,0,10274,12191,M1,10274,81,10355,-1836,0,1836
Job_132,6,9980,11430,M5,10286,47,10333,-1097,0,1097
Job_126,8,9580,10908,M7,10293,72,10365,-543,0,543
Job_125,2,9525,11380,M3,10298,76,10374,-1006,0,1006
Job_129,6,9762,10702,M8,10299,21,10320,-382,0,382
Job_137,0,10311,11093,M2,10311,14,10325,-768,0,768
Job_130,4,9763,11184,M8,10320,90,10410,-774,0,774
Job_128,4,9756,11417,M6,10321,9,10330,-1087,0,1087
Job_131,4,9881,11051,M4,10321,49,10370,-681,0,681
Job_137,1,10311,11093,M0,10326,6,10332,-761,0,761
Job_117,9,8834,10394,M5,10351,43,10394,0,0,0
Job_133,1,10080,11361,M1,10355,78,10433,-928,0,928
Job_136,1,10274,12191,M2,10355,95,10450,-1741,0,1741
Job_129,7,9762,10702,M7,10365,49,10414,-288,0,288
Job_123,8,9373,11165,M4,10370,90,10460,-705,0,705
Job_121,9,9123,10454,M3,10375,79,10454,0,0,0
Job_131,5,9881,11051,M5,10394,11,10405,-646,0,646
Job_125,3,9525,11380,M5,10405,51,10456,-924,0,924
Job_131,6,9881,11051,M6,10405,62,10467,-584,0,584
Job_120,8,8977,10661,M7,10414,30,10444,-217,0,217
Job_129,8,9762,10702,M9,10414,72,10486,-216,0,216
Job_115,9,8722,10449,M8,10419,30,10449,0,0,0
Job_137,2,10311,11093,M1,10433,22,10455,-638,0,638
Job_124,8,9476,11255,M7,10444,36,10480,-775,0,775
Job_127,4,9751,11097,M8,10449,48,10497,-600,0,600
Job_136,2,10274,12191,M0,10450,71,10521,-1670,0,1670
Job_132,7,9980,11430,M3,10454,52,10506,-924,0,924
Job_139,0,10417,11616,M1,10455,46,10501,-1115,0,1115
Job_125,4,9525,11380,M2,10456,85,10541,-839,0,839
Job_130,5,9763,11184,M5,10456,10,10466,-718,0,718
Job_122,8,9341,11333,M4,10460,26,10486,-847,0,847
Job_137,3,10311,11093,M5,10466,61,10527,-566,0,566
Job_131,7,9881,11051,M7,10480,56,10536,-515,0,515
Job_127,5,9751,11097,M9,10497,72,10569,-528,0,528
Job_128,5,9756,11417,M8,10497,52,10549,-868,0,868
Job_135,0,10223,12521,M1,10501,91,10592,-1929,0,1929
Job_132,8,9980,11430,M4,10506,90,10596,-834,0,834
Job_139,1,10417,11616,M0,10521,37,10558,-1058,0,1058
Job_137,4,10311,11093,M3,10527,26,10553,-540,0,540
Job_130,6,9763,11184,M7,10536,12,10548,-636,0,636
Job_133,2,10080,11361,M2,10541,9,10550,-811,0,811
Job_130,7,9763,11184,M6,10548,89,10637,-547,0,547
Job_128,6,9756,11417,M7,10549,85,10634,-783,0,783
Job_131,8,9881,11051,M8,10549,44,10593,-458,0,458
Job_133,3,10080,11361,M3,10553,36,10589,-772,0,772
Job_140,0,10563,12361,M2,10563,31,10594,-1767,0,1767
Job_125,5,9525,11380,M9,10569,11,10580,-800,0,800
Job_127,6,9751,11097,M0,10569,47,10616,-481,0,481
Job_138,0,10379,12197,M2,10594,84,10678,-1519,0,1519
Job_120,9,8977,10661,M4,10606,55,10661,0,0,0
Job_140,1,10563,12361,M0,10616,86,10702,-1659,0,1659
Job_128,7,9756,11417,M3,10634,98,10732,-685,0,685
Job_130,8,9763,11184,M9,10637,45,10682,-502,0,502
Job_129,9,9762,10702,M6,10649,53,10702,0,0,0
Job_133,4,10080,11361,M4,10661,49,10710,-651,0,651
Job_134,1,10162,11967,M2,10678,90,10768,-1199,0,1199
Job_138,1,10379,12197,M1,10678,2,10680,-1517,0,1517
Job_138,2,10379,12197,M5,10680,52,10732,-1465,0,1465
Job_127,7,9751,11097,M6,10702,65,10767,-330,0,330
Job_140,2,10563,12361,M1,10702,46,10748,-1613,0,1613
Job_128,8,9756,11417,M9,10732,22,10754,-663,0,663
Job_133,5,10080,11361,M5,10732,11,10743,-618,0,618
Job_139,2,10417,11616,M3,10732,61,10793,-823,0,823
Job_125,6,9525,11380,M6,10767,40,10807,-573,0,573
Job_127,8,9751,11097,M4,10767,6,10773,-324,0,324
Job_137,5,10311,11093,M4,10773,69,10842,-251,0,251
Job_140,3,10563,12361,M5,10773,74,10847,-1514,0,1514
Job_141,0,10781,12259,M0,10781,76,10857,-1402,0,1402
Job_138,3,10379,12197,M3,10793,95,10888,-1309,0,1309
Job_139,3,10417,11616,M2,10793,13,10806,-810,0,810
Job_125,7,9525,11380,M7,10807,89,10896,-484,0,484
Job_133,6,10080,11361,M6,10807,62,10869,-492,0,492
Job_142,0,10813,12291,M1,10813,85,10898,-1393,0,1393
Job_137,6,10311,11093,M8,10842,21,10863,-230,0,230
Job_140,4,10563,12361,M4,10847,32,10879,-1482,0,1482
Job_139,4,10417,11616,M6,10869,32,10901,-715,0,715
Job_126,9,9580,10908,M8,10878,30,10908,0,0,0
Job_125,8,9525,11380,M4,10896,26,10922,-458,0,458
Job_137,7,10311,11093,M7,10896,49,10945,-148,0,148
Job_141,1,10781,12259,M1,10898,69,10967,-1292,0,1292
Job_139,5,10417,11616,M5,10901,21,10922,-694,0,694
Job_140,5,10563,12361,M6,10901,88,10989,-1372,0,1372
Job_138,4,10379,12197,M8,10908,48,10956,-1241,0,1241
Job_143,0,10916,12560,M2,10916,31,10947,-1613,0,1613
Job_134,2,10162,11967,M4,10922,75,10997,-970,0,970
Job_139,6,10417,11616,M9,10922,32,10954,-662,0,662
Job_142,1,10813,12291,M0,10928,13,10941,-1350,0,1350
Job_133,7,10080,11361,M7,10945,56,11001,-360,0,360
Job_142,2,10813,12291,M2,10947,61,11008,-1283,0,1283
Job_137,8,10311,11093,M9,10954,72,11026,-67,0,67
Job_144,0,10965,12515,M0,10965,76,11041,-1474,0,1474
Job_141,2,10781,12259,M3,10967,76,11043,-1216,0,1216
Job_140,6,10563,12361,M8,10989,19,11008,-1353,0,1353
Job_136,3,10274,12191,M4,10997,99,11096,-1095,0,1095
Job_142,3,10813,12291,M6,11008,7,11015,-1276,0,1276
Job_142,4,10813,12291,M8,11015,64,11079,-1212,0,1212
Job_131,9,9881,11051,M9,11030,21,11051,0,0,0
Job_137,9,10311,11093,M6,11040,53,11093,0,0,0
Job_143,1,10916,12560,M0,11041,86,11127,-1433,0,1433
Job_144,1,10965,12515,M1,11041,69,11110,-1405,0,1405
Job_141,3,10781,12259,M5,11043,51,11094,-1165,0,1165
Job_134,3,10162,11967,M9,11051,11,11062,-905,0,905
Job_134,4,10162,11967,M3,11062,69,11131,-836,0,836
Job_127,9,9751,11097,M7,11072,25,11097,0,0,0
Job_133,8,10080,11361,M8,11079,44,11123,-238,0,238
Job_142,5,10813,12291,M9,11087,76,11163,-1128,0,1128
Job_141,4,10781,12259,M2,11094,85,11179,-1080,0,1080
Job_136,4,10274,12191,M6,11096,9,11105,-1086,0,1086
Job_123,9,9373,11165,M7,11120,45,11165,0,0,0
Job_139,7,10417,11616,M8,11123,89,11212,-404,0,404
Job_135,1,10223,12521,M0,11127,85,11212,-1309,0,1309
Job_143,2,10916,12560,M1,11127,46,11173,-1387,0,1387
Job_130,9,9763,11184,M4,11151,33,11184,0,0,0
Job_142,6,10813,12291,M5,11163,47,11210,-1081,0,1081
Job_124,9,9476,11255,M3,11176,79,11255,0,0,0
Job_141,5,10781,12259,M9,11179,11,11190,-1069,0,1069
Job_138,5,10379,12197,M9,11190,72,11262,-935,0,935
Job_141,6,10781,12259,M6,11190,40,11230,-1029,0,1029
Job_147,0,11196,13228,M1,11196,81,11277,-1951,0,1951
Job_148,0,11202,12235,M2,11202,14,11216,-1019,0,1019
Job_143,3,10916,12560,M5,11210,74,11284,-1276,0,1276
Job_145,0,11020,12850,M0,11212,43,11255,-1595,0,1595
Job_141,7,10781,12259,M7,11230,89,11319,-940,0,940
Job_122,9,9341,11333,M8,11232,74,11306,-27,0,27
Job_144,2,10965,12515,M3,11255,76,11331,-1184,0,1184
Job_138,6,10379,12197,M0,11262,47,11309,-888,0,888
Job_140,7,10563,12361,M9,11262,48,11310,-1051,0,1051
Job_147,1,11196,13228,M2,11277,95,11372,-1856,0,1856
Job_149,0,11203,12718,M1,11277,91,11368,-1350,0,1350
Job_143,4,10916,12560,M4,11284,32,11316,-1244,0,1244
Job_125,9,9525,11380,M8,11306,74,11380,0,0,0
Job_138,7,10379,12197,M6,11309,65,11374,-823,0,823
Job_148,1,11202,12235,M0,11309,6,11315,-920,0,920
Job_139,8,10417,11616,M7,11319,30,11349,-267,0,267
Job_150,0,11321,12417,M0,11321,29,11350,-1067,0,1067
Job_141,8,10781,12259,M4,11328,26,11354,-905,0,905
Job_135,2,10223,12521,M3,11331,39,11370,-1151,0,1151
Job_133,9,10080,11361,M9,11340,21,11361,0,0,0
Job_140,8,10563,12361,M7,11349,36,11385,-976,0,976
Job_149,1,11203,12718,M0,11368,85,11453,-1265,0,1265
Job_150,1,11321,12417,M1,11368,78,11446,-971,0,971
Job_142,7,10813,12291,M3,11370,52,11422,-869,0,869
Job_135,3,10223,12521,M2,11372,74,11446,-1075,0,1075
Job_128,9,9756,11417,M5,11374,43,11417,0,0,0
Job_138,8,10379,12197,M4,11374,6,11380,-817,0,817
Job_143,5,10916,12560,M6,11374,88,11462,-1098,0,1098
Job_136,5,10274,12191,M8,11380,52,11432,-759,0,759
Job_132,9,9980,11430,M7,11385,45,11430,0,0,0
Job_144,3,10965,12515,M5,11417,51,11468,-1047,0,1047
Job_142,8,10813,12291,M4,11422,90,11512,-779,0,779
Job_136,6,10274,12191,M7,11432,85,11517,-674,0,674
Job_148,2,11202,12235,M1,11446,22,11468,-767,0,767
Job_150,2,11321,12417,M2,11446,9,11455,-962,0,962
Job_135,4,10223,12521,M8,11452,90,11542,-979,0,979
Job_147,2,11196,13228,M0,11453,71,11524,-1704,0,1704
Job_149,2,11203,12718,M3,11453,39,11492,-1226,0,1226
Job_144,4,10965,12515,M2,11468,85,11553,-962,0,962
Job_148,3,11202,12235,M5,11468,61,11529,-706,0,706
Job_151,0,11420,12933,M1,11468,85,11553,-1380,0,1380
Job_150,3,11321,12417,M3,11492,36,11528,-889,0,889
Job_136,7,10274,12191,M3,11528,98,11626,-565,0,565
Job_135,5,10223,12521,M5,11542,10,11552,-969,0,969
Job_143,6,10916,12560,M8,11542,19,11561,-999,0,999
Job_135,6,10223,12521,M7,11552,12,11564,-957,0,957
Job_134,5,10162,11967,M1,11553,28,11581,-386,0,386
Job_145,1,11020,12850,M2,11553,90,11643,-1207,0,1207
Job_151,1,11420,12933,M0,11553,13,11566,-1367,0,1367
Job_144,5,10965,12515,M9,11556,11,11567,-948,0,948
Job_139,9,10417,11616,M4,11561,55,11616,0,0,0
Job_135,7,10223,12521,M6,11564,89,11653,-868,0,868
Job_143,7,10916,12560,M9,11567,48,11615,-945,0,945
Job_143,8,10916,12560,M7,11615,36,11651,-909,0,909
Job_150,4,11321,12417,M4,11616,49,11665,-752,0,752
Job_136,8,10274,12191,M9,11626,22,11648,-543,0,543
Job_148,4,11202,12235,M3,11626,26,11652,-583,0,583
Job_151,2,11420,12933,M2,11643,61,11704,-1229,0,1229
Job_134,6,10162,11967,M6,11653,46,11699,-268,0,268
Job_135,8,10223,12521,M9,11653,45,11698,-823,0,823
Job_148,5,11202,12235,M4,11665,69,11734,-501,0,501
Job_150,5,11321,12417,M5,11665,11,11676,-741,0,741
Job_134,7,10162,11967,M5,11699,46,11745,-222,0,222
Job_150,6,11321,12417,M6,11699,62,11761,-656,0,656
Job_146,0,11191,13071,M2,11704,84,11788,-1283,0,1283
Job_147,3,11196,13228,M4,11734,99,11833,-1395,0,1395
Job_148,6,11202,12235,M8,11734,21,11755,-480,0,480
Job_134,8,10162,11967,M7,11745,72,11817,-150,0,150
Job_144,6,10965,12515,M6,11761,40,11801,-714,0,714
Job_146,1,11191,13071,M1,11788,2,11790,-1281,0,1281
Job_149,3,11203,12718,M2,11788,74,11862,-856,0,856
Job_151,3,11420,12933,M6,11801,7,11808,-1125,0,1125
Job_151,4,11420,12933,M8,11808,64,11872,-1061,0,1061
Job_148,7,11202,12235,M7,11817,49,11866,-369,0,369
Job_145,2,11020,12850,M4,11833,75,11908,-942,0,942
Job_147,4,11196,13228,M6,11833,9,11842,-1386,0,1386
Job_148,8,11202,12235,M9,11866,72,11938,-297,0,297
Job_150,7,11321,12417,M7,11866,56,11922,-495,0,495
Job_147,5,11196,13228,M8,11872,52,11924,-1304,0,1304
Job_146,2,11191,13071,M5,11916,52,11968,-1103,0,1103
Job_144,7,10965,12515,M7,11922,89,12011,-504,0,504
Job_134,9,10162,11967,M8,11937,30,11967,0,0,0
Job_145,3,11020,12850,M9,11938,11,11949,-901,0,901
Job_145,4,11020,12850,M3,11949,69,12018,-832,0,832
Job_151,5,11420,12933,M9,11949,76,12025,-908,0,908
Job_149,4,11203,12718,M8,11967,90,12057,-661,0,661
Job_144,8,10965,12515,M4,12011,26,12037,-478,0,478
Job_147,6,11196,13228,M7,12011,85,12096,-1132,0,1132
Job_145,5,11020,12850,M1,12018,28,12046,-804,0,804
Job_146,3,11191,13071,M3,12018,95,12113,-958,0,958
Job_151,6,11420,12933,M5,12025,47,12072,-861,0,861
Job_145,6,11020,12850,M6,12046,46,12092,-758,0,758
Job_150,8,11321,12417,M8,12057,44,12101,-316,0,316
Job_149,5,11203,12718,M5,12072,10,12082,-636,0,636
Job_145,7,11020,12850,M5,12092,46,12138,-712,0,712
Job_149,6,11203,12718,M7,12096,12,12108,-610,0,610
Job_146,4,11191,13071,M8,12113,48,12161,-910,0,910
Job_151,7,11420,12933,M3,12113,52,12165,-768,0,768
Job_136,9,10274,12191,M5,12148,43,12191,0,0,0
Job_146,5,11191,13071,M9,12161,72,12233,-838,0,838
Job_147,7,11196,13228,M3,12165,98,12263,-965,0,965
Job_151,8,11420,12933,M4,12165,90,12255,-678,0,678
Job_138,9,10379,12197,M7,12172,25,12197,0,0,0
Job_148,9,11202,12235,M6,12182,53,12235,0,0,0
Job_141,9,10781,12259,M8,12185,74,12259,0,0,0
Job_146,6,11191,13071,M0,12233,47,12280,-791,0,791
Job_149,7,11203,12718,M6,12235,89,12324,-394,0,394
Job_142,9,10813,12291,M7,12246,45,12291,0,0,0
Job_147,8,11196,13228,M9,12263,22,12285,-943,0,943
Job_140,9,10563,12361,M3,12282,79,12361,0,0,0
Job_145,8,11020,12850,M7,12291,72,12363,-487,0,487
Job_146,7,11191,13071,M6,12324,65,12389,-682,0,682
Job_149,8,11203,12718,M9,12324,45,12369,-349,0,349
Job_146,8,11191,13071,M4,12389,6,12395,-676,0,676
Job_150,9,11321,12417,M9,12396,21,12417,0,0,0
Job_144,9,10965,12515,M8,12441,74,12515,0,0,0
Job_143,9,10916,12560,M3,12481,79,12560,0,0,0
Job_135,9,10223,12521,M4,12488,33,12521,0,0,0
Job_149,9,11203,12718,M4,12685,33,12718,0,0,0
Job_145,9,11020,12850,M8,12820,30,12850,0,0,0
Job_151,9,11420,12933,M7,12888,45,12933,0,0,0
Job_146,9,11191,13071,M7,13046,25,13071,0,0,0
Job_147,9,11196,13228,M5,13185,43,13228,0,0,0
