Job,Operation,Arrival,Deadline,Machine,Start,Processing Time,End,Lateness,Tardiness,Earliness
Job_123,2,9373,11165,M2,10089,61,10150,-1015,0,1015
Job_119,7,8939,10132,M6,10098,65,10163,31,31,0
Job_121,6,9123,10454,M8,10098,19,10117,-337,0,337
Job_115,5,8722,10449,M1,10107,28,10135,-314,0,314
Job_117,7,8834,10394,M3,10107,98,10205,-189,0,189
Job_121,7,9123,10454,M9,10117,48,10165,-289,0,289
Job_130,1,9763,11184,M0,10133,85,10218,-966,0,966
Job_129,2,9762,10702,M1,10135,22,10157,-545,0,545
Job_122,4,9341,11333,M2,10150,85,10235,-1098,0,1098
Job_129,3,9762,10702,M5,10157,61,10218,-484,0,484
Job_132,0,9980,11430,M1,10157,85,10242,-1188,0,1188
Job_115,6,8722,10449,M6,10163,46,10209,-240,0,240
Job_121,8,9123,10454,M7,10165,36,10201,-253,0,253
Job_119,8,8939,10132,M4,10202,6,10208,76,76,0
Job_126,3,9580,10908,M9,10202,11,10213,-695,0,695
Job_125,2,9525,11380,M3,10205,76,10281,-1099,0,1099
Job_111,9,8323,10222,M4,10208,33,10241,19,19,0
Job_119,9,8939,10132,M7,10208,25,10233,101,101,0
Job_120,4,8977,10661,M6,10209,32,10241,-420,0,420
Job_117,8,8834,10394,M9,10213,22,10235,-159,0,159
Job_115,7,8722,10449,M5,10218,46,10264,-185,0,185
Job_133,0,10080,11361,M0,10218,29,10247,-1114,0,1114
Job_122,5,9341,11333,M9,10235,11,10246,-1087,0,1087
Job_123,3,9373,11165,M6,10241,7,10248,-917,0,917
Job_128,3,9756,11417,M4,10241,99,10340,-1077,0,1077
Job_127,1,9751,11097,M1,10242,2,10244,-853,0,853
Job_131,1,9881,11051,M1,10244,78,10322,-729,0,729
Job_132,1,9980,11430,M0,10247,13,10260,-1170,0,1170
Job_122,6,9341,11333,M6,10248,40,10288,-1045,0,1045
Job_123,4,9373,11165,M8,10248,64,10312,-853,0,853
Job_132,2,9980,11430,M2,10260,61,10321,-1109,0,1109
Job_134,0,10162,11967,M0,10260,43,10303,-1664,0,1664
Job_115,8,8722,10449,M7,10264,72,10336,-113,0,113
Job_120,5,8977,10661,M5,10264,21,10285,-376,0,376
Job_129,4,9762,10702,M3,10281,26,10307,-395,0,395
Job_120,6,8977,10661,M9,10285,32,10317,-344,0,344
Job_127,2,9751,11097,M5,10285,52,10337,-760,0,760
Job_130,2,9763,11184,M3,10307,39,10346,-838,0,838
Job_120,7,8977,10661,M8,10317,89,10406,-255,0,255
Job_123,5,9373,11165,M9,10317,76,10393,-772,0,772
Job_132,3,9980,11430,M6,10321,7,10328,-1102,0,1102
Job_137,0,10311,11093,M2,10321,14,10335,-758,0,758
Job_124,2,9476,11255,M1,10322,46,10368,-887,0,887
Job_131,2,9881,11051,M2,10335,9,10344,-707,0,707
Job_137,1,10311,11093,M0,10335,6,10341,-752,0,752
Job_122,7,9341,11333,M7,10336,89,10425,-908,0,908
Job_128,4,9756,11417,M6,10340,9,10349,-1068,0,1068
Job_129,5,9762,10702,M4,10340,69,10409,-293,0,293
Job_134,1,10162,11967,M2,10344,90,10434,-1533,0,1533
Job_117,9,8834,10394,M5,10351,43,10394,0,0,0
Job_137,2,10311,11093,M1,10368,22,10390,-703,0,703
Job_121,9,9123,10454,M3,10375,79,10454,0,0,0
Job_133,1,10080,11361,M1,10390,78,10468,-893,0,893
Job_124,3,9476,11255,M5,10394,74,10468,-787,0,787
Job_115,9,8722,10449,M8,10419,30,10449,0,0,0
Job_120,8,8977,10661,M7,10425,30,10455,-206,0,206
Job_122,8,9341,11333,M4,10425,26,10451,-882,0,882
Job_130,3,9763,11184,M2,10434,74,10508,-676,0,676
Job_129,6,9762,10702,M8,10449,21,10470,-232,0,232
Job_126,4,9580,10908,M3,10454,69,10523,-385,0,385
Job_124,4,9476,11255,M4,10468,32,10500,-755,0,755
Job_137,3,10311,11093,M5,10468,61,10529,-564,0,564
Job_139,0,10417,11616,M1,10468,46,10514,-1102,0,1102
Job_128,5,9756,11417,M8,10470,52,10522,-895,0,895
Job_129,7,9762,10702,M7,10470,49,10519,-183,0,183
Job_124,5,9476,11255,M6,10500,88,10588,-667,0,667
Job_134,2,10162,11967,M4,10500,75,10575,-1392,0,1392
Job_133,2,10080,11361,M2,10508,9,10517,-844,0,844
Job_139,1,10417,11616,M0,10514,37,10551,-1065,0,1065
Job_138,0,10379,12197,M2,10517,84,10601,-1596,0,1596
Job_129,8,9762,10702,M9,10519,72,10591,-111,0,111
Job_128,6,9756,11417,M7,10522,85,10607,-810,0,810
Job_130,4,9763,11184,M8,10522,90,10612,-572,0,572
Job_126,5,9580,10908,M1,10523,28,10551,-357,0,357
Job_127,3,9751,11097,M3,10523,95,10618,-479,0,479
Job_125,3,9525,11380,M5,10529,51,10580,-800,0,800
Job_136,0,10274,12191,M1,10551,81,10632,-1559,0,1559
Job_123,6,9373,11165,M5,10580,47,10627,-538,0,538
Job_126,6,9580,10908,M6,10588,46,10634,-274,0,274
Job_134,3,10162,11967,M9,10591,11,10602,-1365,0,1365
Job_125,4,9525,11380,M2,10601,85,10686,-694,0,694
Job_120,9,8977,10661,M4,10606,55,10661,0,0,0
Job_132,4,9980,11430,M8,10612,64,10676,-754,0,754
Job_137,4,10311,11093,M3,10618,26,10644,-449,0,449
Job_130,5,9763,11184,M5,10627,10,10637,-547,0,547
Job_138,1,10379,12197,M1,10632,2,10634,-1563,0,1563
Job_135,0,10223,12521,M1,10634,91,10725,-1796,0,1796
Job_126,7,9580,10908,M5,10637,46,10683,-225,0,225
Job_130,6,9763,11184,M7,10637,12,10649,-535,0,535
Job_131,3,9881,11051,M3,10644,36,10680,-371,0,371
Job_129,9,9762,10702,M6,10649,53,10702,0,0,0
Job_137,5,10311,11093,M4,10661,69,10730,-363,0,363
Job_127,4,9751,11097,M8,10676,48,10724,-373,0,373
Job_132,5,9980,11430,M9,10676,76,10752,-678,0,678
Job_133,3,10080,11361,M3,10680,36,10716,-645,0,645
Job_126,8,9580,10908,M7,10683,72,10755,-153,0,153
Job_138,2,10379,12197,M5,10683,52,10735,-1462,0,1462
Job_136,1,10274,12191,M2,10686,95,10781,-1410,0,1410
Job_130,7,9763,11184,M6,10702,89,10791,-393,0,393
Job_123,7,9373,11165,M3,10716,52,10768,-397,0,397
Job_124,6,9476,11255,M8,10724,19,10743,-512,0,512
Job_135,1,10223,12521,M0,10725,85,10810,-1711,0,1711
Job_131,4,9881,11051,M4,10730,49,10779,-272,0,272
Job_137,6,10311,11093,M8,10743,21,10764,-329,0,329
Job_125,5,9525,11380,M9,10752,11,10763,-617,0,617
Job_132,6,9980,11430,M5,10752,47,10799,-631,0,631
Job_127,5,9751,11097,M9,10763,72,10835,-262,0,262
Job_137,7,10311,11093,M7,10764,49,10813,-280,0,280
Job_128,7,9756,11417,M3,10768,98,10866,-551,0,551
Job_133,4,10080,11361,M4,10779,49,10828,-533,0,533
Job_140,0,10563,12361,M2,10781,31,10812,-1549,0,1549
Job_125,6,9525,11380,M6,10791,40,10831,-549,0,549
Job_131,5,9881,11051,M5,10799,11,10810,-241,0,241
Job_141,0,10781,12259,M0,10810,76,10886,-1373,0,1373
Job_142,0,10813,12291,M1,10813,85,10898,-1393,0,1393
Job_123,8,9373,11165,M4,10828,90,10918,-247,0,247
Job_133,5,10080,11361,M5,10828,11,10839,-522,0,522
Job_125,7,9525,11380,M7,10831,89,10920,-460,0,460
Job_131,6,9881,11051,M6,10831,62,10893,-158,0,158
Job_137,8,10311,11093,M9,10835,72,10907,-186,0,186
Job_139,2,10417,11616,M3,10866,61,10927,-689,0,689
Job_126,9,9580,10908,M8,10878,30,10908,0,0,0
Job_127,6,9751,11097,M0,10886,47,10933,-164,0,164
Job_133,6,10080,11361,M6,10893,62,10955,-406,0,406
Job_141,1,10781,12259,M1,10898,69,10967,-1292,0,1292
Job_124,7,9476,11255,M9,10907,48,10955,-300,0,300
Job_143,0,10916,12560,M2,10916,31,10947,-1613,0,1613
Job_125,8,9525,11380,M4,10920,26,10946,-434,0,434
Job_131,7,9881,11051,M7,10920,56,10976,-75,0,75
Job_132,7,9980,11430,M3,10927,52,10979,-451,0,451
Job_136,2,10274,12191,M0,10933,71,11004,-1187,0,1187
Job_139,3,10417,11616,M2,10947,13,10960,-656,0,656
Job_127,7,9751,11097,M6,10955,65,11020,-77,0,77
Job_130,8,9763,11184,M9,10955,45,11000,-184,0,184
Job_131,8,9881,11051,M8,10976,44,11020,-31,0,31
Job_133,7,10080,11361,M7,10976,56,11032,-329,0,329
Job_138,3,10379,12197,M3,10979,95,11074,-1123,0,1123
Job_128,8,9756,11417,M9,11000,22,11022,-395,0,395
Job_142,1,10813,12291,M0,11004,13,11017,-1274,0,1274
Job_140,1,10563,12361,M0,11017,86,11103,-1258,0,1258
Job_142,2,10813,12291,M2,11017,61,11078,-1213,0,1213
Job_127,8,9751,11097,M4,11020,6,11026,-71,0,71
Job_132,8,9980,11430,M4,11026,90,11116,-314,0,314
Job_131,9,9881,11051,M9,11030,21,11051,0,0,0
Job_124,8,9476,11255,M7,11032,36,11068,-187,0,187
Job_133,8,10080,11361,M8,11032,44,11076,-285,0,285
Job_137,9,10311,11093,M6,11040,53,11093,0,0,0
Job_127,9,9751,11097,M7,11072,25,11097,0,0,0
Job_134,4,10162,11967,M3,11074,69,11143,-824,0,824
Job_138,4,10379,12197,M8,11076,48,11124,-1073,0,1073
Job_139,4,10417,11616,M6,11093,32,11125,-491,0,491
Job_140,2,10563,12361,M1,11103,46,11149,-1212,0,1212
Job_144,0,10965,12515,M0,11103,76,11179,-1336,0,1336
Job_123,9,9373,11165,M7,11120,45,11165,0,0,0
Job_139,5,10417,11616,M5,11125,21,11146,-470,0,470
Job_142,3,10813,12291,M6,11125,7,11132,-1159,0,1159
Job_142,4,10813,12291,M8,11132,64,11196,-1095,0,1095
Job_139,6,10417,11616,M9,11146,32,11178,-438,0,438
Job_134,5,10162,11967,M1,11149,28,11177,-790,0,790
Job_140,3,10563,12361,M5,11149,74,11223,-1138,0,1138
Job_130,9,9763,11184,M4,11151,33,11184,0,0,0
Job_124,9,9476,11255,M3,11176,79,11255,0,0,0
Job_134,6,10162,11967,M6,11177,46,11223,-744,0,744
Job_138,5,10379,12197,M9,11178,72,11250,-947,0,947
Job_143,1,10916,12560,M0,11179,86,11265,-1295,0,1295
Job_144,1,10965,12515,M1,11179,69,11248,-1267,0,1267
Job_136,3,10274,12191,M4,11184,99,11283,-908,0,908
Job_146,0,11191,13071,M2,11191,84,11275,-1796,0,1796
Job_134,7,10162,11967,M5,11223,46,11269,-698,0,698
Job_122,9,9341,11333,M8,11232,74,11306,-27,0,27
Job_149,0,11203,12718,M1,11248,91,11339,-1379,0,1379
Job_142,5,10813,12291,M9,11250,76,11326,-965,0,965
Job_141,2,10781,12259,M3,11255,76,11331,-928,0,928
Job_138,6,10379,12197,M0,11265,47,11312,-885,0,885
Job_134,8,10162,11967,M7,11269,72,11341,-626,0,626
Job_148,0,11202,12235,M2,11275,14,11289,-946,0,946
Job_136,4,10274,12191,M6,11283,9,11292,-899,0,899
Job_140,4,10563,12361,M4,11283,32,11315,-1046,0,1046
Job_125,9,9525,11380,M8,11306,74,11380,0,0,0
Job_138,7,10379,12197,M6,11312,65,11377,-820,0,820
Job_145,0,11020,12850,M0,11312,43,11355,-1495,0,1495
Job_142,6,10813,12291,M5,11326,47,11373,-918,0,918
Job_135,2,10223,12521,M3,11331,39,11370,-1151,0,1151
Job_143,2,10916,12560,M1,11339,46,11385,-1175,0,1175
Job_133,9,10080,11361,M9,11340,21,11361,0,0,0
Job_145,1,11020,12850,M2,11355,90,11445,-1405,0,1405
Job_148,1,11202,12235,M0,11355,6,11361,-874,0,874
Job_150,0,11321,12417,M0,11361,29,11390,-1027,0,1027
Job_144,2,10965,12515,M3,11370,76,11446,-1069,0,1069
Job_128,9,9756,11417,M5,11374,43,11417,0,0,0
Job_138,8,10379,12197,M4,11377,6,11383,-814,0,814
Job_140,5,10563,12361,M6,11377,88,11465,-896,0,896
Job_136,5,10274,12191,M8,11380,52,11432,-759,0,759
Job_132,9,9980,11430,M7,11385,45,11430,0,0,0
Job_148,2,11202,12235,M1,11385,22,11407,-828,0,828
Job_149,1,11203,12718,M0,11390,85,11475,-1243,0,1243
Job_150,1,11321,12417,M1,11407,78,11485,-932,0,932
Job_141,3,10781,12259,M5,11417,51,11468,-791,0,791
Job_136,6,10274,12191,M7,11432,85,11517,-674,0,674
Job_139,7,10417,11616,M8,11432,89,11521,-95,0,95
Job_135,3,10223,12521,M2,11445,74,11519,-1002,0,1002
Job_145,2,11020,12850,M4,11445,75,11520,-1330,0,1330
Job_148,3,11202,12235,M5,11468,61,11529,-706,0,706
Job_149,2,11203,12718,M3,11475,39,11514,-1204,0,1204
Job_151,0,11420,12933,M1,11485,85,11570,-1363,0,1363
Job_141,4,10781,12259,M2,11519,85,11604,-655,0,655
Job_145,3,11020,12850,M9,11520,11,11531,-1319,0,1319
Job_152,0,11520,12521,M0,11520,29,11549,-972,0,972
Job_135,4,10223,12521,M8,11521,90,11611,-910,0,910
Job_139,8,10417,11616,M7,11521,30,11551,-65,0,65
Job_143,3,10916,12560,M5,11529,74,11603,-957,0,957
Job_148,4,11202,12235,M3,11529,26,11555,-680,0,680
Job_145,4,11020,12850,M3,11555,69,11624,-1226,0,1226
Job_139,9,10417,11616,M4,11561,55,11616,0,0,0
Job_151,1,11420,12933,M0,11570,13,11583,-1350,0,1350
Job_152,1,11520,12521,M1,11570,78,11648,-873,0,873
Job_153,0,11602,13283,M0,11602,43,11645,-1638,0,1638
Job_141,5,10781,12259,M9,11604,11,11615,-644,0,644
Job_150,2,11321,12417,M2,11604,9,11613,-804,0,804
Job_135,5,10223,12521,M5,11611,10,11621,-900,0,900
Job_140,6,10563,12361,M8,11611,19,11630,-731,0,731
Job_149,3,11203,12718,M2,11613,74,11687,-1031,0,1031
Job_141,6,10781,12259,M6,11615,40,11655,-604,0,604
Job_148,5,11202,12235,M4,11616,69,11685,-550,0,550
Job_135,6,10223,12521,M7,11621,12,11633,-888,0,888
Job_144,3,10965,12515,M5,11621,51,11672,-843,0,843
Job_150,3,11321,12417,M3,11624,36,11660,-757,0,757
Job_140,7,10563,12361,M9,11630,48,11678,-683,0,683
Job_147,0,11196,13228,M1,11648,81,11729,-1499,0,1499
Job_135,7,10223,12521,M6,11655,89,11744,-777,0,777
Job_141,7,10781,12259,M7,11655,89,11744,-515,0,515
Job_136,7,10274,12191,M3,11660,98,11758,-433,0,433
Job_148,6,11202,12235,M8,11685,21,11706,-529,0,529
Job_150,4,11321,12417,M4,11685,49,11734,-683,0,683
Job_152,2,11520,12521,M2,11687,9,11696,-825,0,825
Job_144,4,10965,12515,M2,11696,85,11781,-734,0,734
Job_149,4,11203,12718,M8,11706,90,11796,-922,0,922
Job_154,0,11663,13146,M1,11729,91,11820,-1326,0,1326
Job_143,4,10916,12560,M4,11734,32,11766,-794,0,794
Job_150,5,11321,12417,M5,11734,11,11745,-672,0,672
Job_148,7,11202,12235,M7,11744,49,11793,-442,0,442
Job_150,6,11321,12417,M6,11745,62,11807,-610,0,610
Job_136,8,10274,12191,M9,11758,22,11780,-411,0,411
Job_142,7,10813,12291,M3,11758,52,11810,-481,0,481
Job_141,8,10781,12259,M4,11766,26,11792,-467,0,467
Job_144,5,10965,12515,M9,11781,11,11792,-723,0,723
Job_151,2,11420,12933,M2,11781,61,11842,-1091,0,1091
Job_148,8,11202,12235,M9,11793,72,11865,-370,0,370
Job_149,5,11203,12718,M5,11796,10,11806,-912,0,912
Job_143,5,10916,12560,M6,11807,88,11895,-665,0,665
Job_150,7,11321,12417,M7,11807,56,11863,-554,0,554
Job_142,8,10813,12291,M4,11810,90,11900,-391,0,391
Job_152,3,11520,12521,M3,11810,36,11846,-675,0,675
Job_146,1,11191,13071,M1,11820,2,11822,-1249,0,1249
Job_154,1,11663,13146,M0,11820,85,11905,-1241,0,1241
Job_145,5,11020,12850,M1,11822,28,11850,-1000,0,1000
Job_146,2,11191,13071,M5,11822,52,11874,-1197,0,1197
Job_157,0,11819,13081,M2,11842,84,11926,-1155,0,1155
Job_155,0,11714,13646,M1,11850,81,11931,-1715,0,1715
Job_149,6,11203,12718,M7,11863,12,11875,-843,0,843
Job_150,8,11321,12417,M8,11863,44,11907,-510,0,510
Job_135,8,10223,12521,M9,11865,45,11910,-611,0,611
Job_146,3,11191,13071,M3,11874,95,11969,-1102,0,1102
Job_140,8,10563,12361,M7,11875,36,11911,-450,0,450
Job_144,6,10965,12515,M6,11895,40,11935,-580,0,580
Job_152,4,11520,12521,M4,11900,49,11949,-572,0,572
Job_143,6,10916,12560,M8,11907,19,11926,-634,0,634
Job_143,7,10916,12560,M9,11926,48,11974,-586,0,586
Job_147,1,11196,13228,M2,11926,95,12021,-1207,0,1207
Job_158,0,11857,13096,M1,11931,46,11977,-1119,0,1119
Job_144,7,10965,12515,M7,11935,89,12024,-491,0,491
Job_145,6,11020,12850,M6,11935,46,11981,-869,0,869
Job_134,9,10162,11967,M8,11937,30,11967,0,0,0
Job_152,5,11520,12521,M5,11949,11,11960,-561,0,561
Job_146,4,11191,13071,M8,11969,48,12017,-1054,0,1054
Job_154,2,11663,13146,M3,11969,39,12008,-1138,0,1138
Job_157,1,11819,13081,M1,11977,2,11979,-1102,0,1102
Job_158,1,11857,13096,M0,11977,37,12014,-1082,0,1082
Job_157,2,11819,13081,M5,11979,52,12031,-1050,0,1050
Job_152,6,11520,12521,M6,11981,62,12043,-478,0,478
Job_158,2,11857,13096,M3,12014,61,12075,-1021,0,1021
Job_146,5,11191,13071,M9,12017,72,12089,-982,0,982
Job_147,2,11196,13228,M0,12021,71,12092,-1136,0,1136
Job_159,0,12003,13471,M2,12021,31,12052,-1419,0,1419
Job_143,8,10916,12560,M7,12024,36,12060,-500,0,500
Job_144,8,10965,12515,M4,12024,26,12050,-465,0,465
Job_145,7,11020,12850,M5,12031,46,12077,-773,0,773
Job_151,3,11420,12933,M6,12043,7,12050,-883,0,883
Job_149,7,11203,12718,M6,12050,89,12139,-579,0,579
Job_151,4,11420,12933,M8,12050,64,12114,-819,0,819
Job_156,0,11751,13296,M2,12052,14,12066,-1230,0,1230
Job_152,7,11520,12521,M7,12060,56,12116,-405,0,405
Job_153,1,11602,13283,M2,12066,90,12156,-1127,0,1127
Job_157,3,11819,13081,M3,12075,95,12170,-911,0,911
Job_147,3,11196,13228,M4,12092,99,12191,-1037,0,1037
Job_156,1,11751,13296,M0,12092,6,12098,-1198,0,1198
Job_156,2,11751,13296,M1,12098,22,12120,-1176,0,1176
Job_159,1,12003,13471,M0,12098,86,12184,-1287,0,1287
Job_152,8,11520,12521,M8,12116,44,12160,-361,0,361
Job_149,8,11203,12718,M9,12139,45,12184,-534,0,534
Job_136,9,10274,12191,M5,12148,43,12191,0,0,0
Job_158,3,11857,13096,M2,12156,13,12169,-927,0,927
Job_154,3,11663,13146,M2,12169,74,12243,-903,0,903
Job_138,9,10379,12197,M7,12172,25,12197,0,0,0
Job_148,9,11202,12235,M6,12182,53,12235,0,0,0
Job_146,6,11191,13071,M0,12184,47,12231,-840,0,840
Job_151,5,11420,12933,M9,12184,76,12260,-673,0,673
Job_159,2,12003,13471,M1,12184,46,12230,-1241,0,1241
Job_141,9,10781,12259,M8,12185,74,12259,0,0,0
Job_153,2,11602,13283,M4,12191,75,12266,-1017,0,1017
Job_156,3,11751,13296,M5,12191,61,12252,-1044,0,1044
Job_160,0,12221,14080,M0,12231,76,12307,-1773,0,1773
Job_158,4,11857,13096,M6,12235,32,12267,-829,0,829
Job_155,1,11714,13646,M2,12243,95,12338,-1308,0,1308
Job_142,9,10813,12291,M7,12246,45,12291,0,0,0
Job_156,4,11751,13296,M3,12252,26,12278,-1018,0,1018
Job_159,3,12003,13471,M5,12252,74,12326,-1145,0,1145
Job_161,0,12253,13726,M1,12253,85,12338,-1388,0,1388
Job_154,4,11663,13146,M8,12259,90,12349,-797,0,797
Job_153,3,11602,13283,M9,12266,11,12277,-1006,0,1006
Job_147,4,11196,13228,M6,12267,9,12276,-952,0,952
Job_146,7,11191,13071,M6,12276,65,12341,-730,0,730
Job_156,5,11751,13296,M4,12278,69,12347,-949,0,949
Job_140,9,10563,12361,M3,12282,79,12361,0,0,0
Job_145,8,11020,12850,M7,12291,72,12363,-487,0,487
Job_158,5,11857,13096,M5,12326,21,12347,-749,0,749
Job_160,1,12221,14080,M1,12338,69,12407,-1673,0,1673
Job_161,1,12253,13726,M0,12338,13,12351,-1375,0,1375
Job_151,6,11420,12933,M5,12347,47,12394,-539,0,539
Job_158,6,11857,13096,M9,12347,32,12379,-717,0,717
Job_159,4,12003,13471,M4,12347,32,12379,-1092,0,1092
Job_157,4,11819,13081,M8,12349,48,12397,-684,0,684
Job_155,2,11714,13646,M0,12351,71,12422,-1224,0,1224
Job_161,2,12253,13726,M2,12351,61,12412,-1314,0,1314
Job_153,4,11602,13283,M3,12361,69,12430,-853,0,853
Job_146,8,11191,13071,M4,12379,6,12385,-686,0,686
Job_159,5,12003,13471,M6,12379,88,12467,-1004,0,1004
Job_154,5,11663,13146,M5,12394,10,12404,-742,0,742
Job_150,9,11321,12417,M9,12396,21,12417,0,0,0
Job_156,6,11751,13296,M8,12397,21,12418,-878,0,878
Job_154,6,11663,13146,M7,12404,12,12416,-730,0,730
Job_162,0,12356,13498,M2,12412,31,12443,-1055,0,1055
Job_157,5,11819,13081,M9,12417,72,12489,-592,0,592
Job_156,7,11751,13296,M7,12418,49,12467,-829,0,829
Job_163,0,12405,14014,M0,12422,76,12498,-1516,0,1516
Job_153,5,11602,13283,M1,12430,28,12458,-825,0,825
Job_144,9,10965,12515,M8,12441,74,12515,0,0,0
Job_153,6,11602,13283,M6,12467,46,12513,-770,0,770
Job_143,9,10916,12560,M3,12481,79,12560,0,0,0
Job_135,9,10223,12521,M4,12488,33,12521,0,0,0
Job_162,1,12356,13498,M0,12498,86,12584,-914,0,914
Job_163,1,12405,14014,M1,12498,69,12567,-1447,0,1447
Job_152,9,11520,12521,M9,12500,21,12521,0,0,0
Job_153,7,11602,13283,M5,12513,46,12559,-724,0,724
Job_161,3,12253,13726,M6,12513,7,12520,-1206,0,1206
Job_147,5,11196,13228,M8,12515,52,12567,-661,0,661
Job_154,7,11663,13146,M6,12520,89,12609,-537,0,537
Job_155,3,11714,13646,M4,12521,99,12620,-1026,0,1026
Job_156,8,11751,13296,M9,12521,72,12593,-703,0,703
Job_153,8,11602,13283,M7,12559,72,12631,-652,0,652
Job_151,7,11420,12933,M3,12560,52,12612,-321,0,321
Job_158,7,11857,13096,M8,12567,89,12656,-440,0,440
Job_162,2,12356,13498,M1,12584,46,12630,-868,0,868
Job_164,0,12460,13774,M0,12584,43,12627,-1147,0,1147
Job_154,8,11663,13146,M9,12609,45,12654,-492,0,492
Job_160,2,12221,14080,M3,12612,76,12688,-1392,0,1392
Job_155,4,11714,13646,M6,12620,9,12629,-1017,0,1017
Job_157,6,11819,13081,M0,12627,47,12674,-407,0,407
Job_164,1,12460,13774,M2,12627,90,12717,-1057,0,1057
Job_162,3,12356,13498,M5,12630,74,12704,-794,0,794
Job_147,6,11196,13228,M7,12631,85,12716,-512,0,512
Job_168,0,12643,14337,M1,12643,91,12734,-1603,0,1603
Job_159,6,12003,13471,M8,12656,19,12675,-796,0,796
Job_157,7,11819,13081,M6,12674,65,12739,-342,0,342
Job_155,5,11714,13646,M8,12675,52,12727,-919,0,919
Job_159,7,12003,13471,M9,12675,48,12723,-748,0,748
Job_149,9,11203,12718,M4,12685,33,12718,0,0,0
Job_163,2,12405,14014,M3,12688,76,12764,-1250,0,1250
Job_160,3,12221,14080,M5,12704,51,12755,-1325,0,1325
Job_158,8,11857,13096,M7,12716,30,12746,-350,0,350
Job_167,0,12642,13811,M2,12717,14,12731,-1080,0,1080
Job_151,8,11420,12933,M4,12718,90,12808,-125,0,125
Job_161,4,12253,13726,M8,12727,64,12791,-935,0,935
Job_165,0,12631,14326,M2,12731,84,12815,-1511,0,1511
Job_167,1,12642,13811,M0,12731,6,12737,-1074,0,1074
Job_167,2,12642,13811,M1,12737,22,12759,-1052,0,1052
Job_155,6,11714,13646,M7,12746,85,12831,-815,0,815
Job_169,0,12761,13920,M0,12761,29,12790,-1130,0,1130
Job_147,7,11196,13228,M3,12764,98,12862,-366,0,366
Job_163,3,12405,14014,M5,12764,51,12815,-1199,0,1199
Job_168,1,12643,14337,M0,12790,85,12875,-1462,0,1462
Job_169,1,12761,13920,M1,12790,78,12868,-1052,0,1052
Job_161,5,12253,13726,M9,12791,76,12867,-859,0,859
Job_162,4,12356,13498,M4,12808,32,12840,-658,0,658
Job_160,4,12221,14080,M2,12815,85,12900,-1180,0,1180
Job_167,3,12642,13811,M5,12815,61,12876,-935,0,935
Job_145,9,11020,12850,M8,12820,30,12850,0,0,0
Job_159,8,12003,13471,M7,12831,36,12867,-604,0,604
Job_157,8,11819,13081,M4,12840,6,12846,-235,0,235
Job_162,5,12356,13498,M6,12840,88,12928,-570,0,570
Job_164,2,12460,13774,M4,12846,75,12921,-853,0,853
Job_147,8,11196,13228,M9,12867,22,12889,-339,0,339
Job_170,0,12860,14156,M1,12868,85,12953,-1203,0,1203
Job_161,6,12253,13726,M5,12876,47,12923,-803,0,803
Job_167,4,12642,13811,M3,12876,26,12902,-909,0,909
Job_151,9,11420,12933,M7,12888,45,12933,0,0,0
Job_160,5,12221,14080,M9,12900,11,12911,-1169,0,1169
Job_163,4,12405,14014,M2,12900,85,12985,-1029,0,1029
Job_168,2,12643,14337,M3,12902,39,12941,-1396,0,1396
Job_164,3,12460,13774,M9,12921,11,12932,-842,0,842
Job_167,5,12642,13811,M4,12921,69,12990,-821,0,821
Job_160,6,12221,14080,M6,12928,40,12968,-1112,0,1112
Job_162,6,12356,13498,M8,12928,19,12947,-551,0,551
Job_161,7,12253,13726,M3,12941,52,12993,-733,0,733
Job_162,7,12356,13498,M9,12947,48,12995,-503,0,503
Job_165,1,12631,14326,M1,12953,2,12955,-1371,0,1371
Job_165,2,12631,14326,M5,12955,52,13007,-1319,0,1319
Job_171,0,12960,13770,M0,12960,29,12989,-781,0,781
Job_169,2,12761,13920,M2,12985,9,12994,-926,0,926
Job_170,1,12860,14156,M0,12989,13,13002,-1154,0,1154
Job_171,1,12960,13770,M1,12989,78,13067,-703,0,703
Job_167,6,12642,13811,M8,12990,21,13011,-800,0,800
Job_168,3,12643,14337,M2,12994,74,13068,-1269,0,1269
Job_169,3,12761,13920,M3,12994,36,13030,-890,0,890
Job_162,8,12356,13498,M7,12995,36,13031,-467,0,467
Job_163,5,12405,14014,M9,12995,11,13006,-1008,0,1008
Job_163,6,12405,14014,M6,13006,40,13046,-968,0,968
Job_164,4,12460,13774,M3,13030,69,13099,-675,0,675
Job_146,9,11191,13071,M7,13031,25,13056,-15,0,15
Job_158,9,11857,13096,M4,13041,55,13096,0,0,0
Job_172,0,13042,14210,M0,13042,43,13085,-1125,0,1125
Job_157,9,11819,13081,M7,13056,25,13081,0,0,0
Job_168,4,12643,14337,M8,13068,90,13158,-1179,0,1179
Job_171,2,12960,13770,M2,13068,9,13077,-693,0,693
Job_170,2,12860,14156,M2,13077,61,13138,-1018,0,1018
Job_160,7,12221,14080,M7,13081,89,13170,-910,0,910
Job_164,5,12460,13774,M1,13099,28,13127,-647,0,647
Job_171,3,12960,13770,M3,13099,36,13135,-635,0,635
Job_154,9,11663,13146,M4,13113,33,13146,0,0,0
Job_164,6,12460,13774,M6,13127,46,13173,-601,0,601
Job_173,0,13103,14547,M1,13127,91,13218,-1329,0,1329
Job_155,7,11714,13646,M3,13135,98,13233,-413,0,413
Job_172,1,13042,14210,M2,13138,90,13228,-982,0,982
Job_171,4,12960,13770,M4,13146,49,13195,-575,0,575
Job_168,5,12643,14337,M5,13158,10,13168,-1169,0,1169
Job_167,7,12642,13811,M7,13170,49,13219,-592,0,592
Job_170,3,12860,14156,M6,13173,7,13180,-976,0,976
Job_170,4,12860,14156,M8,13180,64,13244,-912,0,912
Job_147,9,11196,13228,M5,13185,43,13228,0,0,0
Job_169,4,12761,13920,M4,13195,49,13244,-676,0,676
Job_173,1,13103,14547,M0,13218,85,13303,-1244,0,1244
Job_174,0,13154,14711,M1,13218,81,13299,-1412,0,1412
Job_167,8,12642,13811,M9,13219,72,13291,-520,0,520
Job_168,6,12643,14337,M7,13219,12,13231,-1106,0,1106
Job_171,5,12960,13770,M5,13228,11,13239,-531,0,531
Job_175,0,13191,14400,M2,13228,14,13242,-1158,0,1158
Job_165,3,12631,14326,M3,13233,95,13328,-998,0,998
Job_164,7,12460,13774,M5,13239,46,13285,-489,0,489
Job_156,9,11751,13296,M6,13243,53,13296,0,0,0
Job_172,2,13042,14210,M4,13244,75,13319,-891,0,891
Job_153,9,11602,13283,M8,13253,30,13283,0,0,0
Job_164,8,12460,13774,M7,13285,72,13357,-417,0,417
Job_169,5,12761,13920,M5,13285,11,13296,-624,0,624
Job_155,8,11714,13646,M9,13291,22,13313,-333,0,333
Job_171,6,12960,13770,M6,13296,62,13358,-412,0,412
Job_174,1,13154,14711,M2,13299,95,13394,-1317,0,1317
Job_177,0,13297,14430,M1,13299,46,13345,-1085,0,1085
Job_175,1,13191,14400,M0,13303,6,13309,-1091,0,1091
Job_170,5,12860,14156,M9,13313,76,13389,-767,0,767
Job_161,8,12253,13726,M4,13319,90,13409,-317,0,317
Job_165,4,12631,14326,M8,13328,48,13376,-950,0,950
Job_159,9,12003,13471,M3,13340,79,13419,-52,0,52
Job_175,2,13191,14400,M1,13345,22,13367,-1033,0,1033
Job_177,1,13297,14430,M0,13345,37,13382,-1048,0,1048
Job_169,6,12761,13920,M6,13358,62,13420,-500,0,500
Job_171,7,12960,13770,M7,13358,56,13414,-356,0,356
Job_166,0,12636,14531,M1,13367,81,13448,-1083,0,1083
Job_175,3,13191,14400,M5,13367,61,13428,-972,0,972
Job_172,3,13042,14210,M9,13389,11,13400,-810,0,810
Job_174,2,13154,14711,M0,13394,71,13465,-1246,0,1246
Job_176,0,13259,15372,M2,13394,84,13478,-1894,0,1894
Job_165,5,12631,14326,M9,13400,72,13472,-854,0,854
Job_160,8,12221,14080,M4,13409,26,13435,-645,0,645
Job_171,8,12960,13770,M8,13414,44,13458,-312,0,312
Job_162,9,12356,13498,M3,13419,79,13498,0,0,0
Job_168,7,12643,14337,M6,13420,89,13509,-828,0,828
Job_169,7,12761,13920,M7,13420,56,13476,-444,0,444
Job_170,6,12860,14156,M5,13428,47,13475,-681,0,681
Job_174,3,13154,14711,M4,13465,99,13564,-1147,0,1147
Job_165,6,12631,14326,M0,13472,47,13519,-807,0,807
Job_163,7,12405,14014,M7,13476,89,13565,-449,0,449
Job_169,8,12761,13920,M8,13476,44,13520,-400,0,400
Job_176,1,13259,15372,M1,13478,2,13480,-1892,0,1892
Job_178,0,13443,14358,M2,13478,31,13509,-849,0,849
Job_176,2,13259,15372,M5,13480,52,13532,-1840,0,1840
Job_172,4,13042,14210,M3,13498,69,13567,-643,0,643
Job_166,1,12636,14531,M2,13509,95,13604,-927,0,927
Job_168,8,12643,14337,M9,13509,45,13554,-783,0,783
Job_165,7,12631,14326,M6,13519,65,13584,-742,0,742
Job_178,1,13443,14358,M0,13519,86,13605,-753,0,753
Job_163,8,12405,14014,M4,13565,26,13591,-423,0,423
Job_172,5,13042,14210,M1,13567,28,13595,-615,0,615
Job_175,4,13191,14400,M3,13567,26,13593,-807,0,807
Job_174,4,13154,14711,M6,13584,9,13593,-1118,0,1118
Job_165,8,12631,14326,M4,13591,6,13597,-729,0,729
Job_170,7,12860,14156,M3,13593,52,13645,-511,0,511
Job_174,5,13154,14711,M8,13593,52,13645,-1066,0,1066
Job_172,6,13042,14210,M6,13595,46,13641,-569,0,569
Job_175,5,13191,14400,M4,13597,69,13666,-734,0,734
Job_155,9,11714,13646,M5,13603,43,13646,0,0,0
Job_178,2,13443,14358,M1,13605,46,13651,-707,0,707
Job_173,2,13103,14547,M3,13645,39,13684,-863,0,863
Job_178,3,13443,14358,M5,13651,74,13725,-633,0,633
Job_179,0,13661,15443,M0,13661,76,13737,-1706,0,1706
Job_170,8,12860,14156,M4,13666,90,13756,-400,0,400
Job_175,6,13191,14400,M8,13666,21,13687,-713,0,713
Job_161,9,12253,13726,M7,13681,45,13726,0,0,0
Job_173,3,13103,14547,M2,13684,74,13758,-789,0,789
Job_177,2,13297,14430,M3,13684,61,13745,-685,0,685
Job_180,0,13693,14983,M1,13693,85,13778,-1205,0,1205
Job_172,7,13042,14210,M5,13725,46,13771,-439,0,439
Job_175,7,13191,14400,M7,13726,49,13775,-625,0,625
Job_166,2,12636,14531,M0,13737,71,13808,-723,0,723
Job_164,9,12460,13774,M8,13744,30,13774,0,0,0
Job_176,3,13259,15372,M3,13745,95,13840,-1532,0,1532
Job_171,9,12960,13770,M9,13749,21,13770,0,0,0
Job_178,4,13443,14358,M4,13756,32,13788,-570,0,570
Job_167,9,12642,13811,M6,13758,53,13811,0,0,0
Job_177,3,13297,14430,M2,13758,13,13771,-659,0,659
Job_173,4,13103,14547,M8,13774,90,13864,-683,0,683
Job_172,8,13042,14210,M7,13775,72,13847,-363,0,363
Job_175,8,13191,14400,M9,13775,72,13847,-553,0,553
Job_179,1,13661,15443,M1,13778,69,13847,-1596,0,1596
Job_181,0,13796,15584,M2,13796,31,13827,-1757,0,1757
Job_166,3,12636,14531,M4,13808,99,13907,-624,0,624
Job_180,1,13693,14983,M0,13808,13,13821,-1162,0,1162
Job_178,5,13443,14358,M6,13811,88,13899,-459,0,459
Job_180,2,13693,14983,M2,13827,61,13888,-1095,0,1095
Job_181,1,13796,15584,M0,13827,86,13913,-1671,0,1671
Job_179,2,13661,15443,M3,13847,76,13923,-1520,0,1520
Job_173,5,13103,14547,M5,13864,10,13874,-673,0,673
Job_176,4,13259,15372,M8,13864,48,13912,-1460,0,1460
Job_173,6,13103,14547,M7,13874,12,13886,-661,0,661
Job_174,6,13154,14711,M7,13886,85,13971,-740,0,740
Job_169,9,12761,13920,M9,13899,21,13920,0,0,0
Job_177,4,13297,14430,M6,13899,32,13931,-499,0,499
Job_178,6,13443,14358,M8,13912,19,13931,-427,0,427
Job_181,2,13796,15584,M1,13913,46,13959,-1625,0,1625
Job_183,0,13900,15078,M0,13913,43,13956,-1122,0,1122
Job_176,5,13259,15372,M9,13920,72,13992,-1380,0,1380
Job_173,7,13103,14547,M6,13931,89,14020,-527,0,527
Job_177,5,13297,14430,M5,13931,21,13952,-478,0,478
Job_163,9,12405,14014,M8,13932,74,14006,-8,0,8
Job_182,0,13845,15634,M0,13956,76,14032,-1602,0,1602
Job_183,1,13900,15078,M2,13956,90,14046,-1032,0,1032
Job_181,3,13796,15584,M5,13959,74,14033,-1551,0,1551
Job_174,7,13154,14711,M3,13971,98,14069,-642,0,642
Job_178,7,13443,14358,M9,13992,48,14040,-318,0,318
Job_160,9,12221,14080,M8,14006,74,14080,0,0,0
Job_166,4,12636,14531,M6,14020,9,14029,-502,0,502
Job_180,3,13693,14983,M6,14029,7,14036,-947,0,947
Job_176,6,13259,15372,M0,14032,47,14079,-1293,0,1293
Job_182,1,13845,15634,M1,14032,69,14101,-1533,0,1533
Job_179,3,13661,15443,M5,14033,51,14084,-1359,0,1359
Job_181,4,13796,15584,M4,14033,32,14065,-1519,0,1519
Job_177,6,13297,14430,M9,14040,32,14072,-358,0,358
Job_178,8,13443,14358,M7,14040,36,14076,-282,0,282
Job_181,5,13796,15584,M6,14065,88,14153,-1431,0,1431
Job_183,2,13900,15078,M4,14065,75,14140,-938,0,938
Job_184,0,14071,15727,M2,14071,84,14155,-1572,0,1572
Job_173,8,13103,14547,M9,14072,45,14117,-430,0,430
Job_166,5,12636,14531,M8,14080,52,14132,-399,0,399
Job_182,2,13845,15634,M3,14101,76,14177,-1457,0,1457
Job_187,0,14083,15645,M1,14101,91,14192,-1453,0,1453
Job_170,9,12860,14156,M7,14111,45,14156,0,0,0
Job_174,8,13154,14711,M9,14117,22,14139,-572,0,572
Job_183,3,13900,15078,M9,14140,11,14151,-927,0,927
Job_176,7,13259,15372,M6,14153,65,14218,-1154,0,1154
Job_181,6,13796,15584,M8,14153,19,14172,-1412,0,1412
Job_186,0,14082,15217,M2,14155,14,14169,-1048,0,1048
Job_166,6,12636,14531,M7,14156,85,14241,-290,0,290
Job_179,4,13661,15443,M2,14169,85,14254,-1189,0,1189
Job_186,1,14082,15217,M0,14169,6,14175,-1042,0,1042
Job_181,7,13796,15584,M9,14172,48,14220,-1364,0,1364
Job_182,3,13845,15634,M5,14177,51,14228,-1406,0,1406
Job_183,4,13900,15078,M3,14177,69,14246,-832,0,832
Job_172,9,13042,14210,M8,14180,30,14210,0,0,0
Job_186,2,14082,15217,M1,14192,22,14214,-1003,0,1003
Job_187,1,14083,15645,M0,14192,85,14277,-1368,0,1368
Job_177,7,13297,14430,M8,14210,89,14299,-131,0,131
Job_185,0,14076,15975,M1,14214,81,14295,-1680,0,1680
Job_176,8,13259,15372,M4,14218,6,14224,-1148,0,1148
Job_186,3,14082,15217,M5,14228,61,14289,-928,0,928
Job_181,8,13796,15584,M7,14241,36,14277,-1307,0,1307
Job_179,5,13661,15443,M9,14254,11,14265,-1178,0,1178
Job_182,4,13845,15634,M2,14254,85,14339,-1295,0,1295
Job_179,6,13661,15443,M6,14265,40,14305,-1138,0,1138
Job_188,0,14201,16045,M0,14277,29,14306,-1739,0,1739
Job_178,9,13443,14358,M3,14279,79,14358,0,0,0
Job_183,5,13900,15078,M1,14295,28,14323,-755,0,755
Job_180,4,13693,14983,M8,14299,64,14363,-620,0,620
Job_165,9,12631,14326,M7,14301,25,14326,0,0,0
Job_168,9,12643,14337,M4,14304,33,14337,0,0,0
Job_184,1,14071,15727,M1,14323,2,14325,-1402,0,1402
Job_184,2,14071,15727,M5,14325,52,14377,-1350,0,1350
Job_189,0,14300,15888,M1,14325,85,14410,-1478,0,1478
Job_177,8,13297,14430,M7,14326,30,14356,-74,0,74
Job_182,5,13845,15634,M9,14339,11,14350,-1284,0,1284
Job_185,1,14076,15975,M2,14339,95,14434,-1541,0,1541
Job_175,9,13191,14400,M6,14347,53,14400,0,0,0
Job_179,7,13661,15443,M7,14356,89,14445,-998,0,998
Job_166,7,12636,14531,M3,14358,98,14456,-75,0,75
Job_180,5,13693,14983,M9,14363,76,14439,-544,0,544
Job_177,9,13297,14430,M4,14375,55,14430,0,0,0
Job_183,6,13900,15078,M6,14400,46,14446,-632,0,632
Job_188,1,14201,16045,M1,14410,78,14488,-1557,0,1557
Job_189,1,14300,15888,M0,14410,13,14423,-1465,0,1465
Job_185,2,14076,15975,M0,14434,71,14505,-1470,0,1470
Job_189,2,14300,15888,M2,14434,61,14495,-1393,0,1393
Job_180,6,13693,14983,M5,14439,47,14486,-497,0,497
Job_179,8,13661,15443,M4,14445,26,14471,-972,0,972
Job_182,6,13845,15634,M6,14446,40,14486,-1148,0,1148
Job_166,8,12636,14531,M9,14456,22,14478,-53,0,53
Job_187,2,14083,15645,M3,14456,39,14495,-1150,0,1150
Job_182,7,13845,15634,M7,14486,89,14575,-1059,0,1059
Job_166,9,12636,14531,M5,14488,43,14531,0,0,0
Job_184,3,14071,15727,M3,14495,95,14590,-1137,0,1137
Job_187,3,14083,15645,M2,14495,74,14569,-1076,0,1076
Job_189,3,14300,15888,M6,14495,7,14502,-1386,0,1386
Job_189,4,14300,15888,M8,14502,64,14566,-1322,0,1322
Job_173,9,13103,14547,M4,14514,33,14547,0,0,0
Job_183,7,13900,15078,M5,14531,46,14577,-501,0,501
Job_185,3,14076,15975,M4,14547,99,14646,-1329,0,1329
Job_189,5,14300,15888,M9,14566,76,14642,-1246,0,1246
Job_188,2,14201,16045,M2,14569,9,14578,-1467,0,1467
Job_183,8,13900,15078,M7,14577,72,14649,-429,0,429
Job_180,7,13693,14983,M3,14590,52,14642,-341,0,341
Job_184,4,14071,15727,M8,14590,48,14638,-1089,0,1089
Job_187,4,14083,15645,M8,14638,90,14728,-917,0,917
Job_184,5,14071,15727,M9,14642,72,14714,-1013,0,1013
Job_188,3,14201,16045,M3,14642,36,14678,-1367,0,1367
Job_180,8,13693,14983,M4,14646,90,14736,-247,0,247
Job_185,4,14076,15975,M6,14646,9,14655,-1320,0,1320
Job_174,9,13154,14711,M5,14668,43,14711,0,0,0
Job_186,4,14082,15217,M3,14678,26,14704,-513,0,513
Job_184,6,14071,15727,M0,14714,47,14761,-966,0,966
Job_185,5,14076,15975,M8,14728,52,14780,-1195,0,1195
Job_187,5,14083,15645,M5,14728,10,14738,-907,0,907
Job_182,8,13845,15634,M4,14736,26,14762,-872,0,872
Job_187,6,14083,15645,M7,14738,12,14750,-895,0,895
Job_189,6,14300,15888,M5,14738,47,14785,-1103,0,1103
Job_187,7,14083,15645,M6,14750,89,14839,-806,0,806
Job_188,4,14201,16045,M4,14762,49,14811,-1234,0,1234
Job_185,6,14076,15975,M7,14780,85,14865,-1110,0,1110
Job_189,7,14300,15888,M3,14785,52,14837,-1051,0,1051
Job_186,5,14082,15217,M4,14811,69,14880,-337,0,337
Job_188,5,14201,16045,M5,14811,11,14822,-1223,0,1223
Job_184,7,14071,15727,M6,14839,65,14904,-823,0,823
Job_187,8,14083,15645,M9,14839,45,14884,-761,0,761
Job_185,7,14076,15975,M3,14865,98,14963,-1012,0,1012
Job_186,6,14082,15217,M8,14880,21,14901,-316,0,316
Job_184,8,14071,15727,M4,14904,6,14910,-817,0,817
Job_188,6,14201,16045,M6,14904,62,14966,-1079,0,1079
Job_189,8,14300,15888,M4,14910,90,15000,-888,0,888
Job_180,9,13693,14983,M7,14938,45,14983,0,0,0
Job_185,8,14076,15975,M9,14963,22,14985,-990,0,990
Job_188,7,14201,16045,M7,14983,56,15039,-1006,0,1006
Job_186,7,14082,15217,M7,15039,49,15088,-129,0,129
Job_183,9,13900,15078,M8,15048,30,15078,0,0,0
Job_188,8,14201,16045,M8,15078,44,15122,-923,0,923
Job_186,8,14082,15217,M9,15088,72,15160,-57,0,57
Job_186,9,14082,15217,M6,15164,53,15217,0,0,0
Job_176,9,13259,15372,M7,15347,25,15372,0,0,0
Job_179,9,13661,15443,M8,15369,74,15443,0,0,0
Job_181,9,13796,15584,M3,15505,79,15584,0,0,0
Job_182,9,13845,15634,M8,15560,74,15634,0,0,0
Job_187,9,14083,15645,M4,15612,33,15645,0,0,0
Job_184,9,14071,15727,M7,15702,25,15727,0,0,0
Job_189,9,14300,15888,M7,15843,45,15888,0,0,0
Job_185,9,14076,15975,M5,15932,43,15975,0,0,0
Job_188,9,14201,16045,M9,16024,21,16045,0,0,0
