Job,Operation,Arrival,Deadline,Machine,Start,Processing Time,End,Lateness,Tardiness,Earliness
Job_038,0,2880,3903,M0,2889,29,2918,-985,0,985
Job_023,9,1671,2802,M6,2892,53,2945,143,143,0
Job_032,2,2551,3691,M5,2895,52,2947,-744,0,744
Job_020,9,1522,2943,M8,2896,30,2926,-17,0,17
Job_024,8,1739,3251,M4,2896,6,2902,-349,0,349
Job_029,4,2276,4050,M4,2902,32,2934,-1116,0,1116
Job_036,2,2681,3780,M2,2909,9,2918,-862,0,862
Job_034,1,2562,3918,M0,2918,6,2924,-994,0,994
Job_038,1,2880,3903,M1,2918,78,2996,-907,0,907
Job_033,2,2556,4626,M0,2924,71,2995,-1631,0,1631
Job_011,9,885,2875,M8,2926,74,3000,125,125,0
Job_018,9,1340,2978,M7,2933,45,2978,0,0,0
Job_021,7,1583,3311,M6,2945,89,3034,-277,0,277
Job_016,5,1123,3631,M5,2947,10,2957,-674,0,674
Job_026,7,1923,3458,M9,2949,48,2997,-461,0,461
Job_030,3,2325,4372,M5,2957,51,3008,-1364,0,1364
Job_032,3,2551,3691,M3,2963,95,3058,-633,0,633
Job_016,6,1123,3631,M7,2978,12,2990,-641,0,641
Job_039,0,2962,4573,M0,2995,43,3038,-1535,0,1535
Job_037,0,2780,4726,M1,2996,85,3081,-1645,0,1645
Job_038,2,2880,3903,M2,2996,9,3005,-898,0,898
Job_022,8,1634,3483,M9,2997,22,3019,-464,0,464
Job_026,8,1923,3458,M7,2997,36,3033,-425,0,425
Job_028,6,2173,3744,M5,3008,47,3055,-689,0,689
Job_030,4,2325,4372,M2,3008,85,3093,-1279,0,1279
Job_031,3,2380,4229,M9,3019,11,3030,-1199,0,1199
Job_025,9,1777,3086,M4,3031,55,3086,0,0,0
Job_016,7,1123,3631,M6,3034,89,3123,-508,0,508
Job_021,8,1583,3311,M9,3034,45,3079,-232,0,232
Job_027,3,2141,4340,M5,3055,51,3106,-1234,0,1234
Job_028,7,2173,3744,M3,3058,52,3110,-634,0,634
Job_032,4,2551,3691,M8,3058,48,3106,-585,0,585
Job_034,2,2562,3918,M1,3081,22,3103,-815,0,815
Job_037,1,2780,4726,M0,3081,13,3094,-1632,0,1632
Job_033,3,2556,4626,M4,3086,99,3185,-1441,0,1441
Job_030,5,2325,4372,M9,3093,11,3104,-1268,0,1268
Job_037,2,2780,4726,M2,3094,61,3155,-1571,0,1571
Job_040,0,3023,4665,M1,3103,91,3194,-1471,0,1471
Job_032,5,2551,3691,M9,3106,72,3178,-513,0,513
Job_034,3,2562,3918,M5,3106,61,3167,-751,0,751
Job_036,3,2681,3780,M3,3110,36,3146,-634,0,634
Job_029,5,2276,4050,M6,3123,88,3211,-839,0,839
Job_038,3,2880,3903,M3,3146,36,3182,-721,0,721
Job_027,4,2141,4340,M2,3155,85,3240,-1100,0,1100
Job_016,8,1123,3631,M9,3178,45,3223,-408,0,408
Job_032,6,2551,3691,M0,3178,47,3225,-466,0,466
Job_034,4,2562,3918,M3,3182,26,3208,-710,0,710
Job_036,4,2681,3780,M4,3185,49,3234,-546,0,546
Job_031,4,2380,4229,M3,3208,69,3277,-952,0,952
Job_029,6,2276,4050,M8,3211,19,3230,-820,0,820
Job_037,3,2780,4726,M6,3211,7,3218,-1508,0,1508
Job_044,0,3217,4045,M1,3217,46,3263,-782,0,782
Job_033,4,2556,4626,M6,3218,9,3227,-1399,0,1399
Job_040,1,3023,4665,M0,3225,85,3310,-1355,0,1355
Job_024,9,1739,3251,M7,3226,25,3251,0,0,0
Job_032,7,2551,3691,M6,3227,65,3292,-399,0,399
Job_029,7,2276,4050,M9,3230,48,3278,-772,0,772
Job_037,4,2780,4726,M8,3230,64,3294,-1432,0,1432
Job_036,5,2681,3780,M5,3234,11,3245,-535,0,535
Job_043,0,3179,4286,M2,3240,84,3324,-962,0,962
Job_031,5,2380,4229,M1,3277,28,3305,-924,0,924
Job_035,2,2563,4344,M3,3277,39,3316,-1028,0,1028
Job_021,9,1583,3311,M4,3278,33,3311,0,0,0
Job_027,5,2141,4340,M9,3278,11,3289,-1051,0,1051
Job_029,8,2276,4050,M7,3278,36,3314,-736,0,736
Job_036,6,2681,3780,M6,3292,62,3354,-426,0,426
Job_033,5,2556,4626,M8,3294,52,3346,-1280,0,1280
Job_037,5,2780,4726,M9,3294,76,3370,-1356,0,1356
Job_044,1,3217,4045,M0,3310,37,3347,-698,0,698
Job_028,8,2173,3744,M4,3311,90,3401,-343,0,343
Job_040,2,3023,4665,M3,3316,39,3355,-1310,0,1310
Job_035,3,2563,4344,M2,3324,74,3398,-946,0,946
Job_043,1,3179,4286,M1,3324,2,3326,-960,0,960
Job_041,0,3074,5207,M1,3326,81,3407,-1800,0,1800
Job_043,2,3179,4286,M5,3326,52,3378,-908,0,908
Job_033,6,2556,4626,M7,3346,85,3431,-1195,0,1195
Job_030,6,2325,4372,M6,3354,40,3394,-978,0,978
Job_037,6,2780,4726,M5,3378,47,3425,-1301,0,1301
Job_026,9,1923,3458,M3,3379,79,3458,0,0,0
Job_031,6,2380,4229,M6,3394,46,3440,-789,0,789
Job_035,4,2563,4344,M8,3398,90,3488,-856,0,856
Job_042,0,3111,4493,M2,3398,14,3412,-1081,0,1081
Job_034,5,2562,3918,M4,3401,69,3470,-448,0,448
Job_039,1,2962,4573,M2,3412,90,3502,-1071,0,1071
Job_042,1,3111,4493,M0,3412,6,3418,-1075,0,1075
Job_042,2,3111,4493,M1,3418,22,3440,-1053,0,1053
Job_036,7,2681,3780,M7,3431,56,3487,-293,0,293
Job_022,9,1634,3483,M5,3440,43,3483,0,0,0
Job_027,6,2141,4340,M6,3440,40,3480,-860,0,860
Job_044,2,3217,4045,M3,3458,61,3519,-526,0,526
Job_032,8,2551,3691,M4,3470,6,3476,-215,0,215
Job_038,4,2880,3903,M4,3476,49,3525,-378,0,378
Job_031,7,2380,4229,M5,3483,46,3529,-700,0,700
Job_030,7,2325,4372,M7,3487,89,3576,-796,0,796
Job_036,8,2681,3780,M8,3488,44,3532,-248,0,248
Job_045,0,3363,4914,M2,3502,31,3533,-1381,0,1381
Job_043,3,3179,4286,M3,3519,95,3614,-672,0,672
Job_038,5,2880,3903,M5,3529,11,3540,-363,0,363
Job_034,6,2562,3918,M8,3532,21,3553,-365,0,365
Job_044,3,3217,4045,M2,3533,13,3546,-499,0,499
Job_045,1,3363,4914,M0,3533,86,3619,-1295,0,1295
Job_038,6,2880,3903,M6,3540,62,3602,-301,0,301
Job_042,3,3111,4493,M5,3540,61,3601,-892,0,892
Job_041,1,3074,5207,M2,3546,95,3641,-1566,0,1566
Job_034,7,2562,3918,M7,3576,49,3625,-293,0,293
Job_016,9,1123,3631,M4,3598,33,3631,0,0,0
Job_035,5,2563,4344,M5,3601,10,3611,-733,0,733
Job_044,4,3217,4045,M6,3602,32,3634,-411,0,411
Job_047,0,3613,5314,M1,3613,85,3698,-1616,0,1616
Job_042,4,3111,4493,M3,3614,26,3640,-853,0,853
Job_043,4,3179,4286,M8,3614,48,3662,-624,0,624
Job_046,0,3581,5270,M0,3619,76,3695,-1575,0,1575
Job_034,8,2562,3918,M9,3625,72,3697,-221,0,221
Job_035,6,2563,4344,M7,3625,12,3637,-707,0,707
Job_030,8,2325,4372,M4,3631,26,3657,-715,0,715
Job_044,5,3217,4045,M5,3634,21,3655,-390,0,390
Job_035,7,2563,4344,M6,3637,89,3726,-618,0,618
Job_033,7,2556,4626,M3,3640,98,3738,-888,0,888
Job_040,3,3023,4665,M2,3641,74,3715,-950,0,950
Job_042,5,3111,4493,M4,3657,69,3726,-767,0,767
Job_032,9,2551,3691,M7,3666,25,3691,0,0,0
Job_041,2,3074,5207,M0,3695,71,3766,-1441,0,1441
Job_044,6,3217,4045,M9,3697,32,3729,-316,0,316
Job_046,1,3581,5270,M1,3698,69,3767,-1503,0,1503
Job_028,9,2173,3744,M7,3699,45,3744,0,0,0
Job_048,0,3716,5489,M2,3716,31,3747,-1742,0,1742
Job_042,6,3111,4493,M8,3726,21,3747,-746,0,746
Job_037,7,2780,4726,M3,3738,52,3790,-936,0,936
Job_038,7,2880,3903,M7,3744,56,3800,-103,0,103
Job_036,9,2681,3780,M9,3759,21,3780,0,0,0
Job_041,3,3074,5207,M4,3766,99,3865,-1342,0,1342
Job_049,0,3765,5255,M0,3766,76,3842,-1413,0,1413
Job_045,2,3363,4914,M1,3767,46,3813,-1101,0,1101
Job_043,5,3179,4286,M9,3780,72,3852,-434,0,434
Job_046,2,3581,5270,M3,3790,76,3866,-1404,0,1404
Job_031,8,2380,4229,M7,3800,72,3872,-357,0,357
Job_038,8,2880,3903,M8,3800,44,3844,-59,0,59
Job_045,3,3363,4914,M5,3813,74,3887,-1027,0,1027
Job_047,1,3613,5314,M0,3842,13,3855,-1459,0,1459
Job_049,1,3765,5255,M1,3842,69,3911,-1344,0,1344
Job_044,7,3217,4045,M8,3844,89,3933,-112,0,112
Job_033,8,2556,4626,M9,3852,22,3874,-752,0,752
Job_047,2,3613,5314,M2,3855,61,3916,-1398,0,1398
Job_048,1,3716,5489,M0,3855,86,3941,-1548,0,1548
Job_034,9,2562,3918,M6,3865,53,3918,0,0,0
Job_042,7,3111,4493,M7,3872,49,3921,-572,0,572
Job_038,9,2880,3903,M9,3882,21,3903,0,0,0
Job_045,4,3363,4914,M4,3887,32,3919,-995,0,995
Job_046,3,3581,5270,M5,3887,51,3938,-1332,0,1332
Job_035,8,2563,4344,M9,3903,45,3948,-396,0,396
Job_045,5,3363,4914,M6,3919,88,4007,-907,0,907
Job_040,4,3023,4665,M8,3933,90,4023,-642,0,642
Job_044,8,3217,4045,M7,3933,30,3963,-82,0,82
Job_046,4,3581,5270,M2,3938,85,4023,-1247,0,1247
Job_043,6,3179,4286,M0,3941,47,3988,-298,0,298
Job_048,2,3716,5489,M1,3941,46,3987,-1502,0,1502
Job_042,8,3111,4493,M9,3948,72,4020,-473,0,473
Job_027,7,2141,4340,M7,3963,89,4052,-288,0,288
Job_029,9,2276,4050,M3,3971,79,4050,0,0,0
Job_048,3,3716,5489,M5,3987,74,4061,-1428,0,1428
Job_050,0,3820,5144,M0,3988,43,4031,-1113,0,1113
Job_044,9,3217,4045,M4,3990,55,4045,0,0,0
Job_052,0,3996,6613,M1,3996,81,4077,-2536,0,2536
Job_043,7,3179,4286,M6,4007,65,4072,-214,0,214
Job_045,6,3363,4914,M8,4023,19,4042,-872,0,872
Job_046,5,3581,5270,M9,4023,11,4034,-1236,0,1236
Job_053,0,4002,4805,M2,4023,14,4037,-768,0,768
Job_050,1,3820,5144,M2,4037,90,4127,-1017,0,1017
Job_053,1,4002,4805,M0,4037,6,4043,-762,0,762
Job_045,7,3363,4914,M9,4042,48,4090,-824,0,824
Job_039,2,2962,4573,M4,4045,75,4120,-453,0,453
Job_049,2,3765,5255,M3,4050,76,4126,-1129,0,1129
Job_040,5,3023,4665,M5,4061,10,4071,-594,0,594
Job_040,6,3023,4665,M7,4071,12,4083,-582,0,582
Job_041,4,3074,5207,M6,4072,9,4081,-1126,0,1126
Job_054,0,4003,5718,M1,4077,91,4168,-1550,0,1550
Job_041,5,3074,5207,M8,4081,52,4133,-1074,0,1074
Job_046,6,3581,5270,M6,4081,40,4121,-1149,0,1149
Job_045,8,3363,4914,M7,4090,36,4126,-788,0,788
Job_027,8,2141,4340,M4,4120,26,4146,-194,0,194
Job_039,3,2962,4573,M9,4120,11,4131,-442,0,442
Job_040,7,3023,4665,M6,4121,89,4210,-455,0,455
Job_055,0,4121,5427,M0,4121,29,4150,-1277,0,1277
Job_046,7,3581,5270,M7,4126,89,4215,-1055,0,1055
Job_049,3,3765,5255,M5,4126,51,4177,-1078,0,1078
Job_051,0,3991,5459,M2,4127,84,4211,-1248,0,1248
Job_039,4,2962,4573,M3,4131,69,4200,-373,0,373
Job_043,8,3179,4286,M4,4146,6,4152,-134,0,134
Job_050,2,3820,5144,M4,4152,75,4227,-917,0,917
Job_053,2,4002,4805,M1,4168,22,4190,-615,0,615
Job_054,1,4003,5718,M0,4168,85,4253,-1465,0,1465
Job_053,3,4002,4805,M5,4190,61,4251,-554,0,554
Job_055,1,4121,5427,M1,4190,78,4268,-1159,0,1159
Job_031,9,2380,4229,M8,4194,30,4224,-5,0,5
Job_040,8,3023,4665,M9,4210,45,4255,-410,0,410
Job_047,3,3613,5314,M6,4210,7,4217,-1097,0,1097
Job_049,4,3765,5255,M2,4211,85,4296,-959,0,959
Job_027,9,2141,4340,M8,4224,74,4298,-42,0,42
Job_046,8,3581,5270,M4,4227,26,4253,-1017,0,1017
Job_048,4,3716,5489,M4,4253,32,4285,-1204,0,1204
Job_054,2,4003,5718,M3,4253,39,4292,-1426,0,1426
Job_050,3,3820,5144,M9,4255,11,4266,-878,0,878
Job_043,9,3179,4286,M7,4261,25,4286,0,0,0
Job_051,1,3991,5459,M1,4268,2,4270,-1189,0,1189
Job_039,5,2962,4573,M1,4270,28,4298,-275,0,275
Job_051,2,3991,5459,M5,4270,52,4322,-1137,0,1137
Job_041,6,3074,5207,M7,4286,85,4371,-836,0,836
Job_053,4,4002,4805,M3,4292,26,4318,-487,0,487
Job_049,5,3765,5255,M9,4296,11,4307,-948,0,948
Job_055,2,4121,5427,M2,4296,9,4305,-1122,0,1122
Job_030,9,2325,4372,M8,4298,74,4372,0,0,0
Job_039,6,2962,4573,M6,4298,46,4344,-229,0,229
Job_056,0,4220,6028,M1,4298,85,4383,-1645,0,1645
Job_054,3,4003,5718,M2,4305,74,4379,-1339,0,1339
Job_035,9,2563,4344,M4,4311,33,4344,0,0,0
Job_050,4,3820,5144,M3,4318,69,4387,-757,0,757
Job_057,0,4320,5509,M0,4320,29,4349,-1160,0,1160
Job_039,7,2962,4573,M5,4344,46,4390,-183,0,183
Job_049,6,3765,5255,M6,4344,40,4384,-871,0,871
Job_053,5,4002,4805,M4,4344,69,4413,-392,0,392
Job_047,4,3613,5314,M8,4372,64,4436,-878,0,878
Job_056,1,4220,6028,M0,4383,13,4396,-1632,0,1632
Job_050,5,3820,5144,M1,4387,28,4415,-729,0,729
Job_051,3,3991,5459,M3,4387,95,4482,-977,0,977
Job_039,8,2962,4573,M7,4390,72,4462,-111,0,111
Job_056,2,4220,6028,M2,4396,61,4457,-1571,0,1571
Job_058,0,4402,5880,M0,4402,43,4445,-1435,0,1435
Job_037,8,2780,4726,M4,4413,90,4503,-223,0,223
Job_057,1,4320,5509,M1,4415,78,4493,-1016,0,1016
Job_047,5,3613,5314,M9,4436,76,4512,-802,0,802
Job_053,6,4002,4805,M8,4436,21,4457,-348,0,348
Job_042,9,3111,4493,M6,4440,53,4493,0,0,0
Job_058,1,4402,5880,M2,4457,90,4547,-1333,0,1333
Job_053,7,4002,4805,M7,4462,49,4511,-294,0,294
Job_041,7,3074,5207,M3,4482,98,4580,-627,0,627
Job_051,4,3991,5459,M8,4482,48,4530,-929,0,929
Job_050,6,3820,5144,M6,4493,46,4539,-605,0,605
Job_059,0,4463,6223,M1,4493,91,4584,-1639,0,1639
Job_049,7,3765,5255,M7,4511,89,4600,-655,0,655
Job_047,6,3613,5314,M5,4512,47,4559,-755,0,755
Job_053,8,4002,4805,M9,4512,72,4584,-221,0,221
Job_048,5,3716,5489,M6,4539,88,4627,-862,0,862
Job_039,9,2962,4573,M8,4543,30,4573,0,0,0
Job_057,2,4320,5509,M2,4547,9,4556,-953,0,953
Job_058,2,4402,5880,M4,4547,75,4622,-1258,0,1258
Job_061,0,4551,5730,M2,4556,14,4570,-1160,0,1160
Job_052,1,3996,6613,M2,4570,95,4665,-1948,0,1948
Job_061,1,4551,5730,M0,4570,6,4576,-1154,0,1154
Job_055,3,4121,5427,M3,4580,36,4616,-811,0,811
Job_033,9,2556,4626,M5,4583,43,4626,0,0,0
Job_041,8,3074,5207,M9,4584,22,4606,-601,0,601
Job_059,1,4463,6223,M0,4584,85,4669,-1554,0,1554
Job_060,0,4514,6486,M1,4584,81,4665,-1821,0,1821
Job_051,5,3991,5459,M9,4606,72,4678,-781,0,781
Job_047,7,3613,5314,M3,4616,52,4668,-646,0,646
Job_050,7,3820,5144,M5,4626,46,4672,-472,0,472
Job_048,6,3716,5489,M8,4627,19,4646,-843,0,843
Job_056,3,4220,6028,M6,4627,7,4634,-1394,0,1394
Job_040,9,3023,4665,M4,4632,33,4665,0,0,0
Job_054,4,4003,5718,M8,4646,90,4736,-982,0,982
Job_055,4,4121,5427,M4,4665,49,4714,-713,0,713
Job_060,1,4514,6486,M2,4665,95,4760,-1726,0,1726
Job_063,0,4657,5663,M1,4665,46,4711,-952,0,952
Job_057,3,4320,5509,M3,4668,36,4704,-805,0,805
Job_048,7,3716,5489,M9,4678,48,4726,-763,0,763
Job_051,6,3991,5459,M0,4678,47,4725,-734,0,734
Job_037,9,2780,4726,M7,4681,45,4726,0,0,0
Job_059,2,4463,6223,M3,4704,39,4743,-1480,0,1480
Job_061,2,4551,5730,M1,4711,22,4733,-997,0,997
Job_049,8,3765,5255,M4,4714,26,4740,-515,0,515
Job_055,5,4121,5427,M5,4714,11,4725,-702,0,702
Job_063,1,4657,5663,M0,4725,37,4762,-901,0,901
Job_050,8,3820,5144,M7,4726,72,4798,-346,0,346
Job_058,3,4402,5880,M9,4726,11,4737,-1143,0,1143
Job_061,3,4551,5730,M5,4733,61,4794,-936,0,936
Job_056,4,4220,6028,M8,4736,64,4800,-1228,0,1228
Job_047,8,3613,5314,M4,4740,90,4830,-484,0,484
Job_053,9,4002,4805,M6,4752,53,4805,0,0,0
Job_062,0,4619,6280,M2,4760,84,4844,-1436,0,1436
Job_052,2,3996,6613,M0,4762,71,4833,-1780,0,1780
Job_054,5,4003,5718,M5,4794,10,4804,-914,0,914
Job_061,4,4551,5730,M3,4794,26,4820,-910,0,910
Job_048,8,3716,5489,M7,4798,36,4834,-655,0,655
Job_056,5,4220,6028,M9,4800,76,4876,-1152,0,1152
Job_055,6,4121,5427,M6,4805,62,4867,-560,0,560
Job_057,4,4320,5509,M4,4830,49,4879,-630,0,630
Job_060,2,4514,6486,M0,4833,71,4904,-1582,0,1582
Job_054,6,4003,5718,M7,4834,12,4846,-872,0,872
Job_045,9,3363,4914,M3,4835,79,4914,0,0,0
Job_062,1,4619,6280,M1,4844,2,4846,-1434,0,1434
Job_064,0,4803,6347,M2,4844,31,4875,-1472,0,1472
Job_051,7,3991,5459,M6,4867,65,4932,-527,0,527
Job_055,7,4121,5427,M7,4867,56,4923,-504,0,504
Job_059,3,4463,6223,M2,4875,74,4949,-1274,0,1274
Job_057,5,4320,5509,M5,4879,11,4890,-619,0,619
Job_061,5,4551,5730,M4,4879,69,4948,-782,0,782
Job_062,2,4619,6280,M5,4890,52,4942,-1338,0,1338
Job_064,1,4803,6347,M0,4904,86,4990,-1357,0,1357
Job_063,2,4657,5663,M3,4914,61,4975,-688,0,688
Job_055,8,4121,5427,M8,4923,44,4967,-460,0,460
Job_057,6,4320,5509,M6,4932,62,4994,-515,0,515
Job_056,6,4220,6028,M5,4942,47,4989,-1039,0,1039
Job_051,8,3991,5459,M4,4948,6,4954,-505,0,505
Job_060,3,4514,6486,M4,4954,99,5053,-1433,0,1433
Job_059,4,4463,6223,M8,4967,90,5057,-1166,0,1166
Job_058,4,4402,5880,M3,4975,69,5044,-836,0,836
Job_063,3,4657,5663,M2,4975,13,4988,-675,0,675
Job_064,2,4803,6347,M1,4990,46,5036,-1311,0,1311
Job_054,7,4003,5718,M6,4994,89,5083,-635,0,635
Job_057,7,4320,5509,M7,4994,56,5050,-459,0,459
Job_065,0,5021,7071,M0,5021,76,5097,-1974,0,1974
Job_064,3,4803,6347,M5,5036,74,5110,-1237,0,1237
Job_056,7,4220,6028,M3,5044,52,5096,-932,0,932
Job_058,5,4402,5880,M1,5044,28,5072,-808,0,808
Job_061,6,4551,5730,M8,5057,21,5078,-652,0,652
Job_066,0,5053,6670,M1,5072,85,5157,-1513,0,1513
Job_061,7,4551,5730,M7,5078,49,5127,-603,0,603
Job_054,8,4003,5718,M9,5083,45,5128,-590,0,590
Job_063,4,4657,5663,M6,5083,32,5115,-548,0,548
Job_050,9,3820,5144,M8,5092,30,5122,-22,0,22
Job_056,8,4220,6028,M4,5096,90,5186,-842,0,842
Job_062,3,4619,6280,M3,5096,95,5191,-1089,0,1089
Job_059,5,4463,6223,M5,5110,10,5120,-1103,0,1103
Job_058,6,4402,5880,M6,5115,46,5161,-719,0,719
Job_063,5,4657,5663,M5,5120,21,5141,-522,0,522
Job_049,9,3765,5255,M8,5122,74,5196,-59,0,59
Job_059,6,4463,6223,M7,5127,12,5139,-1084,0,1084
Job_063,6,4657,5663,M9,5141,32,5173,-490,0,490
Job_067,0,5156,6708,M2,5156,31,5187,-1521,0,1521
Job_065,1,5021,7071,M1,5157,69,5226,-1845,0,1845
Job_066,1,5053,6670,M0,5157,13,5170,-1500,0,1500
Job_060,4,4514,6486,M6,5161,9,5170,-1316,0,1316
Job_041,9,3074,5207,M5,5164,43,5207,0,0,0
Job_059,7,4463,6223,M6,5170,89,5259,-964,0,964
Job_061,8,4551,5730,M9,5173,72,5245,-485,0,485
Job_064,4,4803,6347,M4,5186,32,5218,-1129,0,1129
Job_066,2,5053,6670,M2,5187,61,5248,-1422,0,1422
Job_067,1,5156,6708,M0,5187,86,5273,-1435,0,1435
Job_046,9,3581,5270,M8,5196,74,5270,0,0,0
Job_058,7,4402,5880,M5,5207,46,5253,-627,0,627
Job_052,3,3996,6613,M4,5218,99,5317,-1296,0,1296
Job_065,2,5021,7071,M3,5226,76,5302,-1769,0,1769
Job_059,8,4463,6223,M9,5259,45,5304,-919,0,919
Job_064,5,4803,6347,M6,5259,88,5347,-1000,0,1000
Job_047,9,3613,5314,M7,5269,45,5314,0,0,0
Job_063,7,4657,5663,M8,5270,89,5359,-304,0,304
Job_067,2,5156,6708,M1,5273,46,5319,-1389,0,1389
Job_069,0,5260,6713,M0,5273,43,5316,-1397,0,1397
Job_065,3,5021,7071,M5,5302,51,5353,-1718,0,1718
Job_058,8,4402,5880,M7,5314,72,5386,-494,0,494
Job_068,0,5205,6763,M0,5316,76,5392,-1371,0,1371
Job_069,1,5260,6713,M2,5316,90,5406,-1307,0,1307
Job_066,3,5053,6670,M6,5347,7,5354,-1316,0,1316
Job_067,3,5156,6708,M5,5353,74,5427,-1281,0,1281
Job_052,4,3996,6613,M6,5354,9,5363,-1250,0,1250
Job_062,4,4619,6280,M8,5359,48,5407,-873,0,873
Job_063,8,4657,5663,M7,5386,30,5416,-247,0,247
Job_068,1,5205,6763,M1,5392,69,5461,-1302,0,1302
Job_055,9,4121,5427,M9,5406,21,5427,0,0,0
Job_065,4,5021,7071,M2,5406,85,5491,-1580,0,1580
Job_069,2,5260,6713,M4,5406,75,5481,-1232,0,1232
Job_064,6,4803,6347,M8,5407,19,5426,-921,0,921
Job_048,9,3716,5489,M3,5410,79,5489,0,0,0
Job_057,8,4320,5509,M8,5426,44,5470,-39,0,39
Job_064,7,4803,6347,M9,5427,48,5475,-872,0,872
Job_051,9,3991,5459,M7,5434,25,5459,0,0,0
Job_073,0,5443,7256,M1,5461,91,5552,-1704,0,1704
Job_066,4,5053,6670,M8,5470,64,5534,-1136,0,1136
Job_064,8,4803,6347,M7,5475,36,5511,-836,0,836
Job_067,4,5156,6708,M4,5481,32,5513,-1195,0,1195
Job_057,9,4320,5509,M9,5488,21,5509,0,0,0
Job_068,2,5205,6763,M3,5489,76,5565,-1198,0,1198
Job_070,0,5431,6963,M2,5491,84,5575,-1388,0,1388
Job_062,5,4619,6280,M9,5509,72,5581,-699,0,699
Job_067,5,5156,6708,M6,5513,88,5601,-1107,0,1107
Job_052,5,3996,6613,M8,5534,52,5586,-1027,0,1027
Job_071,0,5436,7449,M1,5552,81,5633,-1816,0,1816
Job_073,1,5443,7256,M0,5552,85,5637,-1619,0,1619
Job_068,3,5205,6763,M5,5565,51,5616,-1147,0,1147
Job_072,0,5442,6787,M2,5575,14,5589,-1198,0,1198
Job_069,3,5260,6713,M9,5581,11,5592,-1121,0,1121
Job_052,6,3996,6613,M7,5586,85,5671,-942,0,942
Job_065,5,5021,7071,M9,5592,11,5603,-1468,0,1468
Job_069,4,5260,6713,M3,5592,69,5661,-1052,0,1052
Job_067,6,5156,6708,M8,5601,19,5620,-1088,0,1088
Job_065,6,5021,7071,M6,5603,40,5643,-1428,0,1428
Job_066,5,5053,6670,M9,5603,76,5679,-991,0,991
Job_063,9,4657,5663,M4,5608,55,5663,0,0,0
Job_068,4,5205,6763,M2,5616,85,5701,-1062,0,1062
Job_060,5,4514,6486,M8,5620,52,5672,-814,0,814
Job_070,1,5431,6963,M1,5633,2,5635,-1328,0,1328
Job_070,2,5431,6963,M5,5635,52,5687,-1276,0,1276
Job_062,6,4619,6280,M0,5637,47,5684,-596,0,596
Job_075,0,5660,7124,M1,5660,85,5745,-1379,0,1379
Job_073,2,5443,7256,M3,5661,39,5700,-1556,0,1556
Job_065,7,5021,7071,M7,5671,89,5760,-1311,0,1311
Job_061,9,4551,5730,M6,5677,53,5730,0,0,0
Job_067,7,5156,6708,M9,5679,48,5727,-981,0,981
Job_072,1,5442,6787,M0,5684,6,5690,-1097,0,1097
Job_054,9,4003,5718,M4,5685,33,5718,0,0,0
Job_066,6,5053,6670,M5,5687,47,5734,-936,0,936
Job_074,0,5561,7100,M0,5690,29,5719,-1381,0,1381
Job_070,3,5431,6963,M3,5700,95,5795,-1168,0,1168
Job_071,1,5436,7449,M2,5701,95,5796,-1653,0,1653
Job_068,5,5205,6763,M9,5727,11,5738,-1025,0,1025
Job_062,7,4619,6280,M6,5730,65,5795,-485,0,485
Job_069,5,5260,6713,M1,5745,28,5773,-940,0,940
Job_075,1,5660,7124,M0,5745,13,5758,-1366,0,1366
Job_065,8,5021,7071,M4,5760,26,5786,-1285,0,1285
Job_067,8,5156,6708,M7,5760,36,5796,-912,0,912
Job_076,0,5760,7445,M0,5760,29,5789,-1656,0,1656
Job_072,2,5442,6787,M1,5773,22,5795,-992,0,992
Job_062,8,4619,6280,M4,5795,6,5801,-479,0,479
Job_066,7,5053,6670,M3,5795,52,5847,-823,0,823
Job_069,6,5260,6713,M6,5795,46,5841,-872,0,872
Job_070,4,5431,6963,M8,5795,48,5843,-1120,0,1120
Job_072,3,5442,6787,M5,5795,61,5856,-931,0,931
Job_074,1,5561,7100,M1,5795,78,5873,-1227,0,1227
Job_060,6,4514,6486,M7,5796,85,5881,-605,0,605
Job_071,2,5436,7449,M0,5796,71,5867,-1582,0,1582
Job_073,3,5443,7256,M2,5796,74,5870,-1386,0,1386
Job_068,6,5205,6763,M6,5841,40,5881,-882,0,882
Job_070,5,5431,6963,M9,5843,72,5915,-1048,0,1048
Job_058,9,4402,5880,M8,5850,30,5880,0,0,0
Job_069,7,5260,6713,M5,5856,46,5902,-811,0,811
Job_072,4,5442,6787,M3,5856,26,5882,-905,0,905
Job_071,3,5436,7449,M4,5867,99,5966,-1483,0,1483
Job_077,0,5842,7628,M0,5867,43,5910,-1718,0,1718
Job_074,2,5561,7100,M2,5873,9,5882,-1218,0,1218
Job_076,1,5760,7445,M1,5873,78,5951,-1494,0,1494
Job_073,4,5443,7256,M8,5880,90,5970,-1286,0,1286
Job_068,7,5205,6763,M7,5881,89,5970,-793,0,793
Job_074,3,5561,7100,M3,5882,36,5918,-1182,0,1182
Job_077,1,5842,7628,M2,5910,90,6000,-1628,0,1628
Job_070,6,5431,6963,M0,5915,47,5962,-1001,0,1001
Job_060,7,4514,6486,M3,5918,98,6016,-470,0,470
Job_078,0,5903,7793,M1,5951,91,6042,-1751,0,1751
Job_071,4,5436,7449,M6,5966,9,5975,-1474,0,1474
Job_072,5,5442,6787,M4,5966,69,6035,-752,0,752
Job_073,5,5443,7256,M5,5970,10,5980,-1276,0,1276
Job_070,7,5431,6963,M6,5975,65,6040,-923,0,923
Job_071,5,5436,7449,M8,5975,52,6027,-1422,0,1422
Job_056,9,4220,6028,M7,5983,45,6028,0,0,0
Job_080,0,5991,7465,M2,6000,14,6014,-1451,0,1451
Job_076,2,5760,7445,M2,6014,9,6023,-1422,0,1422
Job_080,1,5991,7465,M0,6014,6,6020,-1445,0,1445
Job_052,7,3996,6613,M3,6016,98,6114,-499,0,499
Job_060,8,4514,6486,M9,6016,22,6038,-448,0,448
Job_069,8,5260,6713,M7,6028,72,6100,-613,0,613
Job_066,8,5053,6670,M4,6035,90,6125,-545,0,545
Job_072,6,5442,6787,M8,6035,21,6056,-731,0,731
Job_078,1,5903,7793,M0,6042,85,6127,-1666,0,1666
Job_079,0,5954,7513,M1,6042,81,6123,-1390,0,1390
Job_081,0,6059,6952,M2,6059,84,6143,-809,0,809
Job_072,7,5442,6787,M7,6100,49,6149,-638,0,638
Job_052,8,3996,6613,M9,6114,22,6136,-477,0,477
Job_076,3,5760,7445,M3,6114,36,6150,-1295,0,1295
Job_082,0,6097,7328,M1,6123,46,6169,-1159,0,1159
Job_068,8,5205,6763,M4,6125,26,6151,-612,0,612
Job_075,2,5660,7124,M2,6143,61,6204,-920,0,920
Job_071,6,5436,7449,M7,6149,85,6234,-1215,0,1215
Job_072,8,5442,6787,M9,6149,72,6221,-566,0,566
Job_078,2,5903,7793,M3,6150,39,6189,-1604,0,1604
Job_070,8,5431,6963,M4,6151,6,6157,-806,0,806
Job_081,1,6059,6952,M1,6169,2,6171,-781,0,781
Job_082,1,6097,7328,M0,6169,37,6206,-1122,0,1122
Job_080,2,5991,7465,M1,6171,22,6193,-1272,0,1272
Job_081,2,6059,6952,M5,6171,52,6223,-729,0,729
Job_059,9,4463,6223,M4,6190,33,6223,0,0,0
Job_075,3,5660,7124,M6,6204,7,6211,-913,0,913
Job_079,1,5954,7513,M2,6204,95,6299,-1214,0,1214
Job_082,2,6097,7328,M3,6206,61,6267,-1061,0,1061
Job_075,4,5660,7124,M8,6211,64,6275,-849,0,849
Job_074,4,5561,7100,M4,6223,49,6272,-828,0,828
Job_080,3,5991,7465,M5,6223,61,6284,-1181,0,1181
Job_073,6,5443,7256,M7,6234,12,6246,-1010,0,1010
Job_062,9,4619,6280,M7,6255,25,6280,0,0,0
Job_064,9,4803,6347,M3,6268,79,6347,0,0,0
Job_077,2,5842,7628,M4,6272,75,6347,-1281,0,1281
Job_075,5,5660,7124,M9,6275,76,6351,-773,0,773
Job_074,5,5561,7100,M5,6284,11,6295,-805,0,805
Job_074,6,5561,7100,M6,6295,62,6357,-743,0,743
Job_083,0,6243,6909,M2,6299,31,6330,-579,0,579
Job_082,3,6097,7328,M2,6330,13,6343,-985,0,985
Job_083,1,6243,6909,M0,6330,86,6416,-493,0,493
Job_078,3,5903,7793,M2,6343,74,6417,-1376,0,1376
Job_076,4,5760,7445,M4,6347,49,6396,-1049,0,1049
Job_081,3,6059,6952,M3,6347,95,6442,-510,0,510
Job_075,6,5660,7124,M5,6351,47,6398,-726,0,726
Job_077,3,5842,7628,M9,6351,11,6362,-1266,0,1266
Job_074,7,5561,7100,M7,6357,56,6413,-687,0,687
Job_082,4,6097,7328,M6,6357,32,6389,-939,0,939
Job_073,7,5443,7256,M6,6389,89,6478,-778,0,778
Job_082,5,6097,7328,M5,6398,21,6419,-909,0,909
Job_074,8,5561,7100,M8,6413,44,6457,-643,0,643
Job_079,2,5954,7513,M0,6416,71,6487,-1026,0,1026
Job_083,2,6243,6909,M1,6416,46,6462,-447,0,447
Job_076,5,5760,7445,M5,6419,11,6430,-1015,0,1015
Job_082,6,6097,7328,M9,6419,32,6451,-877,0,877
Job_060,9,4514,6486,M5,6433,43,6476,-10,0,10
Job_080,4,5991,7465,M3,6442,26,6468,-997,0,997
Job_081,4,6059,6952,M8,6457,48,6505,-447,0,447
Job_077,4,5842,7628,M3,6468,69,6537,-1091,0,1091
Job_080,5,5991,7465,M4,6468,69,6537,-928,0,928
Job_083,3,6243,6909,M5,6476,74,6550,-359,0,359
Job_073,8,5443,7256,M9,6478,45,6523,-733,0,733
Job_076,6,5760,7445,M6,6478,62,6540,-905,0,905
Job_084,0,6461,8189,M0,6487,76,6563,-1626,0,1626
Job_085,0,6493,8187,M1,6493,85,6578,-1609,0,1609
Job_082,7,6097,7328,M8,6505,89,6594,-734,0,734
Job_081,5,6059,6952,M9,6523,72,6595,-357,0,357
Job_075,7,5660,7124,M3,6537,52,6589,-535,0,535
Job_076,7,5760,7445,M7,6540,56,6596,-849,0,849
Job_083,4,6243,6909,M4,6550,32,6582,-327,0,327
Job_052,9,3996,6613,M5,6570,43,6613,0,0,0
Job_084,1,6461,8189,M1,6578,69,6647,-1542,0,1542
Job_085,1,6493,8187,M0,6578,13,6591,-1596,0,1596
Job_079,3,5954,7513,M4,6582,99,6681,-832,0,832
Job_083,5,6243,6909,M6,6582,88,6670,-239,0,239
Job_085,2,6493,8187,M2,6591,61,6652,-1535,0,1535
Job_080,6,5991,7465,M8,6594,21,6615,-850,0,850
Job_081,6,6059,6952,M0,6595,47,6642,-310,0,310
Job_066,9,5053,6670,M7,6625,45,6670,0,0,0
Job_067,9,5156,6708,M3,6629,79,6708,0,0,0
Job_069,9,5260,6713,M8,6640,30,6670,-43,0,43
Job_087,0,6645,8266,M0,6645,76,6721,-1545,0,1545
Job_077,5,5842,7628,M1,6647,28,6675,-953,0,953
Job_086,0,6596,8188,M2,6652,31,6683,-1505,0,1505
Job_080,7,5991,7465,M7,6670,49,6719,-746,0,746
Job_083,6,6243,6909,M8,6670,19,6689,-220,0,220
Job_085,3,6493,8187,M6,6670,7,6677,-1510,0,1510
Job_077,6,5842,7628,M6,6677,46,6723,-905,0,905
Job_075,8,5660,7124,M4,6681,90,6771,-353,0,353
Job_068,9,5205,6763,M8,6689,74,6763,0,0,0
Job_083,7,6243,6909,M9,6689,48,6737,-172,0,172
Job_071,7,5436,7449,M3,6708,98,6806,-643,0,643
Job_082,8,6097,7328,M7,6719,30,6749,-579,0,579
Job_087,1,6645,8266,M1,6721,69,6790,-1476,0,1476
Job_088,0,6700,8130,M0,6721,43,6764,-1366,0,1366
Job_077,7,5842,7628,M5,6723,46,6769,-859,0,859
Job_079,4,5954,7513,M6,6723,9,6732,-781,0,781
Job_072,9,5442,6787,M6,6734,53,6787,0,0,0
Job_080,8,5991,7465,M9,6737,72,6809,-656,0,656
Job_083,8,6243,6909,M7,6749,36,6785,-124,0,124
Job_079,5,5954,7513,M8,6763,52,6815,-698,0,698
Job_086,1,6596,8188,M0,6764,86,6850,-1338,0,1338
Job_088,1,6700,8130,M2,6764,90,6854,-1276,0,1276
Job_081,7,6059,6952,M6,6787,65,6852,-100,0,100
Job_071,8,5436,7449,M9,6809,22,6831,-618,0,618
Job_079,6,5954,7513,M7,6815,85,6900,-613,0,613
Job_085,4,6493,8187,M8,6815,64,6879,-1308,0,1308
Job_083,9,6243,6909,M3,6830,79,6909,0,0,0
Job_081,8,6059,6952,M4,6852,6,6858,-94,0,94
Job_088,2,6700,8130,M4,6858,75,6933,-1197,0,1197
Job_089,0,6871,7715,M2,6871,84,6955,-760,0,760
Job_090,0,6876,8860,M1,6876,81,6957,-1903,0,1903
Job_078,4,5903,7793,M8,6879,90,6969,-824,0,824
Job_085,5,6493,8187,M9,6879,76,6955,-1232,0,1232
Job_084,2,6461,8189,M3,6909,76,6985,-1204,0,1204
Job_081,9,6059,6952,M7,6913,25,6938,-14,0,14
Job_070,9,5431,6963,M7,6938,25,6963,0,0,0
Job_085,6,6493,8187,M5,6955,47,7002,-1185,0,1185
Job_088,3,6700,8130,M9,6955,11,6966,-1164,0,1164
Job_091,0,6882,7875,M2,6955,14,6969,-906,0,906
Job_086,2,6596,8188,M1,6957,46,7003,-1185,0,1185
Job_077,8,5842,7628,M7,6963,72,7035,-593,0,593
Job_090,1,6876,8860,M2,6969,95,7064,-1796,0,1796
Job_091,1,6882,7875,M0,6969,6,6975,-900,0,900
Job_087,2,6645,8266,M3,6985,76,7061,-1205,0,1205
Job_065,9,5021,7071,M8,6997,74,7071,0,0,0
Job_093,0,7001,8577,M0,7001,29,7030,-1547,0,1547
Job_078,5,5903,7793,M5,7002,10,7012,-781,0,781
Job_089,1,6871,7715,M1,7003,2,7005,-710,0,710
Job_091,2,6882,7875,M1,7005,22,7027,-848,0,848
Job_089,2,6871,7715,M5,7012,52,7064,-651,0,651
Job_092,0,6883,8754,M1,7027,91,7118,-1636,0,1636
Job_078,6,5903,7793,M7,7035,12,7047,-746,0,746
Job_078,7,5903,7793,M6,7047,89,7136,-657,0,657
Job_079,7,5954,7513,M3,7061,98,7159,-354,0,354
Job_090,2,6876,8860,M0,7064,71,7135,-1725,0,1725
Job_091,3,6882,7875,M5,7064,61,7125,-750,0,750
Job_076,8,5760,7445,M8,7071,44,7115,-330,0,330
Job_074,9,5561,7100,M9,7079,21,7100,0,0,0
Job_075,9,5660,7124,M7,7079,45,7124,0,0,0
Job_093,1,7001,8577,M1,7118,78,7196,-1381,0,1381
Job_084,3,6461,8189,M5,7125,51,7176,-1013,0,1013
Job_092,1,6883,8754,M0,7135,85,7220,-1534,0,1534
Job_079,8,5954,7513,M9,7159,22,7181,-332,0,332
Job_089,3,6871,7715,M3,7159,95,7254,-461,0,461
Job_086,3,6596,8188,M5,7176,74,7250,-938,0,938
Job_078,8,5903,7793,M9,7181,45,7226,-567,0,567
Job_093,2,7001,8577,M2,7196,9,7205,-1372,0,1372
Job_094,0,7100,9082,M1,7196,85,7281,-1801,0,1801
Job_084,4,6461,8189,M2,7205,85,7290,-899,0,899
Job_073,9,5443,7256,M4,7223,33,7256,0,0,0
Job_087,3,6645,8266,M5,7250,51,7301,-965,0,965
Job_089,4,6871,7715,M8,7254,48,7302,-413,0,413
Job_091,4,6882,7875,M3,7254,26,7280,-595,0,595
Job_082,9,6097,7328,M4,7273,55,7328,0,0,0
Job_088,4,6700,8130,M3,7280,69,7349,-781,0,781
Job_094,1,7100,9082,M0,7281,13,7294,-1788,0,1788
Job_084,5,6461,8189,M9,7290,11,7301,-888,0,888
Job_094,2,7100,9082,M2,7294,61,7355,-1727,0,1727
Job_084,6,6461,8189,M6,7301,40,7341,-848,0,848
Job_089,5,6871,7715,M9,7302,72,7374,-341,0,341
Job_091,5,6882,7875,M4,7328,69,7397,-478,0,478
Job_084,7,6461,8189,M7,7341,89,7430,-759,0,759
Job_085,7,6493,8187,M3,7349,52,7401,-786,0,786
Job_088,5,6700,8130,M1,7349,28,7377,-753,0,753
Job_087,4,6645,8266,M2,7355,85,7440,-826,0,826
Job_094,3,7100,9082,M6,7355,7,7362,-1720,0,1720
Job_094,4,7100,9082,M8,7362,64,7426,-1656,0,1656
Job_089,6,6871,7715,M0,7374,47,7421,-294,0,294
Job_086,4,6596,8188,M4,7397,32,7429,-759,0,759
Job_093,3,7001,8577,M3,7401,36,7437,-1140,0,1140
Job_071,9,5436,7449,M5,7406,43,7449,0,0,0
Job_080,9,5991,7465,M6,7412,53,7465,0,0,0
Job_076,9,5760,7445,M9,7424,21,7445,0,0,0
Job_091,6,6882,7875,M8,7426,21,7447,-428,0,428
Job_085,8,6493,8187,M4,7429,90,7519,-668,0,668
Job_092,2,6883,8754,M3,7437,39,7476,-1278,0,1278
Job_094,5,7100,9082,M9,7445,76,7521,-1561,0,1561
Job_091,7,6882,7875,M7,7447,49,7496,-379,0,379
Job_089,7,6871,7715,M6,7465,65,7530,-185,0,185
Job_079,9,5954,7513,M5,7470,43,7513,0,0,0
Job_092,3,6883,8754,M2,7476,74,7550,-1204,0,1204
Job_093,4,7001,8577,M4,7519,49,7568,-1009,0,1009
Job_091,8,6882,7875,M9,7521,72,7593,-282,0,282
Job_094,6,7100,9082,M5,7521,47,7568,-1514,0,1514
Job_086,5,6596,8188,M6,7530,88,7618,-570,0,570
Job_089,8,6871,7715,M4,7568,6,7574,-141,0,141
Job_093,5,7001,8577,M5,7568,11,7579,-998,0,998
Job_094,7,7100,9082,M3,7568,52,7620,-1462,0,1462
Job_090,3,6876,8860,M4,7574,99,7673,-1187,0,1187
Job_087,5,6645,8266,M9,7593,11,7604,-662,0,662
Job_077,9,5842,7628,M8,7598,30,7628,0,0,0
Job_088,6,6700,8130,M6,7618,46,7664,-466,0,466
Job_092,4,6883,8754,M8,7628,90,7718,-1036,0,1036
Job_087,6,6645,8266,M6,7664,40,7704,-562,0,562
Job_088,7,6700,8130,M5,7664,46,7710,-420,0,420
Job_084,8,6461,8189,M4,7673,26,7699,-490,0,490
Job_089,9,6871,7715,M7,7690,25,7715,0,0,0
Job_093,6,7001,8577,M6,7704,62,7766,-811,0,811
Job_087,7,6645,8266,M7,7715,89,7804,-462,0,462
Job_086,6,6596,8188,M8,7718,19,7737,-451,0,451
Job_092,5,6883,8754,M5,7718,10,7728,-1026,0,1026
Job_086,7,6596,8188,M9,7737,48,7785,-403,0,403
Job_078,9,5903,7793,M4,7760,33,7793,0,0,0
Job_090,4,6876,8860,M6,7766,9,7775,-1085,0,1085
Job_090,5,6876,8860,M8,7775,52,7827,-1033,0,1033
Job_094,8,7100,9082,M4,7793,90,7883,-1199,0,1199
Job_088,8,6700,8130,M7,7804,72,7876,-254,0,254
Job_091,9,6882,7875,M6,7822,53,7875,0,0,0
Job_086,8,6596,8188,M7,7876,36,7912,-276,0,276
Job_087,8,6645,8266,M4,7883,26,7909,-357,0,357
Job_093,7,7001,8577,M7,7912,56,7968,-609,0,609
Job_092,6,6883,8754,M7,7968,12,7980,-774,0,774
Job_093,8,7001,8577,M8,7968,44,8012,-565,0,565
Job_090,6,6876,8860,M7,7980,85,8065,-795,0,795
Job_092,7,6883,8754,M6,7980,89,8069,-685,0,685
Job_092,8,6883,8754,M9,8069,45,8114,-640,0,640
Job_088,9,6700,8130,M8,8085,30,8115,-15,0,15
Job_086,9,6596,8188,M3,8109,79,8188,0,0,0
Job_084,9,6461,8189,M8,8115,74,8189,0,0,0
Job_085,9,6493,8187,M7,8142,45,8187,0,0,0
Job_090,7,6876,8860,M3,8188,98,8286,-574,0,574
Job_087,9,6645,8266,M8,8192,74,8266,0,0,0
Job_090,8,6876,8860,M9,8286,22,8308,-552,0,552
Job_093,9,7001,8577,M9,8556,21,8577,0,0,0
Job_092,9,6883,8754,M4,8721,33,8754,0,0,0
Job_090,9,6876,8860,M5,8817,43,8860,0,0,0
Job_094,9,7100,9082,M7,9037,45,9082,0,0,0
