Job,Operation,Arrival,Deadline,Machine,Start,Processing Time,End,Lateness,Tardiness,Earliness
Job_098,5,7394,9558,M8,8650,52,8702,-856,0,856
Job_102,7,7683,9182,M9,8669,48,8717,-465,0,465
Job_105,2,8036,9592,M1,8683,46,8729,-863,0,863
Job_109,2,8316,9664,M0,8687,71,8758,-906,0,906
Job_111,2,8323,10222,M3,8687,39,8726,-1496,0,1496
Job_112,2,8441,9577,M2,8690,9,8699,-878,0,878
Job_092,9,6883,8754,M4,8699,33,8732,-22,0,22
Job_096,9,7282,8581,M8,8710,30,8740,159,159,0
Job_098,6,7394,9558,M7,8710,85,8795,-763,0,763
Job_103,5,7901,9649,M9,8717,11,8728,-921,0,921
Job_111,3,8323,10222,M2,8726,74,8800,-1422,0,1422
Job_112,3,8441,9577,M3,8726,36,8762,-815,0,815
Job_103,6,7901,9649,M6,8728,40,8768,-881,0,881
Job_107,3,8140,9733,M9,8728,11,8739,-994,0,994
Job_105,3,8036,9592,M5,8729,74,8803,-789,0,789
Job_106,1,8085,9815,M1,8729,69,8798,-1017,0,1017
Job_101,9,7537,8787,M4,8732,55,8787,0,0,0
Job_097,4,7343,9036,M8,8740,90,8830,-206,0,206
Job_114,0,8640,9866,M0,8758,29,8787,-1079,0,1079
Job_110,4,8322,9362,M3,8762,26,8788,-574,0,574
Job_113,1,8540,9831,M0,8787,13,8800,-1031,0,1031
Job_107,4,8140,9733,M3,8788,69,8857,-876,0,876
Job_110,5,8322,9362,M4,8788,69,8857,-505,0,505
Job_102,8,7683,9182,M7,8795,36,8831,-351,0,351
Job_116,0,8783,10053,M1,8798,91,8889,-1164,0,1164
Job_113,2,8540,9831,M2,8800,61,8861,-970,0,970
Job_115,0,8722,10449,M0,8800,43,8843,-1606,0,1606
Job_090,9,6876,8860,M5,8804,43,8847,-13,0,13
Job_108,4,8311,9601,M8,8830,48,8878,-723,0,723
Job_097,5,7343,9036,M5,8847,10,8857,-179,0,179
Job_097,6,7343,9036,M7,8857,12,8869,-167,0,167
Job_106,2,8085,9815,M3,8857,76,8933,-882,0,882
Job_109,3,8316,9664,M4,8857,99,8956,-708,0,708
Job_113,3,8540,9831,M6,8861,7,8868,-963,0,963
Job_115,1,8722,10449,M2,8861,90,8951,-1498,0,1498
Job_097,7,7343,9036,M6,8869,89,8958,-78,0,78
Job_108,5,8311,9601,M9,8878,72,8950,-651,0,651
Job_110,6,8322,9362,M8,8878,21,8899,-463,0,463
Job_100,9,7499,8913,M7,8888,25,8913,0,0,0
Job_114,1,8640,9866,M1,8889,78,8967,-899,0,899
Job_116,1,8783,10053,M0,8889,85,8974,-1079,0,1079
Job_111,4,8323,10222,M8,8899,90,8989,-1233,0,1233
Job_103,7,7901,9649,M7,8913,89,9002,-647,0,647
Job_098,7,7394,9558,M3,8933,98,9031,-527,0,527
Job_106,3,8085,9815,M5,8933,51,8984,-831,0,831
Job_118,0,8871,9770,M2,8951,14,8965,-805,0,805
Job_105,4,8036,9592,M4,8956,32,8988,-604,0,604
Job_097,8,7343,9036,M9,8958,45,9003,-33,0,33
Job_109,4,8316,9664,M6,8958,9,8967,-697,0,697
Job_119,0,8939,10132,M2,8965,84,9049,-1083,0,1083
Job_107,5,8140,9733,M1,8967,28,8995,-738,0,738
Job_118,1,8871,9770,M0,8974,6,8980,-790,0,790
Job_108,6,8311,9601,M0,8980,47,9027,-574,0,574
Job_104,4,7933,9499,M8,8989,64,9053,-446,0,446
Job_111,5,8323,10222,M5,8989,10,8999,-1223,0,1223
Job_107,6,8140,9733,M6,8995,46,9041,-692,0,692
Job_118,2,8871,9770,M1,8995,22,9017,-753,0,753
Job_111,6,8323,10222,M7,9002,12,9014,-1208,0,1208
Job_097,9,7343,9036,M4,9003,33,9036,0,0,0
Job_117,0,8834,10394,M1,9017,81,9098,-1296,0,1296
Job_118,3,8871,9770,M5,9017,61,9078,-692,0,692
Job_098,8,7394,9558,M9,9031,22,9053,-505,0,505
Job_116,2,8783,10053,M3,9031,39,9070,-983,0,983
Job_103,8,7901,9649,M4,9036,26,9062,-587,0,587
Job_094,9,7100,9082,M7,9037,45,9082,0,0,0
Job_105,5,8036,9592,M6,9041,88,9129,-463,0,463
Job_114,2,8640,9866,M2,9049,9,9058,-808,0,808
Job_104,5,7933,9499,M9,9053,76,9129,-370,0,370
Job_109,5,8316,9664,M8,9053,52,9105,-559,0,559
Job_106,4,8085,9815,M2,9058,85,9143,-672,0,672
Job_112,4,8441,9577,M4,9062,49,9111,-466,0,466
Job_107,7,8140,9733,M5,9078,46,9124,-609,0,609
Job_110,7,8322,9362,M7,9082,49,9131,-231,0,231
Job_119,1,8939,10132,M1,9098,2,9100,-1032,0,1032
Job_120,0,8977,10661,M1,9100,46,9146,-1515,0,1515
Job_102,9,7683,9182,M3,9103,79,9182,0,0,0
Job_113,4,8540,9831,M8,9105,64,9169,-662,0,662
Job_115,2,8722,10449,M4,9111,75,9186,-1263,0,1263
Job_112,5,8441,9577,M5,9124,11,9135,-442,0,442
Job_109,6,8316,9664,M7,9131,85,9216,-448,0,448
Job_110,8,8322,9362,M9,9131,72,9203,-159,0,159
Job_104,6,7933,9499,M5,9135,47,9182,-317,0,317
Job_112,6,8441,9577,M6,9135,62,9197,-380,0,380
Job_116,3,8783,10053,M2,9143,74,9217,-836,0,836
Job_120,1,8977,10661,M0,9146,37,9183,-1478,0,1478
Job_105,6,8036,9592,M8,9169,19,9188,-404,0,404
Job_104,7,7933,9499,M3,9182,52,9234,-265,0,265
Job_119,2,8939,10132,M5,9182,52,9234,-898,0,898
Job_106,5,8085,9815,M9,9203,11,9214,-601,0,601
Job_106,6,8085,9815,M6,9214,40,9254,-561,0,561
Job_115,3,8722,10449,M9,9214,11,9225,-1224,0,1224
Job_112,7,8441,9577,M7,9216,56,9272,-305,0,305
Job_116,4,8783,10053,M8,9217,90,9307,-746,0,746
Job_117,1,8834,10394,M2,9217,95,9312,-1082,0,1082
Job_105,7,8036,9592,M9,9233,48,9281,-311,0,311
Job_118,4,8871,9770,M3,9235,26,9261,-509,0,509
Job_114,3,8640,9866,M3,9261,36,9297,-569,0,569
Job_106,7,8085,9815,M7,9272,89,9361,-454,0,454
Job_113,5,8540,9831,M9,9281,76,9357,-474,0,474
Job_118,5,8871,9770,M4,9295,69,9364,-406,0,406
Job_109,7,8316,9664,M3,9297,98,9395,-269,0,269
Job_112,8,8441,9577,M8,9307,44,9351,-226,0,226
Job_116,5,8783,10053,M5,9307,10,9317,-736,0,736
Job_110,9,8322,9362,M6,9309,53,9362,0,0,0
Job_117,2,8834,10394,M0,9312,71,9383,-1011,0,1011
Job_121,0,9123,10454,M2,9312,31,9343,-1111,0,1111
Job_113,6,8540,9831,M5,9357,47,9404,-427,0,427
Job_105,8,8036,9592,M7,9361,36,9397,-195,0,195
Job_108,7,8311,9601,M6,9362,65,9427,-174,0,174
Job_104,8,7933,9499,M4,9364,90,9454,-45,0,45
Job_118,6,8871,9770,M8,9364,21,9385,-385,0,385
Job_123,0,9373,11165,M1,9373,85,9458,-1707,0,1707
Job_121,1,9123,10454,M0,9383,86,9469,-985,0,985
Job_109,8,8316,9664,M9,9395,22,9417,-247,0,247
Job_119,3,8939,10132,M3,9395,95,9490,-642,0,642
Job_118,7,8871,9770,M7,9397,49,9446,-324,0,324
Job_118,8,8871,9770,M9,9446,72,9518,-252,0,252
Job_104,9,7933,9499,M7,9454,45,9499,0,0,0
Job_114,4,8640,9866,M4,9454,49,9503,-363,0,363
Job_121,2,9123,10454,M1,9469,46,9515,-939,0,939
Job_122,0,9341,11333,M0,9469,76,9545,-1788,0,1788
Job_124,0,9476,11255,M2,9476,31,9507,-1748,0,1748
Job_119,4,8939,10132,M8,9490,48,9538,-594,0,594
Job_107,8,8140,9733,M7,9499,72,9571,-162,0,162
Job_108,8,8311,9601,M4,9503,6,9509,-92,0,92
Job_114,5,8640,9866,M5,9503,11,9514,-352,0,352
Job_117,3,8834,10394,M4,9509,99,9608,-786,0,786
Job_105,9,8036,9592,M3,9513,79,9592,0,0,0
Job_114,6,8640,9866,M6,9514,62,9576,-290,0,290
Job_098,9,7394,9558,M5,9515,43,9558,0,0,0
Job_122,1,9341,11333,M1,9545,69,9614,-1719,0,1719
Job_125,0,9525,11380,M0,9545,76,9621,-1759,0,1759
Job_112,9,8441,9577,M9,9556,21,9577,0,0,0
Job_103,9,7901,9649,M8,9575,74,9649,0,0,0
Job_108,9,8311,9601,M7,9576,25,9601,0,0,0
Job_119,5,8939,10132,M9,9577,72,9649,-483,0,483
Job_113,7,8540,9831,M3,9592,52,9644,-187,0,187
Job_114,7,8640,9866,M7,9601,56,9657,-209,0,209
Job_106,8,8085,9815,M4,9608,26,9634,-181,0,181
Job_117,4,8834,10394,M6,9608,9,9617,-777,0,777
Job_111,7,8323,10222,M6,9617,89,9706,-516,0,516
Job_109,9,8316,9664,M5,9621,43,9664,0,0,0
Job_125,1,9525,11380,M1,9621,69,9690,-1690,0,1690
Job_126,0,9580,10908,M0,9621,43,9664,-1244,0,1244
Job_113,8,8540,9831,M4,9644,90,9734,-97,0,97
Job_115,4,8722,10449,M3,9644,69,9713,-736,0,736
Job_114,8,8640,9866,M8,9657,44,9701,-165,0,165
Job_116,6,8783,10053,M7,9657,12,9669,-384,0,384
Job_119,6,8939,10132,M0,9664,47,9711,-421,0,421
Job_121,3,9123,10454,M5,9664,74,9738,-716,0,716
Job_126,1,9580,10908,M2,9664,90,9754,-1154,0,1154
Job_107,9,8140,9733,M8,9703,30,9733,0,0,0
Job_111,8,8323,10222,M9,9706,45,9751,-471,0,471
Job_124,1,9476,11255,M0,9711,86,9797,-1458,0,1458
Job_115,5,8722,10449,M1,9713,28,9741,-708,0,708
Job_120,2,8977,10661,M3,9713,61,9774,-887,0,887
Job_118,9,8871,9770,M6,9717,53,9770,0,0,0
Job_121,4,9123,10454,M4,9738,32,9770,-684,0,684
Job_106,9,8085,9815,M8,9741,74,9815,0,0,0
Job_127,0,9751,11097,M2,9754,84,9838,-1259,0,1259
Job_128,0,9756,11417,M1,9756,81,9837,-1580,0,1580
Job_116,7,8783,10053,M6,9770,89,9859,-194,0,194
Job_126,2,9580,10908,M4,9770,75,9845,-1063,0,1063
Job_125,2,9525,11380,M3,9774,76,9850,-1530,0,1530
Job_113,9,8540,9831,M7,9786,45,9831,0,0,0
Job_123,1,9373,11165,M0,9797,13,9810,-1355,0,1355
Job_117,5,8834,10394,M8,9815,52,9867,-527,0,527
Job_130,0,9763,11184,M1,9837,91,9928,-1256,0,1256
Job_129,0,9762,10702,M2,9838,14,9852,-850,0,850
Job_114,9,8640,9866,M9,9845,21,9866,0,0,0
Job_122,2,9341,11333,M3,9850,76,9926,-1407,0,1407
Job_125,3,9525,11380,M5,9850,51,9901,-1479,0,1479
Job_120,3,8977,10661,M2,9852,13,9865,-796,0,796
Job_129,1,9762,10702,M0,9852,6,9858,-844,0,844
Job_119,7,8939,10132,M6,9859,65,9924,-208,0,208
Job_128,1,9756,11417,M2,9865,95,9960,-1457,0,1457
Job_116,8,8783,10053,M9,9866,45,9911,-142,0,142
Job_117,6,8834,10394,M7,9867,85,9952,-442,0,442
Job_131,0,9881,11051,M0,9881,29,9910,-1141,0,1141
Job_126,3,9580,10908,M9,9911,11,9922,-986,0,986
Job_115,6,8722,10449,M6,9924,46,9970,-479,0,479
Job_119,8,8939,10132,M4,9924,6,9930,-202,0,202
Job_122,3,9341,11333,M5,9926,51,9977,-1356,0,1356
Job_126,4,9580,10908,M3,9926,69,9995,-913,0,913
Job_129,2,9762,10702,M1,9928,22,9950,-752,0,752
Job_130,1,9763,11184,M0,9928,85,10013,-1171,0,1171
Job_127,1,9751,11097,M1,9950,2,9952,-1145,0,1145
Job_131,1,9881,11051,M1,9952,78,10030,-1021,0,1021
Job_123,2,9373,11165,M2,9960,61,10021,-1144,0,1144
Job_121,5,9123,10454,M6,9970,88,10058,-396,0,396
Job_115,7,8722,10449,M5,9977,46,10023,-426,0,426
Job_117,7,8834,10394,M3,9995,98,10093,-301,0,301
Job_128,2,9756,11417,M0,10013,71,10084,-1333,0,1333
Job_116,9,8783,10053,M4,10020,33,10053,0,0,0
Job_125,4,9525,11380,M2,10021,85,10106,-1274,0,1274
Job_115,8,8722,10449,M7,10023,72,10095,-354,0,354
Job_129,3,9762,10702,M5,10023,61,10084,-618,0,618
Job_132,0,9980,11430,M1,10030,85,10115,-1315,0,1315
Job_120,4,8977,10661,M6,10058,32,10090,-571,0,571
Job_121,6,9123,10454,M8,10058,19,10077,-377,0,377
Job_127,2,9751,11097,M5,10084,52,10136,-961,0,961
Job_128,3,9756,11417,M4,10084,99,10183,-1234,0,1234
Job_133,0,10080,11361,M0,10084,29,10113,-1248,0,1248
Job_123,3,9373,11165,M6,10090,7,10097,-1068,0,1068
Job_117,8,8834,10394,M9,10093,22,10115,-279,0,279
Job_129,4,9762,10702,M3,10093,26,10119,-583,0,583
Job_123,4,9373,11165,M8,10097,64,10161,-1004,0,1004
Job_131,2,9881,11051,M2,10106,9,10115,-936,0,936
Job_119,9,8939,10132,M7,10107,25,10132,0,0,0
Job_122,4,9341,11333,M2,10115,85,10200,-1133,0,1133
Job_125,5,9525,11380,M9,10115,11,10126,-1254,0,1254
Job_126,5,9580,10908,M1,10115,28,10143,-765,0,765
Job_132,1,9980,11430,M0,10115,13,10128,-1302,0,1302
Job_130,2,9763,11184,M3,10119,39,10158,-1026,0,1026
Job_121,7,9123,10454,M9,10126,48,10174,-280,0,280
Job_125,6,9525,11380,M6,10126,40,10166,-1214,0,1214
Job_120,5,8977,10661,M5,10136,21,10157,-504,0,504
Job_124,2,9476,11255,M1,10143,46,10189,-1066,0,1066
Job_127,3,9751,11097,M3,10158,95,10253,-844,0,844
Job_134,0,10162,11967,M0,10162,43,10205,-1762,0,1762
Job_126,6,9580,10908,M6,10166,46,10212,-696,0,696
Job_120,6,8977,10661,M9,10174,32,10206,-455,0,455
Job_121,8,9123,10454,M7,10174,36,10210,-244,0,244
Job_111,9,8323,10222,M4,10189,33,10222,0,0,0
Job_124,3,9476,11255,M5,10189,74,10263,-992,0,992
Job_133,1,10080,11361,M1,10189,78,10267,-1094,0,1094
Job_130,3,9763,11184,M2,10200,74,10274,-910,0,910
Job_120,7,8977,10661,M8,10206,89,10295,-366,0,366
Job_122,5,9341,11333,M9,10206,11,10217,-1116,0,1116
Job_125,7,9525,11380,M7,10210,89,10299,-1081,0,1081
Job_128,4,9756,11417,M6,10212,9,10221,-1196,0,1196
Job_123,5,9373,11165,M9,10217,76,10293,-872,0,872
Job_122,6,9341,11333,M6,10221,40,10261,-1072,0,1072
Job_129,5,9762,10702,M4,10222,69,10291,-411,0,411
Job_131,3,9881,11051,M3,10253,36,10289,-762,0,762
Job_126,7,9580,10908,M5,10263,46,10309,-599,0,599
Job_135,0,10223,12521,M1,10267,91,10358,-2163,0,2163
Job_132,2,9980,11430,M2,10274,61,10335,-1095,0,1095
Job_131,4,9881,11051,M4,10291,49,10340,-711,0,711
Job_129,6,9762,10702,M8,10295,21,10316,-386,0,386
Job_120,8,8977,10661,M7,10299,30,10329,-332,0,332
Job_130,4,9763,11184,M8,10316,90,10406,-778,0,778
Job_126,8,9580,10908,M7,10329,72,10401,-507,0,507
Job_132,3,9980,11430,M6,10335,7,10342,-1088,0,1088
Job_137,0,10311,11093,M2,10335,14,10349,-744,0,744
Job_124,4,9476,11255,M4,10340,32,10372,-883,0,883
Job_131,5,9881,11051,M5,10340,11,10351,-700,0,700
Job_133,2,10080,11361,M2,10349,9,10358,-1003,0,1003
Job_137,1,10311,11093,M0,10349,6,10355,-738,0,738
Job_117,9,8834,10394,M5,10351,43,10394,0,0,0
Job_131,6,9881,11051,M6,10351,62,10413,-638,0,638
Job_134,1,10162,11967,M2,10358,90,10448,-1519,0,1519
Job_135,1,10223,12521,M0,10358,85,10443,-2078,0,2078
Job_137,2,10311,11093,M1,10358,22,10380,-713,0,713
Job_125,8,9525,11380,M4,10372,26,10398,-982,0,982
Job_121,9,9123,10454,M3,10375,79,10454,0,0,0
Job_136,0,10274,12191,M1,10380,81,10461,-1730,0,1730
Job_137,3,10311,11093,M5,10394,61,10455,-638,0,638
Job_129,7,9762,10702,M7,10401,49,10450,-252,0,252
Job_124,5,9476,11255,M6,10413,88,10501,-754,0,754
Job_115,9,8722,10449,M8,10419,30,10449,0,0,0
Job_134,2,10162,11967,M4,10448,75,10523,-1444,0,1444
Job_138,0,10379,12197,M2,10448,84,10532,-1665,0,1665
Job_127,4,9751,11097,M8,10449,48,10497,-600,0,600
Job_129,8,9762,10702,M9,10450,72,10522,-180,0,180
Job_131,7,9881,11051,M7,10450,56,10506,-545,0,545
Job_133,3,10080,11361,M3,10454,36,10490,-871,0,871
Job_123,6,9373,11165,M5,10455,47,10502,-663,0,663
Job_139,0,10417,11616,M1,10461,46,10507,-1109,0,1109
Job_137,4,10311,11093,M3,10490,26,10516,-577,0,577
Job_132,4,9980,11430,M8,10497,64,10561,-869,0,869
Job_130,5,9763,11184,M5,10502,10,10512,-672,0,672
Job_139,1,10417,11616,M0,10507,37,10544,-1072,0,1072
Job_130,6,9763,11184,M7,10512,12,10524,-660,0,660
Job_123,7,9373,11165,M3,10516,52,10568,-597,0,597
Job_134,3,10162,11967,M9,10523,11,10534,-1433,0,1433
Job_137,5,10311,11093,M4,10523,69,10592,-501,0,501
Job_122,7,9341,11333,M7,10524,89,10613,-720,0,720
Job_130,7,9763,11184,M6,10524,89,10613,-571,0,571
Job_136,1,10274,12191,M2,10532,95,10627,-1564,0,1564
Job_138,1,10379,12197,M1,10532,2,10534,-1663,0,1663
Job_127,5,9751,11097,M9,10534,72,10606,-491,0,491
Job_138,2,10379,12197,M5,10534,52,10586,-1611,0,1611
Job_128,5,9756,11417,M8,10561,52,10613,-804,0,804
Job_139,2,10417,11616,M3,10568,61,10629,-987,0,987
Job_120,9,8977,10661,M4,10606,55,10661,0,0,0
Job_127,6,9751,11097,M0,10606,47,10653,-444,0,444
Job_132,5,9980,11430,M9,10606,76,10682,-748,0,748
Job_137,6,10311,11093,M8,10613,21,10634,-459,0,459
Job_140,0,10563,12361,M2,10627,31,10658,-1703,0,1703
Job_134,4,10162,11967,M3,10629,69,10698,-1269,0,1269
Job_124,6,9476,11255,M8,10634,19,10653,-602,0,602
Job_137,7,10311,11093,M7,10634,49,10683,-410,0,410
Job_129,9,9762,10702,M6,10649,53,10702,0,0,0
Job_131,8,9881,11051,M8,10653,44,10697,-354,0,354
Job_139,3,10417,11616,M2,10658,13,10671,-945,0,945
Job_140,1,10563,12361,M0,10658,86,10744,-1617,0,1617
Job_133,4,10080,11361,M4,10661,49,10710,-651,0,651
Job_132,6,9980,11430,M5,10682,47,10729,-701,0,701
Job_128,6,9756,11417,M7,10683,85,10768,-649,0,649
Job_137,8,10311,11093,M9,10683,72,10755,-338,0,338
Job_134,5,10162,11967,M1,10698,28,10726,-1241,0,1241
Job_138,3,10379,12197,M3,10698,95,10793,-1404,0,1404
Job_139,4,10417,11616,M6,10702,32,10734,-882,0,882
Job_123,8,9373,11165,M4,10710,90,10800,-365,0,365
Job_134,6,10162,11967,M6,10734,46,10780,-1187,0,1187
Job_139,5,10417,11616,M5,10734,21,10755,-861,0,861
Job_136,2,10274,12191,M0,10744,71,10815,-1376,0,1376
Job_140,2,10563,12361,M1,10744,46,10790,-1571,0,1571
Job_133,5,10080,11361,M5,10755,11,10766,-595,0,595
Job_139,6,10417,11616,M9,10755,32,10787,-829,0,829
Job_133,6,10080,11361,M6,10780,62,10842,-519,0,519
Job_134,7,10162,11967,M5,10780,46,10826,-1141,0,1141
Job_124,7,9476,11255,M9,10787,48,10835,-420,0,420
Job_139,7,10417,11616,M8,10787,89,10876,-740,0,740
Job_132,7,9980,11430,M3,10793,52,10845,-585,0,585
Job_122,8,9341,11333,M4,10800,26,10826,-507,0,507
Job_142,0,10813,12291,M1,10813,85,10898,-1393,0,1393
Job_141,0,10781,12259,M0,10815,76,10891,-1368,0,1368
Job_136,3,10274,12191,M4,10826,99,10925,-1266,0,1266
Job_140,3,10563,12361,M5,10826,74,10900,-1461,0,1461
Job_130,8,9763,11184,M9,10835,45,10880,-304,0,304
Job_127,7,9751,11097,M6,10842,65,10907,-190,0,190
Job_133,7,10080,11361,M7,10842,56,10898,-463,0,463
Job_128,7,9756,11417,M3,10845,98,10943,-474,0,474
Job_126,9,9580,10908,M8,10878,30,10908,0,0,0
Job_124,8,9476,11255,M7,10898,36,10934,-321,0,321
Job_141,1,10781,12259,M1,10898,69,10967,-1292,0,1292
Job_142,1,10813,12291,M0,10898,13,10911,-1380,0,1380
Job_138,4,10379,12197,M8,10908,48,10956,-1241,0,1241
Job_143,0,10916,12560,M2,10916,31,10947,-1613,0,1613
Job_127,8,9751,11097,M4,10925,6,10931,-166,0,166
Job_136,4,10274,12191,M6,10925,9,10934,-1257,0,1257
Job_132,8,9980,11430,M4,10931,90,11021,-409,0,409
Job_134,8,10162,11967,M7,10934,72,11006,-961,0,961
Job_128,8,9756,11417,M9,10943,22,10965,-452,0,452
Job_135,2,10223,12521,M3,10943,39,10982,-1539,0,1539
Job_142,2,10813,12291,M2,10947,61,11008,-1283,0,1283
Job_143,1,10916,12560,M0,10947,86,11033,-1527,0,1527
Job_133,8,10080,11361,M8,10956,44,11000,-361,0,361
Job_141,2,10781,12259,M3,10982,76,11058,-1201,0,1201
Job_136,5,10274,12191,M8,11000,52,11052,-1139,0,1139
Job_139,8,10417,11616,M7,11006,30,11036,-580,0,580
Job_135,3,10223,12521,M2,11008,74,11082,-1439,0,1439
Job_142,3,10813,12291,M6,11008,7,11015,-1276,0,1276
Job_140,4,10563,12361,M4,11021,32,11053,-1308,0,1308
Job_131,9,9881,11051,M9,11030,21,11051,0,0,0
Job_143,2,10916,12560,M1,11033,46,11079,-1481,0,1481
Job_144,0,10965,12515,M0,11033,76,11109,-1406,0,1406
Job_137,9,10311,11093,M6,11040,53,11093,0,0,0
Job_138,5,10379,12197,M9,11051,72,11123,-1074,0,1074
Job_142,4,10813,12291,M8,11052,64,11116,-1175,0,1175
Job_141,3,10781,12259,M5,11058,51,11109,-1150,0,1150
Job_127,9,9751,11097,M7,11072,25,11097,0,0,0
Job_140,5,10563,12361,M6,11093,88,11181,-1180,0,1180
Job_141,4,10781,12259,M2,11109,85,11194,-1065,0,1065
Job_143,3,10916,12560,M5,11109,74,11183,-1377,0,1377
Job_144,1,10965,12515,M1,11109,69,11178,-1337,0,1337
Job_145,0,11020,12850,M0,11109,43,11152,-1698,0,1698
Job_135,4,10223,12521,M8,11116,90,11206,-1315,0,1315
Job_123,9,9373,11165,M7,11120,45,11165,0,0,0
Job_142,5,10813,12291,M9,11123,76,11199,-1092,0,1092
Job_130,9,9763,11184,M4,11151,33,11184,0,0,0
Job_138,6,10379,12197,M0,11152,47,11199,-998,0,998
Job_136,6,10274,12191,M7,11165,85,11250,-941,0,941
Job_124,9,9476,11255,M3,11176,79,11255,0,0,0
Job_143,4,10916,12560,M4,11184,32,11216,-1344,0,1344
Job_147,0,11196,13228,M1,11196,81,11277,-1951,0,1951
Job_138,7,10379,12197,M6,11199,65,11264,-933,0,933
Job_141,5,10781,12259,M9,11199,11,11210,-1049,0,1049
Job_142,6,10813,12291,M5,11199,47,11246,-1045,0,1045
Job_148,0,11202,12235,M2,11202,14,11216,-1019,0,1019
Job_140,6,10563,12361,M8,11206,19,11225,-1136,0,1136
Job_145,1,11020,12850,M2,11216,90,11306,-1544,0,1544
Job_148,1,11202,12235,M0,11216,6,11222,-1013,0,1013
Job_140,7,10563,12361,M9,11225,48,11273,-1088,0,1088
Job_122,9,9341,11333,M8,11232,74,11306,-27,0,27
Job_135,5,10223,12521,M5,11246,10,11256,-1265,0,1265
Job_144,2,10965,12515,M3,11255,76,11331,-1184,0,1184
Job_135,6,10223,12521,M7,11256,12,11268,-1253,0,1253
Job_138,8,10379,12197,M4,11264,6,11270,-927,0,927
Job_143,5,10916,12560,M6,11264,88,11352,-1208,0,1208
Job_140,8,10563,12361,M7,11273,36,11309,-1052,0,1052
Job_148,2,11202,12235,M1,11277,22,11299,-936,0,936
Job_148,3,11202,12235,M5,11299,61,11360,-875,0,875
Job_149,0,11203,12718,M1,11299,91,11390,-1328,0,1328
Job_125,9,9525,11380,M8,11306,74,11380,0,0,0
Job_145,2,11020,12850,M4,11306,75,11381,-1469,0,1469
Job_146,0,11191,13071,M2,11306,84,11390,-1681,0,1681
Job_150,0,11321,12417,M0,11321,29,11350,-1067,0,1067
Job_142,7,10813,12291,M3,11331,52,11383,-908,0,908
Job_133,9,10080,11361,M9,11340,21,11361,0,0,0
Job_141,6,10781,12259,M6,11352,40,11392,-867,0,867
Job_128,9,9756,11417,M5,11374,43,11417,0,0,0
Job_143,6,10916,12560,M8,11380,19,11399,-1161,0,1161
Job_145,3,11020,12850,M9,11381,11,11392,-1458,0,1458
Job_142,8,10813,12291,M4,11383,90,11473,-818,0,818
Job_148,4,11202,12235,M3,11383,26,11409,-826,0,826
Job_132,9,9980,11430,M7,11385,45,11430,0,0,0
Job_147,1,11196,13228,M2,11390,95,11485,-1743,0,1743
Job_149,1,11203,12718,M0,11390,85,11475,-1243,0,1243
Job_150,1,11321,12417,M1,11390,78,11468,-949,0,949
Job_135,7,10223,12521,M6,11392,89,11481,-1040,0,1040
Job_143,7,10916,12560,M9,11399,48,11447,-1113,0,1113
Job_136,7,10274,12191,M3,11409,98,11507,-684,0,684
Job_144,3,10965,12515,M5,11417,51,11468,-1047,0,1047
Job_141,7,10781,12259,M7,11430,89,11519,-740,0,740
Job_151,0,11420,12933,M1,11468,85,11553,-1380,0,1380
Job_148,5,11202,12235,M4,11473,69,11542,-693,0,693
Job_150,2,11321,12417,M2,11485,9,11494,-923,0,923
Job_144,4,10965,12515,M2,11494,85,11579,-936,0,936
Job_136,8,10274,12191,M9,11507,22,11529,-662,0,662
Job_149,2,11203,12718,M3,11507,39,11546,-1172,0,1172
Job_143,8,10916,12560,M7,11519,36,11555,-1005,0,1005
Job_152,0,11520,12521,M0,11520,29,11549,-972,0,972
Job_135,8,10223,12521,M9,11529,45,11574,-947,0,947
Job_148,6,11202,12235,M8,11542,21,11563,-672,0,672
Job_150,3,11321,12417,M3,11546,36,11582,-835,0,835
Job_147,2,11196,13228,M0,11549,71,11620,-1608,0,1608
Job_152,1,11520,12521,M1,11553,78,11631,-890,0,890
Job_139,9,10417,11616,M4,11561,55,11616,0,0,0
Job_148,7,11202,12235,M7,11563,49,11612,-623,0,623
Job_144,5,10965,12515,M9,11579,11,11590,-925,0,925
Job_149,3,11203,12718,M2,11579,74,11653,-1065,0,1065
Job_145,4,11020,12850,M3,11582,69,11651,-1199,0,1199
Job_144,6,10965,12515,M6,11590,40,11630,-885,0,885
Job_148,8,11202,12235,M9,11612,72,11684,-551,0,551
Job_150,4,11321,12417,M4,11616,49,11665,-752,0,752
Job_151,1,11420,12933,M0,11620,13,11633,-1300,0,1300
Job_144,7,10965,12515,M7,11630,89,11719,-796,0,796
Job_146,1,11191,13071,M1,11631,2,11633,-1438,0,1438
Job_146,2,11191,13071,M5,11633,52,11685,-1386,0,1386
Job_153,0,11602,13283,M0,11633,43,11676,-1607,0,1607
Job_145,5,11020,12850,M1,11651,28,11679,-1171,0,1171
Job_149,4,11203,12718,M8,11653,90,11743,-975,0,975
Job_152,2,11520,12521,M2,11653,9,11662,-859,0,859
Job_151,2,11420,12933,M2,11662,61,11723,-1210,0,1210
Job_141,8,10781,12259,M4,11665,26,11691,-568,0,568
Job_154,0,11663,13146,M1,11679,91,11770,-1376,0,1376
Job_146,3,11191,13071,M3,11685,95,11780,-1291,0,1291
Job_150,5,11321,12417,M5,11685,11,11696,-721,0,721
Job_147,3,11196,13228,M4,11691,99,11790,-1438,0,1438
Job_150,6,11321,12417,M6,11696,62,11758,-659,0,659
Job_153,1,11602,13283,M2,11723,90,11813,-1470,0,1470
Job_149,5,11203,12718,M5,11743,10,11753,-965,0,965
Job_149,6,11203,12718,M7,11753,12,11765,-953,0,953
Job_151,3,11420,12933,M6,11758,7,11765,-1168,0,1168
Job_145,6,11020,12850,M6,11765,46,11811,-1039,0,1039
Job_150,7,11321,12417,M7,11765,56,11821,-596,0,596
Job_151,4,11420,12933,M8,11765,64,11829,-1104,0,1104
Job_154,1,11663,13146,M0,11770,85,11855,-1291,0,1291
Job_155,0,11714,13646,M1,11770,81,11851,-1795,0,1795
Job_152,3,11520,12521,M3,11780,36,11816,-705,0,705
Job_144,8,10965,12515,M4,11790,26,11816,-699,0,699
Job_145,7,11020,12850,M5,11811,46,11857,-993,0,993
Job_147,4,11196,13228,M6,11811,9,11820,-1408,0,1408
Job_156,0,11751,13296,M2,11813,14,11827,-1469,0,1469
Job_152,4,11520,12521,M4,11816,49,11865,-656,0,656
Job_149,7,11203,12718,M6,11820,89,11909,-809,0,809
Job_157,0,11819,13081,M2,11827,84,11911,-1170,0,1170
Job_150,8,11321,12417,M8,11829,44,11873,-544,0,544
Job_151,5,11420,12933,M9,11829,76,11905,-1028,0,1028
Job_154,2,11663,13146,M3,11855,39,11894,-1252,0,1252
Job_156,1,11751,13296,M0,11855,6,11861,-1435,0,1435
Job_145,8,11020,12850,M7,11857,72,11929,-921,0,921
Job_158,0,11857,13096,M1,11857,46,11903,-1193,0,1193
Job_152,5,11520,12521,M5,11865,11,11876,-645,0,645
Job_153,2,11602,13283,M4,11865,75,11940,-1343,0,1343
Job_146,4,11191,13071,M8,11873,48,11921,-1150,0,1150
Job_156,2,11751,13296,M1,11903,22,11925,-1371,0,1371
Job_158,1,11857,13096,M0,11903,37,11940,-1156,0,1156
Job_151,6,11420,12933,M5,11905,47,11952,-981,0,981
Job_152,6,11520,12521,M6,11909,62,11971,-550,0,550
Job_155,1,11714,13646,M2,11911,95,12006,-1640,0,1640
Job_146,5,11191,13071,M9,11921,72,11993,-1078,0,1078
Job_157,1,11819,13081,M1,11925,2,11927,-1154,0,1154
Job_134,9,10162,11967,M8,11937,30,11967,0,0,0
Job_158,2,11857,13096,M3,11940,61,12001,-1095,0,1095
Job_157,2,11819,13081,M5,11952,52,12004,-1077,0,1077
Job_147,5,11196,13228,M8,11967,52,12019,-1209,0,1209
Job_152,7,11520,12521,M7,11971,56,12027,-494,0,494
Job_146,6,11191,13071,M0,11993,47,12040,-1031,0,1031
Job_149,8,11203,12718,M9,11993,45,12038,-680,0,680
Job_151,7,11420,12933,M3,12001,52,12053,-880,0,880
Job_156,3,11751,13296,M5,12004,61,12065,-1231,0,1231
Job_159,0,12003,13471,M2,12006,31,12037,-1434,0,1434
Job_147,6,11196,13228,M7,12027,85,12112,-1116,0,1116
Job_152,8,11520,12521,M8,12027,44,12071,-450,0,450
Job_154,3,11663,13146,M2,12037,74,12111,-1035,0,1035
Job_153,3,11602,13283,M9,12038,11,12049,-1234,0,1234
Job_146,7,11191,13071,M6,12040,65,12105,-966,0,966
Job_155,2,11714,13646,M0,12040,71,12111,-1535,0,1535
Job_151,8,11420,12933,M4,12053,90,12143,-790,0,790
Job_157,3,11819,13081,M3,12053,95,12148,-933,0,933
Job_158,3,11857,13096,M2,12111,13,12124,-972,0,972
Job_159,1,12003,13471,M0,12111,86,12197,-1274,0,1274
Job_158,4,11857,13096,M6,12124,32,12156,-940,0,940
Job_155,3,11714,13646,M4,12143,99,12242,-1404,0,1404
Job_136,9,10274,12191,M5,12148,43,12191,0,0,0
Job_153,4,11602,13283,M3,12148,69,12217,-1066,0,1066
Job_138,9,10379,12197,M7,12172,25,12197,0,0,0
Job_148,9,11202,12235,M6,12182,53,12235,0,0,0
Job_141,9,10781,12259,M8,12185,74,12259,0,0,0
Job_158,5,11857,13096,M5,12191,21,12212,-884,0,884
Job_159,2,12003,13471,M1,12197,46,12243,-1228,0,1228
Job_158,6,11857,13096,M9,12212,32,12244,-852,0,852
Job_156,4,11751,13296,M3,12217,26,12243,-1053,0,1053
Job_160,0,12221,14080,M0,12221,76,12297,-1783,0,1783
Job_146,8,11191,13071,M4,12242,6,12248,-823,0,823
Job_155,4,11714,13646,M6,12242,9,12251,-1395,0,1395
Job_153,5,11602,13283,M1,12243,28,12271,-1012,0,1012
Job_159,3,12003,13471,M5,12243,74,12317,-1154,0,1154
Job_142,9,10813,12291,M7,12246,45,12291,0,0,0
Job_156,5,11751,13296,M4,12248,69,12317,-979,0,979
Job_157,4,11819,13081,M8,12259,48,12307,-774,0,774
Job_153,6,11602,13283,M6,12271,46,12317,-966,0,966
Job_161,0,12253,13726,M1,12271,85,12356,-1370,0,1370
Job_140,9,10563,12361,M3,12282,79,12361,0,0,0
Job_154,4,11663,13146,M8,12307,90,12397,-749,0,749
Job_157,5,11819,13081,M9,12307,72,12379,-702,0,702
Job_153,7,11602,13283,M5,12317,46,12363,-920,0,920
Job_159,4,12003,13471,M4,12317,32,12349,-1122,0,1122
Job_159,5,12003,13471,M6,12349,88,12437,-1034,0,1034
Job_160,1,12221,14080,M1,12356,69,12425,-1655,0,1655
Job_161,1,12253,13726,M0,12356,13,12369,-1357,0,1357
Job_162,0,12356,13498,M2,12356,31,12387,-1111,0,1111
Job_147,7,11196,13228,M3,12361,98,12459,-769,0,769
Job_153,8,11602,13283,M7,12363,72,12435,-848,0,848
Job_157,6,11819,13081,M0,12379,47,12426,-655,0,655
Job_161,2,12253,13726,M2,12387,61,12448,-1278,0,1278
Job_150,9,11321,12417,M9,12396,21,12417,0,0,0
Job_154,5,11663,13146,M5,12397,10,12407,-739,0,739
Job_156,6,11751,13296,M8,12397,21,12418,-878,0,878
Job_162,1,12356,13498,M0,12426,86,12512,-986,0,986
Job_154,6,11663,13146,M7,12435,12,12447,-699,0,699
Job_157,7,11819,13081,M6,12437,65,12502,-579,0,579
Job_144,9,10965,12515,M8,12441,74,12515,0,0,0
Job_156,7,11751,13296,M7,12447,49,12496,-800,0,800
Job_147,8,11196,13228,M9,12459,22,12481,-747,0,747
Job_143,9,10916,12560,M3,12481,79,12560,0,0,0
Job_135,9,10223,12521,M4,12488,33,12521,0,0,0
Job_152,9,11520,12521,M9,12500,21,12521,0,0,0
Job_154,7,11663,13146,M6,12502,89,12591,-555,0,555
Job_162,2,12356,13498,M1,12512,46,12558,-940,0,940
Job_164,0,12460,13774,M0,12512,43,12555,-1219,0,1219
Job_158,7,11857,13096,M8,12515,89,12604,-492,0,492
Job_156,8,11751,13296,M9,12521,72,12593,-703,0,703
Job_157,8,11819,13081,M4,12521,6,12527,-554,0,554
Job_163,0,12405,14014,M0,12555,76,12631,-1383,0,1383
Job_164,1,12460,13774,M2,12555,90,12645,-1129,0,1129
Job_162,3,12356,13498,M5,12558,74,12632,-866,0,866
Job_160,2,12221,14080,M3,12560,76,12636,-1444,0,1444
Job_161,3,12253,13726,M6,12591,7,12598,-1128,0,1128
Job_154,8,11663,13146,M9,12593,45,12638,-508,0,508
Job_155,5,11714,13646,M8,12604,52,12656,-990,0,990
Job_158,8,11857,13096,M7,12604,30,12634,-462,0,462
Job_163,1,12405,14014,M1,12631,69,12700,-1314,0,1314
Job_162,4,12356,13498,M4,12632,32,12664,-834,0,834
Job_160,3,12221,14080,M5,12636,51,12687,-1393,0,1393
Job_167,0,12642,13811,M2,12645,14,12659,-1152,0,1152
Job_155,6,11714,13646,M7,12656,85,12741,-905,0,905
Job_159,6,12003,13471,M8,12656,19,12675,-796,0,796
Job_165,0,12631,14326,M2,12659,84,12743,-1583,0,1583
Job_167,1,12642,13811,M0,12659,6,12665,-1146,0,1146
Job_162,5,12356,13498,M6,12664,88,12752,-746,0,746
Job_159,7,12003,13471,M9,12675,48,12723,-748,0,748
Job_161,4,12253,13726,M8,12675,64,12739,-987,0,987
Job_149,9,11203,12718,M4,12685,33,12718,0,0,0
Job_163,2,12405,14014,M3,12700,76,12776,-1238,0,1238
Job_168,0,12643,14337,M1,12700,91,12791,-1546,0,1546
Job_164,2,12460,13774,M4,12718,75,12793,-981,0,981
Job_161,5,12253,13726,M9,12739,76,12815,-911,0,911
Job_159,8,12003,13471,M7,12741,36,12777,-694,0,694
Job_160,4,12221,14080,M2,12743,85,12828,-1252,0,1252
Job_162,6,12356,13498,M8,12752,19,12771,-727,0,727
Job_169,0,12761,13920,M0,12761,29,12790,-1130,0,1130
Job_155,7,11714,13646,M3,12776,98,12874,-772,0,772
Job_163,3,12405,14014,M5,12776,51,12827,-1187,0,1187
Job_167,2,12642,13811,M1,12791,22,12813,-998,0,998
Job_168,1,12643,14337,M0,12791,85,12876,-1461,0,1461
Job_169,1,12761,13920,M1,12813,78,12891,-1029,0,1029
Job_162,7,12356,13498,M9,12815,48,12863,-635,0,635
Job_145,9,11020,12850,M8,12820,30,12850,0,0,0
Job_167,3,12642,13811,M5,12827,61,12888,-923,0,923
Job_163,4,12405,14014,M2,12828,85,12913,-1101,0,1101
Job_164,3,12460,13774,M9,12863,11,12874,-900,0,900
Job_155,8,11714,13646,M9,12874,22,12896,-750,0,750
Job_164,4,12460,13774,M3,12874,69,12943,-831,0,831
Job_151,9,11420,12933,M7,12888,45,12933,0,0,0
Job_161,6,12253,13726,M5,12888,47,12935,-791,0,791
Job_170,0,12860,14156,M1,12891,85,12976,-1180,0,1180
Job_160,5,12221,14080,M9,12896,11,12907,-1173,0,1173
Job_160,6,12221,14080,M6,12907,40,12947,-1133,0,1133
Job_163,5,12405,14014,M9,12913,11,12924,-1090,0,1090
Job_169,2,12761,13920,M2,12913,9,12922,-998,0,998
Job_162,8,12356,13498,M7,12933,36,12969,-529,0,529
Job_167,4,12642,13811,M3,12943,26,12969,-842,0,842
Job_163,6,12405,14014,M6,12947,40,12987,-1027,0,1027
Job_161,7,12253,13726,M3,12969,52,13021,-705,0,705
Job_167,5,12642,13811,M4,12969,69,13038,-773,0,773
Job_165,1,12631,14326,M1,12976,2,12978,-1348,0,1348
Job_170,1,12860,14156,M0,12976,13,12989,-1167,0,1167
Job_165,2,12631,14326,M5,12978,52,13030,-1296,0,1296
Job_166,0,12636,14531,M1,12978,81,13059,-1472,0,1472
Job_170,2,12860,14156,M2,12989,61,13050,-1106,0,1106
Job_169,3,12761,13920,M3,13021,36,13057,-863,0,863
Job_146,9,11191,13071,M7,13031,25,13056,-15,0,15
Job_167,6,12642,13811,M8,13038,21,13059,-752,0,752
Job_158,9,11857,13096,M4,13041,55,13096,0,0,0
Job_170,3,12860,14156,M6,13050,7,13057,-1099,0,1099
Job_157,9,11819,13081,M7,13056,25,13081,0,0,0
Job_168,2,12643,14337,M3,13057,39,13096,-1241,0,1241
Job_164,5,12460,13774,M1,13059,28,13087,-687,0,687
Job_166,1,12636,14531,M2,13059,95,13154,-1377,0,1377
Job_170,4,12860,14156,M8,13059,64,13123,-1033,0,1033
Job_160,7,12221,14080,M7,13081,89,13170,-910,0,910
Job_164,6,12460,13774,M6,13087,46,13133,-641,0,641
Job_165,3,12631,14326,M3,13096,95,13191,-1135,0,1135
Job_154,9,11663,13146,M4,13113,33,13146,0,0,0
Job_170,5,12860,14156,M9,13123,76,13199,-957,0,957
Job_164,7,12460,13774,M5,13133,46,13179,-595,0,595
Job_161,8,12253,13726,M4,13146,90,13236,-490,0,490
Job_166,2,12636,14531,M0,13154,71,13225,-1306,0,1306
Job_168,3,12643,14337,M2,13154,74,13228,-1109,0,1109
Job_167,7,12642,13811,M7,13170,49,13219,-592,0,592
Job_147,9,11196,13228,M5,13185,43,13228,0,0,0
Job_165,4,12631,14326,M8,13191,48,13239,-1087,0,1087
Job_164,8,12460,13774,M7,13219,72,13291,-483,0,483
Job_167,8,12642,13811,M9,13219,72,13291,-520,0,520
Job_170,6,12860,14156,M5,13228,47,13275,-881,0,881
Job_169,4,12761,13920,M4,13236,49,13285,-635,0,635
Job_156,9,11751,13296,M6,13243,53,13296,0,0,0
Job_153,9,11602,13283,M8,13253,30,13283,0,0,0
Job_170,7,12860,14156,M3,13275,52,13327,-829,0,829
Job_168,4,12643,14337,M8,13283,90,13373,-964,0,964
Job_160,8,12221,14080,M4,13285,26,13311,-769,0,769
Job_169,5,12761,13920,M5,13285,11,13296,-624,0,624
Job_163,7,12405,14014,M7,13291,89,13380,-634,0,634
Job_165,5,12631,14326,M9,13291,72,13363,-963,0,963
Job_169,6,12761,13920,M6,13296,62,13358,-562,0,562
Job_170,8,12860,14156,M4,13327,90,13417,-739,0,739
Job_159,9,12003,13471,M3,13340,79,13419,-52,0,52
Job_165,6,12631,14326,M0,13363,47,13410,-916,0,916
Job_168,5,12643,14337,M5,13373,10,13383,-954,0,954
Job_168,6,12643,14337,M7,13383,12,13395,-942,0,942
Job_168,7,12643,14337,M6,13395,89,13484,-853,0,853
Job_169,7,12761,13920,M7,13395,56,13451,-469,0,469
Job_166,3,12636,14531,M4,13417,99,13516,-1015,0,1015
Job_162,9,12356,13498,M3,13419,79,13498,0,0,0
Job_169,8,12761,13920,M8,13451,44,13495,-425,0,425
Job_165,7,12631,14326,M6,13484,65,13549,-777,0,777
Job_168,8,12643,14337,M9,13484,45,13529,-808,0,808
Job_163,8,12405,14014,M4,13516,26,13542,-472,0,472
Job_165,8,12631,14326,M4,13549,6,13555,-771,0,771
Job_166,4,12636,14531,M6,13549,9,13558,-973,0,973
Job_166,5,12636,14531,M8,13558,52,13610,-921,0,921
Job_155,9,11714,13646,M5,13603,43,13646,0,0,0
Job_161,9,12253,13726,M7,13681,45,13726,0,0,0
Job_166,6,12636,14531,M7,13726,85,13811,-720,0,720
Job_164,9,12460,13774,M8,13744,30,13774,0,0,0
Job_167,9,12642,13811,M6,13758,53,13811,0,0,0
Job_166,7,12636,14531,M3,13811,98,13909,-622,0,622
Job_169,9,12761,13920,M9,13899,21,13920,0,0,0
Job_166,8,12636,14531,M9,13920,22,13942,-589,0,589
Job_163,9,12405,14014,M8,13932,74,14006,-8,0,8
Job_160,9,12221,14080,M8,14006,74,14080,0,0,0
Job_170,9,12860,14156,M7,14111,45,14156,0,0,0
Job_165,9,12631,14326,M7,14301,25,14326,0,0,0
Job_168,9,12643,14337,M4,14304,33,14337,0,0,0
Job_166,9,12636,14531,M5,14488,43,14531,0,0,0
