Job,Operation,Arrival,Deadline,Machine,Start,Processing Time,End,Lateness,Tardiness,Earliness
Job_137,0,10321,12330,M2,11520,14,11534,-796,0,796
Job_137,1,10321,12330,M0,11534,6,11540,-790,0,790
Job_146,0,11240,13551,M2,11534,84,11618,-1933,0,1933
Job_137,2,10321,12330,M1,11540,22,11562,-768,0,768
Job_125,5,9564,12171,M9,11547,11,11558,-613,0,613
Job_127,6,9800,12111,M0,11547,47,11594,-517,0,517
Job_123,8,9404,11845,M4,11554,90,11644,-201,0,201
Job_125,6,9564,12171,M6,11558,40,11598,-573,0,573
Job_136,0,10283,13061,M1,11562,81,11643,-1418,0,1418
Job_137,3,10321,12330,M5,11562,61,11623,-707,0,707
Job_121,6,9144,11582,M8,11576,19,11595,13,13,0
Job_132,5,10038,12479,M9,11576,76,11652,-827,0,827
Job_133,0,10080,12095,M0,11594,29,11623,-472,0,472
Job_131,8,9935,11950,M8,11595,44,11639,-311,0,311
Job_128,4,9805,12582,M6,11598,9,11607,-975,0,975
Job_127,7,9800,12111,M6,11607,65,11672,-439,0,439
Job_140,0,10584,13022,M2,11618,31,11649,-1373,0,1373
Job_137,4,10321,12330,M3,11623,26,11649,-681,0,681
Job_141,0,10811,13419,M0,11623,76,11699,-1720,0,1720
Job_128,5,9805,12582,M8,11641,52,11693,-889,0,889
Job_133,1,10080,12095,M1,11643,78,11721,-374,0,374
Job_137,5,10321,12330,M4,11649,69,11718,-612,0,612
Job_143,0,10952,13390,M2,11649,31,11680,-1710,0,1710
Job_117,7,8843,11621,M3,11650,98,11748,127,127,0
Job_125,7,9564,12171,M7,11650,89,11739,-432,0,432
Job_132,6,10038,12479,M5,11652,47,11699,-780,0,780
Job_121,7,9144,11582,M9,11653,48,11701,119,119,0
Job_130,7,9812,12335,M6,11674,89,11763,-572,0,572
Job_148,0,11251,13261,M2,11680,14,11694,-1567,0,1567
Job_126,7,9621,11974,M5,11699,46,11745,-229,0,229
Job_134,0,10166,12518,M0,11699,43,11742,-776,0,776
Job_137,6,10321,12330,M8,11718,21,11739,-591,0,591
Job_133,2,10080,12095,M2,11721,9,11730,-365,0,365
Job_142,0,10844,13285,M1,11721,85,11806,-1479,0,1479
Job_121,8,9144,11582,M7,11739,36,11775,193,193,0
Job_125,8,9564,12171,M4,11739,26,11765,-406,0,406
Job_134,1,10166,12518,M2,11742,90,11832,-686,0,686
Job_140,1,10584,13022,M0,11742,86,11828,-1194,0,1194
Job_117,8,8843,11621,M9,11748,22,11770,149,149,0
Job_133,3,10080,12095,M3,11748,36,11784,-311,0,311
Job_129,9,9811,11821,M6,11768,53,11821,0,0,0
Job_117,9,8843,11621,M5,11770,43,11813,192,192,0
Job_130,8,9812,12335,M9,11770,45,11815,-520,0,520
Job_123,9,9404,11845,M7,11775,45,11820,-25,0,25
Job_121,9,9144,11582,M3,11784,79,11863,281,281,0
Job_133,4,10080,12095,M4,11784,49,11833,-262,0,262
Job_139,0,10431,12509,M1,11806,46,11852,-657,0,657
Job_124,8,9512,11950,M7,11820,36,11856,-94,0,94
Job_142,1,10844,13285,M0,11828,13,11841,-1444,0,1444
Job_136,1,10283,13061,M2,11832,95,11927,-1134,0,1134
Job_133,5,10080,12095,M5,11833,11,11844,-251,0,251
Job_134,2,10166,12518,M4,11833,75,11908,-610,0,610
Job_148,1,11251,13261,M0,11841,6,11847,-1414,0,1414
Job_133,6,10080,12095,M6,11844,62,11906,-189,0,189
Job_150,0,11375,13390,M0,11847,29,11876,-1514,0,1514
Job_140,2,10584,13022,M1,11852,46,11898,-1124,0,1124
Job_126,8,9621,11974,M7,11856,72,11928,-46,0,46
Job_124,9,9512,11950,M3,11863,79,11942,-8,0,8
Job_122,9,9371,11979,M8,11870,74,11944,-35,0,35
Job_139,1,10431,12509,M0,11876,37,11913,-596,0,596
Job_140,3,10584,13022,M5,11898,74,11972,-1050,0,1050
Job_148,2,11251,13261,M1,11898,22,11920,-1341,0,1341
Job_134,3,10166,12518,M9,11908,11,11919,-599,0,599
Job_135,0,10229,12752,M1,11920,91,12011,-741,0,741
Job_136,2,10283,13061,M0,11927,71,11998,-1063,0,1063
Job_138,0,10392,12704,M2,11927,84,12011,-693,0,693
Job_133,7,10080,12095,M7,11928,56,11984,-111,0,111
Job_131,9,9935,11950,M9,11929,21,11950,0,0,0
Job_139,2,10431,12509,M3,11942,61,12003,-506,0,506
Job_126,9,9621,11974,M8,11944,30,11974,0,0,0
Job_140,4,10584,13022,M4,11972,32,12004,-1018,0,1018
Job_128,6,9805,12582,M7,11984,85,12069,-513,0,513
Job_133,8,10080,12095,M8,11990,44,12034,-61,0,61
Job_144,0,11004,13611,M0,11998,76,12074,-1537,0,1537
Job_134,4,10166,12518,M3,12003,69,12072,-446,0,446
Job_138,1,10392,12704,M1,12011,2,12013,-691,0,691
Job_139,3,10431,12509,M2,12011,13,12024,-485,0,485
Job_138,2,10392,12704,M5,12013,52,12065,-639,0,639
Job_147,0,11245,14022,M1,12013,81,12094,-1928,0,1928
Job_139,4,10431,12509,M6,12024,32,12056,-453,0,453
Job_142,2,10844,13285,M2,12024,61,12085,-1200,0,1200
Job_140,5,10584,13022,M6,12056,88,12144,-878,0,878
Job_139,5,10431,12509,M5,12065,21,12086,-423,0,423
Job_128,7,9805,12582,M3,12072,98,12170,-412,0,412
Job_133,9,10080,12095,M9,12074,21,12095,0,0,0
Job_135,1,10229,12752,M0,12074,85,12159,-593,0,593
Job_127,8,9800,12111,M4,12080,6,12086,-25,0,25
Job_127,9,9800,12111,M7,12086,25,12111,0,0,0
Job_136,3,10283,13061,M4,12086,99,12185,-876,0,876
Job_148,3,11251,13261,M5,12086,61,12147,-1114,0,1114
Job_146,1,11240,13551,M1,12094,2,12096,-1455,0,1455
Job_147,1,11245,14022,M2,12094,95,12189,-1833,0,1833
Job_139,6,10431,12509,M9,12095,32,12127,-382,0,382
Job_134,5,10166,12518,M1,12096,28,12124,-394,0,394
Job_125,9,9564,12171,M8,12097,74,12171,0,0,0
Job_137,7,10321,12330,M7,12111,49,12160,-170,0,170
Job_150,1,11375,13390,M1,12124,78,12202,-1188,0,1188
Job_142,3,10844,13285,M6,12144,7,12151,-1134,0,1134
Job_146,2,11240,13551,M5,12147,52,12199,-1352,0,1352
Job_145,0,11061,13414,M0,12159,43,12202,-1212,0,1212
Job_128,8,9805,12582,M9,12170,22,12192,-390,0,390
Job_142,4,10844,13285,M8,12171,64,12235,-1050,0,1050
Job_135,2,10229,12752,M3,12178,39,12217,-535,0,535
Job_136,4,10283,13061,M6,12185,9,12194,-867,0,867
Job_134,6,10166,12518,M6,12194,46,12240,-278,0,278
Job_137,8,10321,12330,M9,12200,72,12272,-58,0,58
Job_143,1,10952,13390,M0,12202,86,12288,-1102,0,1102
Job_144,1,11004,13611,M1,12202,69,12271,-1340,0,1340
Job_150,2,11375,13390,M2,12202,9,12211,-1179,0,1179
Job_135,3,10229,12752,M2,12217,74,12291,-461,0,461
Job_150,3,11375,13390,M3,12217,36,12253,-1137,0,1137
Job_140,6,10584,13022,M8,12235,19,12254,-768,0,768
Job_134,7,10166,12518,M5,12240,46,12286,-232,0,232
Job_148,4,11251,13261,M3,12253,26,12279,-982,0,982
Job_150,4,11375,13390,M4,12253,49,12302,-1088,0,1088
Job_139,7,10431,12509,M8,12254,89,12343,-166,0,166
Job_151,0,11478,13919,M1,12271,85,12356,-1563,0,1563
Job_137,9,10321,12330,M6,12277,53,12330,0,0,0
Job_134,8,10166,12518,M7,12286,72,12358,-160,0,160
Job_147,2,11245,14022,M0,12288,71,12359,-1663,0,1663
Job_145,1,11061,13414,M2,12291,90,12381,-1033,0,1033
Job_132,7,10038,12479,M3,12292,52,12344,-135,0,135
Job_130,9,9812,12335,M4,12302,33,12335,0,0,0
Job_150,5,11375,13390,M5,12302,11,12313,-1077,0,1077
Job_140,7,10584,13022,M9,12312,48,12360,-662,0,662
Job_150,6,11375,13390,M6,12330,62,12392,-998,0,998
Job_135,4,10229,12752,M8,12343,90,12433,-319,0,319
Job_132,8,10038,12479,M4,12344,90,12434,-45,0,45
Job_138,3,10392,12704,M3,12344,95,12439,-265,0,265
Job_141,1,10811,13419,M1,12356,69,12425,-994,0,994
Job_139,8,10431,12509,M7,12358,30,12388,-121,0,121
Job_151,1,11478,13919,M0,12359,13,12372,-1547,0,1547
Job_142,5,10844,13285,M9,12360,76,12436,-849,0,849
Job_151,2,11478,13919,M2,12381,61,12442,-1477,0,1477
Job_140,8,10584,13022,M7,12388,36,12424,-598,0,598
Job_149,0,11252,13775,M1,12425,91,12516,-1259,0,1259
Job_135,5,10229,12752,M5,12433,10,12443,-309,0,309
Job_132,9,10038,12479,M7,12434,45,12479,0,0,0
Job_138,4,10392,12704,M8,12439,48,12487,-217,0,217
Job_141,2,10811,13419,M3,12439,76,12515,-904,0,904
Job_151,3,11478,13919,M6,12442,7,12449,-1470,0,1470
Job_142,6,10844,13285,M5,12443,47,12490,-795,0,795
Job_139,9,10431,12509,M4,12454,55,12509,0,0,0
Job_135,6,10229,12752,M7,12479,12,12491,-261,0,261
Job_138,5,10392,12704,M9,12487,72,12559,-145,0,145
Job_134,9,10166,12518,M8,12488,30,12518,0,0,0
Job_135,7,10229,12752,M6,12491,89,12580,-172,0,172
Job_150,7,11375,13390,M7,12491,56,12547,-843,0,843
Job_145,2,11061,13414,M4,12509,75,12584,-830,0,830
Job_142,7,10844,13285,M3,12515,52,12567,-718,0,718
Job_143,2,10952,13390,M1,12516,46,12562,-828,0,828
Job_136,5,10283,13061,M8,12518,52,12570,-491,0,491
Job_128,9,9805,12582,M5,12539,43,12582,0,0,0
Job_138,6,10392,12704,M0,12559,47,12606,-98,0,98
Job_136,6,10283,13061,M7,12570,85,12655,-406,0,406
Job_151,4,11478,13919,M8,12570,64,12634,-1285,0,1285
Job_141,3,10811,13419,M5,12582,51,12633,-786,0,786
Job_145,3,11061,13414,M9,12584,11,12595,-819,0,819
Job_148,5,11251,13261,M4,12584,69,12653,-608,0,608
Job_135,8,10229,12752,M9,12595,45,12640,-112,0,112
Job_145,4,11061,13414,M3,12595,69,12664,-750,0,750
Job_138,7,10392,12704,M6,12606,65,12671,-33,0,33
Job_149,1,11252,13775,M0,12606,85,12691,-1084,0,1084
Job_141,4,10811,13419,M2,12633,85,12718,-701,0,701
Job_143,3,10952,13390,M5,12633,74,12707,-683,0,683
Job_151,5,11478,13919,M9,12640,76,12716,-1203,0,1203
Job_148,6,11251,13261,M8,12653,21,12674,-587,0,587
Job_136,7,10283,13061,M3,12664,98,12762,-299,0,299
Job_145,5,11061,13414,M1,12664,28,12692,-722,0,722
Job_138,8,10392,12704,M4,12671,6,12677,-27,0,27
Job_150,8,11375,13390,M8,12674,44,12718,-672,0,672
Job_138,9,10392,12704,M7,12679,25,12704,0,0,0
Job_145,6,11061,13414,M6,12692,46,12738,-676,0,676
Job_148,7,11251,13261,M7,12704,49,12753,-508,0,508
Job_141,5,10811,13419,M9,12718,11,12729,-690,0,690
Job_135,9,10229,12752,M4,12719,33,12752,0,0,0
Job_141,6,10811,13419,M6,12738,40,12778,-641,0,641
Job_145,7,11061,13414,M5,12738,46,12784,-630,0,630
Job_142,8,10844,13285,M4,12752,90,12842,-443,0,443
Job_136,8,10283,13061,M9,12762,22,12784,-277,0,277
Job_144,2,11004,13611,M3,12762,76,12838,-773,0,773
Job_145,8,11061,13414,M7,12784,72,12856,-558,0,558
Job_148,8,11251,13261,M9,12784,72,12856,-405,0,405
Job_144,3,11004,13611,M5,12838,51,12889,-722,0,722
Job_149,2,11252,13775,M3,12838,39,12877,-898,0,898
Job_143,4,10952,13390,M4,12842,32,12874,-516,0,516
Job_141,7,10811,13419,M7,12856,89,12945,-474,0,474
Job_143,5,10952,13390,M6,12874,88,12962,-428,0,428
Job_149,3,11252,13775,M2,12877,74,12951,-824,0,824
Job_140,9,10584,13022,M3,12943,79,13022,0,0,0
Job_141,8,10811,13419,M4,12945,26,12971,-448,0,448
Job_144,4,11004,13611,M2,12951,85,13036,-575,0,575
Job_149,4,11252,13775,M8,12951,90,13041,-734,0,734
Job_136,9,10283,13061,M5,13018,43,13061,0,0,0
Job_146,3,11240,13551,M3,13022,95,13117,-434,0,434
Job_144,5,11004,13611,M9,13036,11,13047,-564,0,564
Job_143,6,10952,13390,M8,13041,19,13060,-330,0,330
Job_144,6,11004,13611,M6,13047,40,13087,-524,0,524
Job_143,7,10952,13390,M9,13060,48,13108,-282,0,282
Job_149,5,11252,13775,M5,13061,10,13071,-704,0,704
Job_149,6,11252,13775,M7,13071,12,13083,-692,0,692
Job_144,7,11004,13611,M7,13087,89,13176,-435,0,435
Job_149,7,11252,13775,M6,13087,89,13176,-599,0,599
Job_146,4,11240,13551,M8,13117,48,13165,-386,0,386
Job_146,5,11240,13551,M9,13165,72,13237,-314,0,314
Job_143,8,10952,13390,M7,13176,36,13212,-178,0,178
Job_144,8,11004,13611,M4,13176,26,13202,-409,0,409
Job_148,9,11251,13261,M6,13208,53,13261,0,0,0
Job_146,6,11240,13551,M0,13237,47,13284,-267,0,267
Job_142,9,10844,13285,M7,13240,45,13285,0,0,0
Job_146,7,11240,13551,M6,13284,65,13349,-202,0,202
Job_141,9,10811,13419,M8,13310,74,13384,-35,0,35
Job_143,9,10952,13390,M3,13311,79,13390,0,0,0
Job_146,8,11240,13551,M4,13349,6,13355,-196,0,196
Job_150,9,11375,13390,M9,13369,21,13390,0,0,0
Job_145,9,11061,13414,M8,13384,30,13414,0,0,0
Job_146,9,11240,13551,M7,13526,25,13551,0,0,0
Job_144,9,11004,13611,M8,13537,74,13611,0,0,0
Job_147,3,11245,14022,M4,13614,99,13713,-309,0,309
Job_151,6,11478,13919,M5,13685,47,13732,-187,0,187
Job_149,8,11252,13775,M9,13697,45,13742,-33,0,33
Job_147,4,11245,14022,M6,13713,9,13722,-300,0,300
Job_147,5,11245,14022,M8,13722,52,13774,-248,0,248
Job_151,7,11478,13919,M3,13732,52,13784,-135,0,135
Job_149,9,11252,13775,M4,13742,33,13775,0,0,0
Job_147,6,11245,14022,M7,13774,85,13859,-163,0,163
Job_151,8,11478,13919,M4,13784,90,13874,-45,0,45
Job_147,7,11245,14022,M3,13859,98,13957,-65,0,65
Job_151,9,11478,13919,M7,13874,45,13919,0,0,0
Job_147,8,11245,14022,M9,13957,22,13979,-43,0,43
Job_147,9,11245,14022,M5,13979,43,14022,0,0,0
