Job,Operation,Arrival,Deadline,Machine,Start,Processing Time,End,Lateness,Tardiness,Earliness
Job_075,9,5632,7334,M7,7200,45,7245,-89,0,89
Job_080,9,5986,7225,M6,7225,53,7278,53,53,0
Job_088,3,6681,8288,M9,7233,11,7244,-1044,0,1044
Job_087,3,6627,8508,M5,7237,51,7288,-1220,0,1220
Job_081,8,6053,7616,M4,7240,6,7246,-370,0,370
Job_076,9,5760,7004,M9,7244,21,7265,261,261,0
Job_088,4,6681,8288,M3,7244,69,7313,-975,0,975
Job_077,8,5840,7447,M7,7245,72,7317,-130,0,130
Job_091,5,6859,8098,M4,7246,69,7315,-783,0,783
Job_093,2,6976,8220,M2,7247,9,7256,-964,0,964
Job_095,0,7200,8444,M0,7247,29,7276,-1168,0,1168
Job_084,4,6447,8327,M2,7256,85,7341,-986,0,986
Job_089,1,6848,8411,M1,7261,2,7263,-1148,0,1148
Job_083,7,6233,7931,M9,7265,48,7313,-618,0,618
Job_092,1,6860,8650,M0,7276,85,7361,-1289,0,1289
Job_095,1,7200,8444,M1,7276,78,7354,-1090,0,1090
Job_089,2,6848,8411,M5,7288,52,7340,-1071,0,1071
Job_093,3,6976,8220,M3,7313,36,7349,-871,0,871
Job_082,9,6090,7401,M4,7315,55,7370,-31,0,31
Job_091,6,6859,8098,M8,7315,21,7336,-762,0,762
Job_083,8,6233,7931,M7,7317,36,7353,-578,0,578
Job_086,3,6579,8277,M5,7340,74,7414,-863,0,863
Job_084,5,6447,8327,M9,7341,11,7352,-975,0,975
Job_094,2,7072,8774,M2,7341,61,7402,-1372,0,1372
Job_089,3,6848,8411,M3,7349,95,7444,-967,0,967
Job_091,7,6859,8098,M7,7353,49,7402,-696,0,696
Job_088,5,6681,8288,M1,7354,28,7382,-906,0,906
Job_084,6,6447,8327,M6,7359,40,7399,-928,0,928
Job_096,0,7280,8887,M0,7361,43,7404,-1483,0,1483
Job_093,4,6976,8220,M4,7370,49,7419,-801,0,801
Job_097,0,7340,9129,M1,7382,91,7473,-1656,0,1656
Job_079,6,5951,8014,M7,7402,85,7487,-527,0,527
Job_091,8,6859,8098,M9,7402,72,7474,-624,0,624
Job_094,3,7072,8774,M6,7402,7,7409,-1365,0,1365
Job_095,2,7200,8444,M2,7402,9,7411,-1033,0,1033
Job_088,6,6681,8288,M6,7409,46,7455,-833,0,833
Job_071,9,5413,7477,M5,7414,43,7457,-20,0,20
Job_077,9,5840,7447,M8,7417,30,7447,0,0,0
Job_086,4,6579,8277,M4,7419,32,7451,-826,0,826
Job_099,0,7426,8665,M2,7426,14,7440,-1225,0,1225
Job_087,4,6627,8508,M2,7440,85,7525,-983,0,983
Job_099,1,7426,8665,M0,7440,6,7446,-1219,0,1219
Job_092,2,6860,8650,M3,7444,39,7483,-1167,0,1167
Job_089,4,6848,8411,M8,7447,48,7495,-916,0,916
Job_090,3,6853,8917,M4,7451,99,7550,-1367,0,1367
Job_086,5,6579,8277,M6,7455,88,7543,-734,0,734
Job_085,6,6478,8179,M5,7457,47,7504,-675,0,675
Job_097,1,7340,9129,M0,7473,85,7558,-1571,0,1571
Job_099,2,7426,8665,M1,7473,22,7495,-1170,0,1170
Job_095,3,7200,8444,M3,7483,36,7519,-925,0,925
Job_084,7,6447,8327,M7,7487,89,7576,-751,0,751
Job_089,5,6848,8411,M9,7495,72,7567,-844,0,844
Job_094,4,7072,8774,M8,7495,64,7559,-1215,0,1215
Job_098,0,7391,9454,M1,7495,81,7576,-1878,0,1878
Job_093,5,6976,8220,M5,7504,11,7515,-705,0,705
Job_099,3,7426,8665,M5,7515,61,7576,-1089,0,1089
Job_085,7,6478,8179,M3,7519,52,7571,-608,0,608
Job_092,3,6860,8650,M2,7525,74,7599,-1051,0,1051
Job_093,6,6976,8220,M6,7543,62,7605,-615,0,615
Job_086,6,6579,8277,M8,7559,19,7578,-699,0,699
Job_087,5,6627,8508,M9,7567,11,7578,-930,0,930
Job_089,6,6848,8411,M0,7567,47,7614,-797,0,797
Job_097,2,7340,9129,M3,7571,39,7610,-1519,0,1519
Job_084,8,6447,8327,M4,7576,26,7602,-725,0,725
Job_088,7,6681,8288,M5,7576,46,7622,-666,0,666
Job_101,0,7530,8841,M1,7576,46,7622,-1219,0,1219
Job_094,5,7072,8774,M9,7578,76,7654,-1120,0,1120
Job_081,9,6053,7616,M7,7591,25,7616,0,0,0
Job_092,4,6860,8650,M8,7599,90,7689,-961,0,961
Job_100,0,7493,9056,M2,7599,84,7683,-1373,0,1373
Job_090,4,6853,8917,M6,7605,9,7614,-1303,0,1303
Job_095,4,7200,8444,M4,7607,49,7656,-788,0,788
Job_099,4,7426,8665,M3,7610,26,7636,-1029,0,1029
Job_089,7,6848,8411,M6,7614,65,7679,-732,0,732
Job_093,7,6976,8220,M7,7616,56,7672,-548,0,548
Job_101,1,7530,8841,M0,7622,37,7659,-1182,0,1182
Job_079,7,5951,8014,M3,7636,98,7734,-280,0,280
Job_086,7,6579,8277,M9,7654,48,7702,-575,0,575
Job_094,6,7072,8774,M5,7654,47,7701,-1073,0,1073
Job_078,9,5900,7689,M4,7656,33,7689,0,0,0
Job_088,8,6681,8288,M7,7672,72,7744,-544,0,544
Job_087,6,6627,8508,M6,7679,40,7719,-789,0,789
Job_100,1,7493,9056,M1,7683,2,7685,-1371,0,1371
Job_089,8,6848,8411,M4,7689,6,7695,-716,0,716
Job_090,5,6853,8917,M8,7689,52,7741,-1176,0,1176
Job_102,0,7673,9371,M2,7692,31,7723,-1648,0,1648
Job_085,8,6478,8179,M4,7695,90,7785,-394,0,394
Job_092,5,6860,8650,M5,7701,10,7711,-939,0,939
Job_100,2,7493,9056,M5,7711,52,7763,-1293,0,1293
Job_098,1,7391,9454,M2,7723,95,7818,-1636,0,1636
Job_102,1,7673,9371,M0,7724,86,7810,-1561,0,1561
Job_079,8,5951,8014,M9,7734,22,7756,-258,0,258
Job_094,7,7072,8774,M3,7734,52,7786,-988,0,988
Job_093,8,6976,8220,M8,7741,44,7785,-435,0,435
Job_092,6,6860,8650,M7,7744,12,7756,-894,0,894
Job_087,7,6627,8508,M7,7756,89,7845,-663,0,663
Job_092,7,6860,8650,M6,7773,89,7862,-788,0,788
Job_094,8,7072,8774,M4,7786,90,7876,-898,0,898
Job_101,2,7530,8841,M3,7786,61,7847,-994,0,994
Job_102,2,7673,9371,M1,7810,46,7856,-1515,0,1515
Job_096,1,7280,8887,M2,7818,90,7908,-979,0,979
Job_098,2,7391,9454,M0,7819,71,7890,-1564,0,1564
Job_090,6,6853,8917,M7,7845,85,7930,-987,0,987
Job_083,9,6233,7931,M3,7852,79,7931,0,0,0
Job_092,8,6860,8650,M9,7862,45,7907,-743,0,743
Job_087,8,6627,8508,M4,7876,26,7902,-606,0,606
Job_095,5,7200,8444,M5,7886,11,7897,-547,0,547
Job_103,0,7887,9767,M0,7890,76,7966,-1801,0,1801
Job_102,3,7673,9371,M5,7897,74,7971,-1400,0,1400
Job_097,3,7340,9129,M2,7908,74,7982,-1147,0,1147
Job_095,6,7200,8444,M6,7918,62,7980,-464,0,464
Job_104,0,7918,9619,M1,7918,85,8003,-1616,0,1616
Job_096,2,7280,8887,M4,7922,75,7997,-890,0,890
Job_086,8,6579,8277,M7,7930,36,7966,-311,0,311
Job_090,7,6853,8917,M3,7931,98,8029,-888,0,888
Job_079,9,5951,8014,M5,7971,43,8014,0,0,0
Job_095,7,7200,8444,M7,7980,56,8036,-408,0,408
Job_097,4,7340,9129,M8,7982,90,8072,-1057,0,1057
Job_101,3,7530,8841,M2,7982,13,7995,-846,0,846
Job_101,4,7530,8841,M6,7995,32,8027,-814,0,814
Job_098,3,7391,9454,M4,7997,99,8096,-1358,0,1358
Job_103,1,7887,9767,M1,8003,69,8072,-1695,0,1695
Job_104,1,7918,9619,M0,8003,13,8016,-1603,0,1603
Job_105,0,8019,9717,M2,8019,31,8050,-1667,0,1667
Job_101,5,7530,8841,M5,8027,21,8048,-793,0,793
Job_090,8,6853,8917,M9,8029,22,8051,-866,0,866
Job_100,3,7493,9056,M3,8029,95,8124,-932,0,932
Job_091,9,6859,8098,M6,8045,53,8098,0,0,0
Job_104,2,7918,9619,M2,8050,61,8111,-1508,0,1508
Job_105,1,8019,9717,M0,8050,86,8136,-1581,0,1581
Job_096,3,7280,8887,M9,8051,11,8062,-825,0,825
Job_101,6,7530,8841,M9,8062,32,8094,-747,0,747
Job_095,8,7200,8444,M8,8072,44,8116,-328,0,328
Job_097,5,7340,9129,M5,8072,10,8082,-1047,0,1047
Job_097,6,7340,9129,M7,8082,12,8094,-1035,0,1035
Job_102,4,7673,9371,M4,8096,32,8128,-1243,0,1243
Job_098,4,7391,9454,M6,8098,9,8107,-1347,0,1347
Job_104,3,7918,9619,M6,8111,7,8118,-1501,0,1501
Job_098,5,7391,9454,M8,8116,52,8168,-1286,0,1286
Job_097,7,7340,9129,M6,8118,89,8207,-922,0,922
Job_096,4,7280,8887,M3,8124,69,8193,-694,0,694
Job_099,5,7426,8665,M4,8128,69,8197,-468,0,468
Job_085,9,6478,8179,M7,8134,45,8179,0,0,0
Job_105,2,8019,9717,M1,8136,46,8182,-1535,0,1535
Job_107,0,8121,9728,M0,8136,43,8179,-1549,0,1549
Job_100,4,7493,9056,M8,8168,48,8216,-840,0,840
Job_098,6,7391,9454,M7,8179,85,8264,-1190,0,1190
Job_106,0,8067,9948,M0,8179,76,8255,-1693,0,1693
Job_107,1,8121,9728,M2,8179,90,8269,-1459,0,1459
Job_105,3,8019,9717,M5,8182,74,8256,-1461,0,1461
Job_096,5,7280,8887,M1,8193,28,8221,-666,0,666
Job_086,9,6579,8277,M3,8198,79,8277,0,0,0
Job_093,9,6976,8220,M9,8199,21,8220,0,0,0
Job_100,5,7493,9056,M9,8220,72,8292,-764,0,764
Job_096,6,7280,8887,M6,8221,46,8267,-620,0,620
Job_088,9,6681,8288,M8,8223,30,8253,-35,0,35
Job_084,9,6447,8327,M8,8253,74,8327,0,0,0
Job_105,4,8019,9717,M4,8256,32,8288,-1429,0,1429
Job_102,5,7673,9371,M6,8267,88,8355,-1016,0,1016
Job_096,7,7280,8887,M5,8274,46,8320,-567,0,567
Job_103,2,7887,9767,M3,8277,76,8353,-1414,0,1414
Job_107,2,8121,9728,M4,8288,75,8363,-1365,0,1365
Job_108,0,8288,9851,M2,8288,84,8372,-1479,0,1479
Job_097,8,7340,9129,M9,8292,45,8337,-792,0,792
Job_100,6,7493,9056,M0,8292,47,8339,-717,0,717
Job_109,0,8293,10357,M1,8293,81,8374,-1983,0,1983
Job_104,4,7918,9619,M8,8327,64,8391,-1228,0,1228
Job_098,7,7391,9454,M3,8353,98,8451,-1003,0,1003
Job_103,3,7887,9767,M5,8353,51,8404,-1363,0,1363
Job_100,7,7493,9056,M6,8355,65,8420,-636,0,636
Job_107,3,8121,9728,M9,8363,11,8374,-1354,0,1354
Job_110,0,8299,9538,M2,8372,14,8386,-1152,0,1152
Job_108,1,8288,9851,M1,8374,2,8376,-1475,0,1475
Job_106,1,8067,9948,M1,8376,69,8445,-1503,0,1503
Job_089,9,6848,8411,M7,8386,25,8411,0,0,0
Job_109,1,8293,10357,M2,8386,95,8481,-1876,0,1876
Job_110,1,8299,9538,M0,8386,6,8392,-1146,0,1146
Job_099,6,7426,8665,M8,8391,21,8412,-253,0,253
Job_108,2,8288,9851,M5,8404,52,8456,-1395,0,1395
Job_096,8,7280,8887,M7,8411,72,8483,-404,0,404
Job_102,6,7673,9371,M8,8412,19,8431,-940,0,940
Job_112,0,8416,9660,M0,8416,29,8445,-1215,0,1215
Job_100,8,7493,9056,M4,8420,6,8426,-630,0,630
Job_105,5,8019,9717,M6,8420,88,8508,-1209,0,1209
Job_095,9,7200,8444,M9,8423,21,8444,0,0,0
Job_087,9,6627,8508,M8,8434,74,8508,0,0,0
Job_104,5,7918,9619,M9,8444,76,8520,-1099,0,1099
Job_112,1,8416,9660,M1,8445,78,8523,-1137,0,1137
Job_107,4,8121,9728,M3,8451,69,8520,-1208,0,1208
Job_109,2,8293,10357,M0,8481,71,8552,-1805,0,1805
Job_099,7,7426,8665,M7,8483,49,8532,-133,0,133
Job_105,6,8019,9717,M8,8508,19,8527,-1190,0,1190
Job_112,2,8416,9660,M2,8523,9,8532,-1128,0,1128
Job_113,0,8512,10214,M1,8523,85,8608,-1606,0,1606
Job_101,7,7530,8841,M8,8527,89,8616,-225,0,225
Job_099,8,7426,8665,M9,8532,72,8604,-61,0,61
Job_103,4,7887,9767,M2,8532,85,8617,-1150,0,1150
Job_112,3,8416,9660,M3,8532,36,8568,-1092,0,1092
Job_108,3,8288,9851,M3,8568,95,8663,-1188,0,1188
Job_112,4,8416,9660,M4,8568,49,8617,-1043,0,1043
Job_098,8,7391,9454,M9,8604,22,8626,-828,0,828
Job_110,2,8299,9538,M1,8608,22,8630,-908,0,908
Job_113,1,8512,10214,M0,8608,13,8621,-1593,0,1593
Job_099,9,7426,8665,M6,8612,53,8665,0,0,0
Job_101,8,7530,8841,M7,8616,30,8646,-195,0,195
Job_092,9,6860,8650,M4,8617,33,8650,0,0,0
Job_112,5,8416,9660,M5,8617,11,8628,-1032,0,1032
Job_113,2,8512,10214,M2,8621,61,8682,-1532,0,1532
Job_111,0,8300,10090,M1,8630,91,8721,-1369,0,1369
Job_114,0,8640,9884,M0,8640,29,8669,-1215,0,1215
Job_103,5,7887,9767,M9,8648,11,8659,-1108,0,1108
Job_104,6,7918,9619,M5,8648,47,8695,-924,0,924
Job_109,3,8293,10357,M4,8650,99,8749,-1608,0,1608
Job_105,7,8019,9717,M9,8659,48,8707,-1010,0,1010
Job_106,2,8067,9948,M3,8663,76,8739,-1209,0,1209
Job_108,4,8288,9851,M8,8663,48,8711,-1140,0,1140
Job_103,6,7887,9767,M6,8665,40,8705,-1062,0,1062
Job_110,3,8299,9538,M5,8695,61,8756,-782,0,782
Job_113,3,8512,10214,M6,8705,7,8712,-1502,0,1502
Job_108,5,8288,9851,M9,8711,72,8783,-1068,0,1068
Job_113,4,8512,10214,M8,8712,64,8776,-1438,0,1438
Job_107,5,8121,9728,M1,8721,28,8749,-979,0,979
Job_111,1,8300,10090,M0,8721,85,8806,-1284,0,1284
Job_094,9,7072,8774,M7,8729,45,8774,0,0,0
Job_104,7,7918,9619,M3,8739,52,8791,-828,0,828
Job_107,6,8121,9728,M6,8749,46,8795,-933,0,933
Job_106,3,8067,9948,M5,8768,51,8819,-1129,0,1129
Job_103,7,7887,9767,M7,8774,89,8863,-904,0,904
Job_116,0,8780,10569,M1,8780,91,8871,-1698,0,1698
Job_102,7,7673,9371,M9,8783,48,8831,-540,0,540
Job_101,9,7530,8841,M4,8786,55,8841,0,0,0
Job_110,4,8299,9538,M3,8791,26,8817,-721,0,721
Job_109,4,8293,10357,M6,8795,9,8804,-1553,0,1553
Job_109,5,8293,10357,M8,8804,52,8856,-1501,0,1501
Job_108,6,8288,9851,M0,8806,47,8853,-998,0,998
Job_111,2,8300,10090,M3,8817,39,8856,-1234,0,1234
Job_106,4,8067,9948,M2,8819,85,8904,-1044,0,1044
Job_107,7,8121,9728,M5,8819,46,8865,-863,0,863
Job_110,5,8299,9538,M4,8841,69,8910,-628,0,628
Job_108,7,8288,9851,M6,8853,65,8918,-933,0,933
Job_115,0,8720,10327,M0,8853,43,8896,-1431,0,1431
Job_096,9,7280,8887,M8,8857,30,8887,0,0,0
Job_105,8,8019,9717,M7,8863,36,8899,-818,0,818
Job_117,0,8831,10894,M1,8871,81,8952,-1942,0,1942
Job_090,9,6853,8917,M5,8874,43,8917,0,0,0
Job_116,1,8780,10569,M0,8896,85,8981,-1588,0,1588
Job_102,8,7673,9371,M7,8899,36,8935,-436,0,436
Job_106,5,8067,9948,M9,8904,11,8915,-1033,0,1033
Job_111,3,8300,10090,M2,8904,74,8978,-1112,0,1112
Job_103,8,7887,9767,M4,8910,26,8936,-831,0,831
Job_110,6,8299,9538,M8,8910,21,8931,-607,0,607
Job_113,5,8512,10214,M9,8915,76,8991,-1223,0,1223
Job_112,6,8416,9660,M6,8918,62,8980,-680,0,680
Job_110,7,8299,9538,M7,8935,49,8984,-554,0,554
Job_108,8,8288,9851,M4,8936,6,8942,-909,0,909
Job_104,8,7918,9619,M4,8942,90,9032,-587,0,587
Job_120,0,8970,10281,M1,8970,46,9016,-1265,0,1265
Job_111,4,8300,10090,M8,8978,90,9068,-1022,0,1022
Job_118,0,8866,10105,M2,8978,14,8992,-1113,0,1113
Job_106,6,8067,9948,M6,8980,40,9020,-928,0,928
Job_116,2,8780,10569,M3,8981,39,9020,-1549,0,1549
Job_113,6,8512,10214,M5,8991,47,9038,-1176,0,1176
Job_117,1,8831,10894,M2,8992,95,9087,-1807,0,1807
Job_118,1,8866,10105,M0,8992,6,8998,-1107,0,1107
Job_114,1,8640,9884,M1,9016,78,9094,-790,0,790
Job_120,1,8970,10281,M0,9016,37,9053,-1228,0,1228
Job_100,9,7493,9056,M7,9031,25,9056,0,0,0
Job_113,7,8512,10214,M3,9038,52,9090,-1124,0,1124
Job_109,6,8293,10357,M7,9056,85,9141,-1216,0,1216
Job_111,5,8300,10090,M5,9068,10,9078,-1012,0,1012
Job_114,2,8640,9884,M2,9094,9,9103,-781,0,781
Job_118,2,8866,10105,M1,9094,22,9116,-989,0,989
Job_097,9,7340,9129,M4,9096,33,9129,0,0,0
Job_114,3,8640,9884,M3,9103,36,9139,-745,0,745
Job_110,8,8299,9538,M9,9105,72,9177,-361,0,361
Job_121,0,9113,10811,M2,9113,31,9144,-1667,0,1667
Job_118,3,8866,10105,M5,9116,61,9177,-928,0,928
Job_113,8,8512,10214,M4,9129,90,9219,-995,0,995
Job_109,7,8293,10357,M3,9141,98,9239,-1118,0,1118
Job_112,7,8416,9660,M7,9141,56,9197,-463,0,463
Job_119,0,8933,10496,M2,9144,84,9228,-1268,0,1268
Job_121,1,9113,10811,M0,9144,86,9230,-1581,0,1581
Job_106,7,8067,9948,M7,9197,89,9286,-662,0,662
Job_112,8,8416,9660,M8,9197,44,9241,-419,0,419
Job_114,4,8640,9884,M4,9219,49,9268,-616,0,616
Job_116,3,8780,10569,M2,9228,74,9302,-1267,0,1267
Job_119,1,8933,10496,M1,9228,2,9230,-1266,0,1266
Job_117,2,8831,10894,M0,9230,71,9301,-1593,0,1593
Job_121,2,9113,10811,M1,9230,46,9276,-1535,0,1535
Job_118,4,8866,10105,M3,9239,26,9265,-840,0,840
Job_114,5,8640,9884,M5,9268,11,9279,-605,0,605
Job_121,3,9113,10811,M5,9279,74,9353,-1458,0,1458
Job_102,9,7673,9371,M3,9283,79,9362,-9,0,9
Job_106,8,8067,9948,M4,9286,26,9312,-636,0,636
Job_111,6,8300,10090,M7,9286,12,9298,-792,0,792
Job_107,8,8121,9728,M7,9298,72,9370,-358,0,358
Job_111,7,8300,10090,M6,9298,89,9387,-703,0,703
Job_115,1,8720,10327,M2,9302,90,9392,-935,0,935
Job_116,4,8780,10569,M8,9302,90,9392,-1177,0,1177
Job_117,3,8831,10894,M4,9312,99,9411,-1483,0,1483
Job_122,0,9327,11207,M0,9327,76,9403,-1804,0,1804
Job_119,2,8933,10496,M5,9353,52,9405,-1091,0,1091
Job_123,0,9358,11059,M1,9358,85,9443,-1616,0,1616
Job_120,2,8970,10281,M3,9362,61,9423,-858,0,858
Job_111,8,8300,10090,M9,9387,45,9432,-658,0,658
Job_114,6,8640,9884,M6,9387,62,9449,-435,0,435
Job_098,9,7391,9454,M5,9411,43,9454,0,0,0
Job_121,4,9113,10811,M4,9411,32,9443,-1368,0,1368
Job_119,3,8933,10496,M3,9423,95,9518,-978,0,978
Job_120,3,8970,10281,M2,9432,13,9445,-836,0,836
Job_118,5,8866,10105,M4,9443,69,9512,-593,0,593
Job_122,1,9327,11207,M1,9443,69,9512,-1695,0,1695
Job_123,1,9358,11059,M0,9443,13,9456,-1603,0,1603
Job_114,7,8640,9884,M7,9449,56,9505,-379,0,379
Job_117,4,8831,10894,M6,9449,9,9458,-1436,0,1436
Job_116,5,8780,10569,M5,9454,10,9464,-1105,0,1105
Job_123,2,9358,11059,M2,9456,61,9517,-1542,0,1542
Job_117,5,8831,10894,M8,9458,52,9510,-1384,0,1384
Job_109,8,8293,10357,M9,9469,22,9491,-866,0,866
Job_110,9,8299,9538,M6,9485,53,9538,0,0,0
Job_116,6,8780,10569,M7,9505,12,9517,-1052,0,1052
Job_125,0,9507,11388,M0,9507,76,9583,-1805,0,1805
Job_114,8,8640,9884,M8,9510,44,9554,-330,0,330
Job_115,2,8720,10327,M4,9512,75,9587,-740,0,740
Job_124,0,9459,11157,M2,9517,31,9548,-1609,0,1609
Job_122,2,9327,11207,M3,9518,76,9594,-1613,0,1613
Job_123,3,9358,11059,M6,9538,7,9545,-1514,0,1514
Job_121,5,9113,10811,M6,9545,88,9633,-1178,0,1178
Job_123,4,9358,11059,M8,9554,64,9618,-1441,0,1441
Job_104,9,7918,9619,M7,9574,45,9619,0,0,0
Job_124,1,9459,11157,M0,9583,86,9669,-1488,0,1488
Job_125,1,9507,11388,M1,9583,69,9652,-1736,0,1736
Job_115,3,8720,10327,M9,9587,11,9598,-729,0,729
Job_122,3,9327,11207,M5,9594,51,9645,-1562,0,1562
Job_118,6,8866,10105,M8,9618,21,9639,-466,0,466
Job_117,6,8831,10894,M7,9619,85,9704,-1190,0,1190
Job_120,4,8970,10281,M6,9633,32,9665,-616,0,616
Job_105,9,8019,9717,M3,9638,79,9717,0,0,0
Job_112,9,8416,9660,M9,9639,21,9660,0,0,0
Job_121,6,9113,10811,M8,9639,19,9658,-1153,0,1153
Job_122,4,9327,11207,M2,9645,85,9730,-1477,0,1477
Job_123,5,9358,11059,M9,9660,76,9736,-1323,0,1323
Job_107,9,8121,9728,M8,9663,30,9693,-35,0,35
Job_116,7,8780,10569,M6,9665,89,9754,-815,0,815
Job_120,5,8970,10281,M5,9665,21,9686,-595,0,595
Job_124,2,9459,11157,M1,9669,46,9715,-1442,0,1442
Job_126,0,9561,11168,M0,9669,43,9712,-1456,0,1456
Job_103,9,7887,9767,M8,9693,74,9767,0,0,0
Job_118,7,8866,10105,M7,9704,49,9753,-352,0,352
Job_124,3,9459,11157,M5,9715,74,9789,-1368,0,1368
Job_125,2,9507,11388,M3,9717,76,9793,-1595,0,1595
Job_127,0,9728,11291,M2,9730,84,9814,-1477,0,1477
Job_128,0,9733,11797,M1,9733,81,9814,-1983,0,1983
Job_122,5,9327,11207,M9,9736,11,9747,-1460,0,1460
Job_120,6,8970,10281,M9,9747,32,9779,-502,0,502
Job_122,6,9327,11207,M6,9754,40,9794,-1413,0,1413
Job_118,8,8866,10105,M9,9779,72,9851,-254,0,254
Job_120,7,8970,10281,M8,9779,89,9868,-413,0,413
Job_124,4,9459,11157,M4,9789,32,9821,-1336,0,1336
Job_115,4,8720,10327,M3,9793,69,9862,-465,0,465
Job_127,1,9728,11291,M1,9814,2,9816,-1475,0,1475
Job_128,1,9733,11797,M2,9814,95,9909,-1888,0,1888
Job_127,2,9728,11291,M5,9816,52,9868,-1423,0,1423
Job_130,0,9740,11530,M1,9816,91,9907,-1623,0,1623
Job_124,5,9459,11157,M6,9821,88,9909,-1248,0,1248
Job_108,9,8288,9851,M7,9826,25,9851,0,0,0
Job_122,7,9327,11207,M7,9851,89,9940,-1267,0,1267
Job_131,0,9856,11100,M0,9856,29,9885,-1215,0,1215
Job_114,9,8640,9884,M9,9863,21,9884,0,0,0
Job_123,6,9358,11059,M5,9868,47,9915,-1144,0,1144
Job_127,3,9728,11291,M3,9868,95,9963,-1328,0,1328
Job_106,9,8067,9948,M8,9874,74,9948,0,0,0
Job_121,7,9113,10811,M9,9884,48,9932,-879,0,879
Job_115,5,8720,10327,M1,9907,28,9935,-392,0,392
Job_128,2,9733,11797,M0,9909,71,9980,-1817,0,1817
Job_129,0,9739,10978,M2,9909,14,9923,-1055,0,1055
Job_125,3,9507,11388,M5,9915,51,9966,-1422,0,1422
Job_126,1,9561,11168,M2,9923,90,10013,-1155,0,1155
Job_116,8,8780,10569,M9,9932,45,9977,-592,0,592
Job_115,6,8720,10327,M6,9935,46,9981,-346,0,346
Job_120,8,8970,10281,M7,9940,30,9970,-311,0,311
Job_122,8,9327,11207,M4,9940,26,9966,-1241,0,1241
Job_132,0,9952,11654,M1,9952,85,10037,-1617,0,1617
Job_127,4,9728,11291,M8,9963,48,10011,-1280,0,1280
Job_121,8,9113,10811,M7,9970,36,10006,-805,0,805
Job_129,1,9739,10978,M0,9980,6,9986,-992,0,992
Job_115,7,8720,10327,M5,9981,46,10027,-300,0,300
Job_130,1,9740,11530,M0,9986,85,10071,-1459,0,1459
Job_111,9,8300,10090,M4,10004,33,10037,-53,0,53
Job_124,6,9459,11157,M8,10011,19,10030,-1127,0,1127
Job_127,5,9728,11291,M9,10011,72,10083,-1208,0,1208
Job_125,4,9507,11388,M2,10013,85,10098,-1290,0,1290
Job_115,8,8720,10327,M7,10027,72,10099,-228,0,228
Job_123,7,9358,11059,M3,10031,52,10083,-976,0,976
Job_128,3,9733,11797,M4,10037,99,10136,-1661,0,1661
Job_129,2,9739,10978,M1,10037,22,10059,-919,0,919
Job_118,9,8866,10105,M6,10052,53,10105,0,0,0
Job_119,4,8933,10496,M8,10058,48,10106,-390,0,390
Job_129,3,9739,10978,M5,10059,61,10120,-858,0,858
Job_131,1,9856,11100,M1,10059,78,10137,-963,0,963
Job_132,1,9952,11654,M0,10071,13,10084,-1570,0,1570
Job_117,7,8831,10894,M3,10083,98,10181,-713,0,713
Job_124,7,9459,11157,M9,10083,48,10131,-1026,0,1026
Job_127,6,9728,11291,M0,10084,47,10131,-1160,0,1160
Job_132,2,9952,11654,M2,10098,61,10159,-1495,0,1495
Job_119,5,8933,10496,M9,10131,72,10203,-293,0,293
Job_133,0,10080,11324,M0,10131,29,10160,-1164,0,1164
Job_128,4,9733,11797,M6,10136,9,10145,-1652,0,1652
Job_128,5,9733,11797,M8,10145,52,10197,-1600,0,1600
Job_126,2,9561,11168,M4,10151,75,10226,-942,0,942
Job_113,9,8512,10214,M7,10152,45,10197,-17,0,17
Job_132,3,9952,11654,M6,10159,7,10166,-1488,0,1488
Job_133,1,10080,11324,M1,10160,78,10238,-1086,0,1086
Job_134,0,10160,11767,M0,10160,43,10203,-1564,0,1564
Job_127,7,9728,11291,M6,10166,65,10231,-1060,0,1060
Job_129,4,9739,10978,M3,10181,26,10207,-771,0,771
Job_131,2,9856,11100,M2,10194,9,10203,-897,0,897
Job_128,6,9733,11797,M7,10197,85,10282,-1515,0,1515
Job_132,4,9952,11654,M8,10197,64,10261,-1393,0,1393
Job_134,1,10160,11767,M2,10203,90,10293,-1474,0,1474
Job_130,2,9740,11530,M3,10207,39,10246,-1284,0,1284
Job_119,6,8933,10496,M0,10215,47,10262,-234,0,234
Job_120,9,8970,10281,M4,10226,55,10281,0,0,0
Job_135,0,10220,12009,M1,10238,91,10329,-1680,0,1680
Job_131,3,9856,11100,M3,10246,36,10282,-818,0,818
Job_117,8,8831,10894,M9,10248,22,10270,-624,0,624
Job_119,7,8933,10496,M6,10262,65,10327,-169,0,169
Job_125,5,9507,11388,M9,10270,11,10281,-1107,0,1107
Job_127,8,9728,11291,M4,10281,6,10287,-1004,0,1004
Job_132,5,9952,11654,M9,10281,76,10357,-1297,0,1297
Job_124,8,9459,11157,M7,10282,36,10318,-839,0,839
Job_128,7,9733,11797,M3,10282,98,10380,-1417,0,1417
Job_130,3,9740,11530,M2,10293,74,10367,-1163,0,1163
Job_134,2,10160,11767,M4,10293,75,10368,-1399,0,1399
Job_115,9,8720,10327,M8,10297,30,10327,0,0,0
Job_109,9,8293,10357,M5,10314,43,10357,0,0,0
Job_125,6,9507,11388,M6,10327,40,10367,-1021,0,1021
Job_135,1,10220,12009,M0,10329,85,10414,-1595,0,1595
Job_136,0,10271,12334,M1,10329,81,10410,-1924,0,1924
Job_126,3,9561,11168,M9,10357,11,10368,-800,0,800
Job_132,6,9952,11654,M5,10357,47,10404,-1250,0,1250
Job_137,0,10306,11545,M2,10367,14,10381,-1164,0,1164
Job_129,5,9739,10978,M4,10368,69,10437,-541,0,541
Job_134,3,10160,11767,M9,10369,11,10380,-1387,0,1387
Job_134,4,10160,11767,M3,10380,69,10449,-1318,0,1318
Job_138,0,10373,11936,M2,10381,84,10465,-1471,0,1471
Job_137,1,10306,11545,M0,10414,6,10420,-1125,0,1125
Job_137,2,10306,11545,M1,10420,22,10442,-1103,0,1103
Job_119,8,8933,10496,M4,10437,6,10443,-53,0,53
Job_128,8,9733,11797,M9,10439,22,10461,-1336,0,1336
Job_131,4,9856,11100,M4,10443,49,10492,-608,0,608
Job_126,4,9561,11168,M3,10449,69,10518,-650,0,650
Job_134,5,10160,11767,M1,10449,28,10477,-1290,0,1290
Job_136,1,10271,12334,M2,10465,95,10560,-1774,0,1774
Job_119,9,8933,10496,M7,10471,25,10496,0,0,0
Job_134,6,10160,11767,M6,10477,46,10523,-1244,0,1244
Job_139,0,10410,11721,M1,10477,46,10523,-1198,0,1198
Job_131,5,9856,11100,M5,10492,11,10503,-597,0,597
Job_125,7,9507,11388,M7,10496,89,10585,-803,0,803
Job_135,2,10220,12009,M3,10518,39,10557,-1452,0,1452
Job_126,5,9561,11168,M1,10523,28,10551,-617,0,617
Job_134,7,10160,11767,M5,10523,46,10569,-1198,0,1198
Job_139,1,10410,11721,M0,10523,37,10560,-1161,0,1161
Job_129,6,9739,10978,M8,10524,21,10545,-433,0,433
Job_116,9,8780,10569,M4,10536,33,10569,0,0,0
Job_130,4,9740,11530,M8,10545,90,10635,-895,0,895
Job_138,1,10373,11936,M1,10551,2,10553,-1383,0,1383
Job_135,3,10220,12009,M2,10560,74,10634,-1375,0,1375
Job_136,2,10271,12334,M0,10560,71,10631,-1703,0,1703
Job_139,2,10410,11721,M3,10560,61,10621,-1100,0,1100
Job_123,8,9358,11059,M4,10569,90,10659,-400,0,400
Job_138,2,10373,11936,M5,10569,52,10621,-1315,0,1315
Job_134,8,10160,11767,M7,10585,72,10657,-1110,0,1110
Job_137,3,10306,11545,M5,10621,61,10682,-863,0,863
Job_138,3,10373,11936,M3,10621,95,10716,-1220,0,1220
Job_140,0,10553,12251,M2,10634,31,10665,-1586,0,1586
Job_135,4,10220,12009,M8,10635,90,10725,-1284,0,1284
Job_126,6,9561,11168,M6,10639,46,10685,-483,0,483
Job_125,8,9507,11388,M4,10659,26,10685,-703,0,703
Job_129,7,9739,10978,M7,10662,49,10711,-267,0,267
Job_139,3,10410,11721,M2,10665,13,10678,-1043,0,1043
Job_140,1,10553,12251,M0,10665,86,10751,-1500,0,1500
Job_133,2,10080,11324,M2,10678,9,10687,-637,0,637
Job_126,7,9561,11168,M5,10685,46,10731,-437,0,437
Job_136,3,10271,12334,M4,10685,99,10784,-1550,0,1550
Job_139,4,10410,11721,M6,10685,32,10717,-1004,0,1004
Job_129,8,9739,10978,M9,10711,72,10783,-195,0,195
Job_131,6,9856,11100,M6,10722,62,10784,-316,0,316
Job_121,9,9113,10811,M3,10725,79,10804,-7,0,7
Job_138,4,10373,11936,M8,10725,48,10773,-1163,0,1163
Job_135,5,10220,12009,M5,10731,10,10741,-1268,0,1268
Job_135,6,10220,12009,M7,10741,12,10753,-1256,0,1256
Job_130,5,9740,11530,M5,10750,10,10760,-770,0,770
Job_140,2,10553,12251,M1,10751,46,10797,-1454,0,1454
Job_126,8,9561,11168,M7,10753,72,10825,-343,0,343
Job_139,5,10410,11721,M5,10760,21,10781,-940,0,940
Job_141,0,10767,12647,M0,10767,76,10843,-1804,0,1804
Job_139,6,10410,11721,M9,10783,32,10815,-906,0,906
Job_136,4,10271,12334,M6,10784,9,10793,-1541,0,1541
Job_135,7,10220,12009,M6,10793,89,10882,-1127,0,1127
Job_136,5,10271,12334,M8,10793,52,10845,-1489,0,1489
Job_142,0,10798,12499,M1,10798,85,10883,-1616,0,1616
Job_132,7,9952,11654,M3,10804,52,10856,-798,0,798
Job_138,5,10373,11936,M9,10815,72,10887,-1049,0,1049
Job_131,7,9856,11100,M7,10825,56,10881,-219,0,219
Job_139,7,10410,11721,M8,10845,89,10934,-787,0,787
Job_117,9,8831,10894,M5,10851,43,10894,0,0,0
Job_132,8,9952,11654,M4,10856,90,10946,-708,0,708
Job_133,3,10080,11324,M3,10856,36,10892,-432,0,432
Job_130,6,9740,11530,M7,10881,12,10893,-637,0,637
Job_141,1,10767,12647,M1,10883,69,10952,-1695,0,1695
Job_142,1,10798,12499,M0,10883,13,10896,-1603,0,1603
Job_135,8,10220,12009,M9,10887,45,10932,-1077,0,1077
Job_137,4,10306,11545,M3,10892,26,10918,-627,0,627
Job_136,6,10271,12334,M7,10893,85,10978,-1356,0,1356
Job_140,3,10553,12251,M5,10894,74,10968,-1283,0,1283
Job_138,6,10373,11936,M0,10896,47,10943,-993,0,993
Job_142,2,10798,12499,M2,10896,61,10957,-1542,0,1542
Job_129,9,9739,10978,M6,10904,53,10957,-21,0,21
Job_131,8,9856,11100,M8,10934,44,10978,-122,0,122
Job_137,5,10306,11545,M4,10946,69,11015,-530,0,530
Job_144,0,10947,12828,M0,10947,76,11023,-1805,0,1805
Job_141,2,10767,12647,M3,10952,76,11028,-1619,0,1619
Job_142,3,10798,12499,M6,10957,7,10964,-1535,0,1535
Job_143,0,10899,12597,M2,10957,31,10988,-1609,0,1609
Job_138,7,10373,11936,M6,10964,65,11029,-907,0,907
Job_139,8,10410,11721,M7,10978,30,11008,-713,0,713
Job_142,4,10798,12499,M8,10978,64,11042,-1457,0,1457
Job_123,9,9358,11059,M7,11014,45,11059,0,0,0
Job_144,1,10947,12828,M1,11023,69,11092,-1736,0,1736
Job_145,0,11001,12608,M0,11023,43,11066,-1542,0,1542
Job_141,3,10767,12647,M5,11028,51,11079,-1568,0,1568
Job_130,7,9740,11530,M6,11029,89,11118,-412,0,412
Job_138,8,10373,11936,M4,11029,6,11035,-901,0,901
Job_133,4,10080,11324,M4,11035,49,11084,-240,0,240
Job_124,9,9459,11157,M3,11036,79,11115,-42,0,42
Job_137,6,10306,11545,M8,11042,21,11063,-482,0,482
Job_131,9,9856,11100,M9,11047,21,11068,-32,0,32
Job_137,7,10306,11545,M7,11063,49,11112,-433,0,433
Job_143,1,10899,12597,M0,11066,86,11152,-1445,0,1445
Job_145,1,11001,12608,M2,11066,90,11156,-1452,0,1452
Job_142,5,10798,12499,M9,11068,76,11144,-1355,0,1355
Job_133,5,10080,11324,M5,11084,11,11095,-229,0,229
Job_140,4,10553,12251,M4,11084,32,11116,-1135,0,1135
Job_126,9,9561,11168,M8,11103,30,11133,-35,0,35
Job_144,2,10947,12828,M3,11115,76,11191,-1637,0,1637
Job_133,6,10080,11324,M6,11118,62,11180,-144,0,144
Job_122,9,9327,11207,M8,11133,74,11207,0,0,0
Job_142,6,10798,12499,M5,11144,47,11191,-1308,0,1308
Job_130,8,9740,11530,M9,11148,45,11193,-337,0,337
Job_141,4,10767,12647,M2,11156,85,11241,-1406,0,1406
Job_145,2,11001,12608,M4,11156,75,11231,-1377,0,1377
Job_133,7,10080,11324,M7,11180,56,11236,-88,0,88
Job_140,5,10553,12251,M6,11180,88,11268,-983,0,983
Job_149,0,11180,12970,M1,11180,91,11271,-1699,0,1699
Job_142,7,10798,12499,M3,11191,52,11243,-1256,0,1256
Job_144,3,10947,12828,M5,11191,51,11242,-1586,0,1586
Job_145,3,11001,12608,M9,11231,11,11242,-1366,0,1366
Job_133,8,10080,11324,M8,11236,44,11280,-44,0,44
Job_148,0,11179,12418,M2,11241,14,11255,-1163,0,1163
Job_141,5,10767,12647,M9,11242,11,11253,-1394,0,1394
Job_142,8,10798,12499,M4,11243,90,11333,-1166,0,1166
Job_145,4,11001,12608,M3,11243,69,11312,-1296,0,1296
Job_146,0,11168,12731,M2,11255,84,11339,-1392,0,1392
Job_148,1,11179,12418,M0,11255,6,11261,-1157,0,1157
Job_127,9,9728,11291,M7,11266,25,11291,0,0,0
Job_141,6,10767,12647,M6,11268,40,11308,-1339,0,1339
Job_147,0,11173,13237,M1,11271,81,11352,-1885,0,1885
Job_149,1,11180,12970,M0,11271,85,11356,-1614,0,1614
Job_140,6,10553,12251,M8,11280,19,11299,-952,0,952
Job_133,9,10080,11324,M9,11303,21,11324,0,0,0
Job_141,7,10767,12647,M7,11308,89,11397,-1250,0,1250
Job_125,9,9507,11388,M8,11314,74,11388,0,0,0
Job_140,7,10553,12251,M9,11324,48,11372,-879,0,879
Job_147,1,11173,13237,M2,11352,95,11447,-1790,0,1790
Job_148,2,11179,12418,M1,11352,22,11374,-1044,0,1044
Job_149,2,11180,12970,M3,11356,39,11395,-1575,0,1575
Job_150,0,11296,12540,M0,11356,29,11385,-1155,0,1155
Job_137,8,10306,11545,M9,11372,72,11444,-101,0,101
Job_145,5,11001,12608,M1,11374,28,11402,-1206,0,1206
Job_148,3,11179,12418,M5,11374,61,11435,-983,0,983
Job_136,7,10271,12334,M3,11395,98,11493,-841,0,841
Job_140,8,10553,12251,M7,11397,36,11433,-818,0,818
Job_141,8,10767,12647,M4,11397,26,11423,-1224,0,1224
Job_145,6,11001,12608,M6,11402,46,11448,-1160,0,1160
Job_150,1,11296,12540,M1,11402,78,11480,-1060,0,1060
Job_147,2,11173,13237,M0,11447,71,11518,-1719,0,1719
Job_149,3,11180,12970,M2,11447,74,11521,-1449,0,1449
Job_145,7,11001,12608,M5,11448,46,11494,-1114,0,1114
Job_146,1,11168,12731,M1,11480,2,11482,-1249,0,1249
Job_151,0,11392,13094,M1,11482,85,11567,-1527,0,1527
Job_130,9,9740,11530,M4,11485,33,11518,-12,0,12
Job_137,9,10306,11545,M6,11492,53,11545,0,0,0
Job_136,8,10271,12334,M9,11493,22,11515,-819,0,819
Job_148,4,11179,12418,M3,11493,26,11519,-899,0,899
Job_145,8,11001,12608,M7,11494,72,11566,-1042,0,1042
Job_146,2,11168,12731,M5,11494,52,11546,-1185,0,1185
Job_147,3,11173,13237,M4,11518,99,11617,-1620,0,1620
Job_152,0,11520,12764,M0,11520,29,11549,-1215,0,1215
Job_149,4,11180,12970,M8,11521,90,11611,-1359,0,1359
Job_150,2,11296,12540,M2,11521,9,11530,-1010,0,1010
Job_144,4,10947,12828,M2,11530,85,11615,-1213,0,1213
Job_150,3,11296,12540,M3,11530,36,11566,-974,0,974
Job_146,3,11168,12731,M3,11566,95,11661,-1070,0,1070
Job_143,2,10899,12597,M1,11567,46,11613,-984,0,984
Job_151,1,11392,13094,M0,11567,13,11580,-1514,0,1514
Job_153,0,11600,13207,M0,11600,43,11643,-1564,0,1564
Job_132,9,9952,11654,M7,11609,45,11654,0,0,0
Job_149,5,11180,12970,M5,11611,10,11621,-1349,0,1349
Job_144,5,10947,12828,M9,11615,11,11626,-1202,0,1202
Job_151,2,11392,13094,M2,11615,61,11676,-1418,0,1418
Job_147,4,11173,13237,M6,11617,9,11626,-1611,0,1611
Job_150,4,11296,12540,M4,11617,49,11666,-874,0,874
Job_143,3,10899,12597,M5,11621,74,11695,-902,0,902
Job_144,6,10947,12828,M6,11626,40,11666,-1162,0,1162
Job_147,5,11173,13237,M8,11626,52,11678,-1559,0,1559
Job_149,6,11180,12970,M7,11654,12,11666,-1304,0,1304
Job_154,0,11660,13449,M1,11660,91,11751,-1698,0,1698
Job_139,9,10410,11721,M4,11666,55,11721,0,0,0
Job_151,3,11392,13094,M6,11676,7,11683,-1411,0,1411
Job_153,1,11600,13207,M2,11676,90,11766,-1441,0,1441
Job_146,4,11168,12731,M8,11678,48,11726,-1005,0,1005
Job_147,6,11173,13237,M7,11678,85,11763,-1474,0,1474
Job_149,7,11180,12970,M6,11683,89,11772,-1198,0,1198
Job_150,5,11296,12540,M5,11695,11,11706,-834,0,834
Job_143,4,10899,12597,M4,11721,32,11753,-844,0,844
Job_146,5,11168,12731,M9,11726,72,11798,-933,0,933
Job_134,9,10160,11767,M8,11737,30,11767,0,0,0
Job_154,1,11660,13449,M0,11751,85,11836,-1613,0,1613
Job_155,0,11711,13774,M1,11751,81,11832,-1942,0,1942
Job_128,9,9733,11797,M5,11754,43,11797,0,0,0
Job_144,7,10947,12828,M7,11763,89,11852,-976,0,976
Job_147,7,11173,13237,M3,11764,98,11862,-1375,0,1375
Job_153,2,11600,13207,M4,11766,75,11841,-1366,0,1366
Job_156,0,11746,12985,M2,11766,14,11780,-1205,0,1205
Job_151,4,11392,13094,M8,11767,64,11831,-1263,0,1263
Job_150,6,11296,12540,M6,11772,62,11834,-706,0,706
Job_149,8,11180,12970,M9,11798,45,11843,-1127,0,1127
Job_157,0,11813,13376,M2,11813,84,11897,-1479,0,1479
Job_143,5,10899,12597,M6,11834,88,11922,-675,0,675
Job_156,1,11746,12985,M0,11836,6,11842,-1143,0,1143
Job_148,5,11179,12418,M4,11841,69,11910,-508,0,508
Job_146,6,11168,12731,M0,11842,47,11889,-842,0,842
Job_156,2,11746,12985,M1,11842,22,11864,-1121,0,1121
Job_153,3,11600,13207,M9,11843,11,11854,-1353,0,1353
Job_150,7,11296,12540,M7,11852,56,11908,-632,0,632
Job_151,5,11392,13094,M9,11854,76,11930,-1164,0,1164
Job_153,4,11600,13207,M3,11862,69,11931,-1276,0,1276
Job_156,3,11746,12985,M5,11864,61,11925,-1060,0,1060
Job_158,0,11850,13161,M1,11864,46,11910,-1251,0,1251
Job_155,1,11711,13774,M2,11897,95,11992,-1782,0,1782
Job_144,8,10947,12828,M4,11910,26,11936,-892,0,892
Job_148,6,11179,12418,M8,11910,21,11931,-487,0,487
Job_157,1,11813,13376,M1,11910,2,11912,-1464,0,1464
Job_158,1,11850,13161,M0,11910,37,11947,-1214,0,1214
Job_138,9,10373,11936,M7,11911,25,11936,0,0,0
Job_152,1,11520,12764,M1,11912,78,11990,-774,0,774
Job_146,7,11168,12731,M6,11922,65,11987,-744,0,744
Job_157,2,11813,13376,M5,11925,52,11977,-1399,0,1399
Job_147,8,11173,13237,M9,11930,22,11952,-1285,0,1285
Job_143,6,10899,12597,M8,11931,19,11950,-647,0,647
Job_156,4,11746,12985,M3,11931,26,11957,-1028,0,1028
Job_148,7,11179,12418,M7,11936,49,11985,-433,0,433
Job_150,8,11296,12540,M8,11950,44,11994,-546,0,546
Job_143,7,10899,12597,M9,11952,48,12000,-597,0,597
Job_158,2,11850,13161,M3,11957,61,12018,-1143,0,1143
Job_135,9,10220,12009,M4,11970,33,12003,-6,0,6
Job_151,6,11392,13094,M5,11977,47,12024,-1070,0,1070
Job_152,2,11520,12764,M2,11992,9,12001,-763,0,763
Job_155,2,11711,13774,M0,11992,71,12063,-1711,0,1711
Job_143,8,10899,12597,M7,12000,36,12036,-561,0,561
Job_148,8,11179,12418,M9,12000,72,12072,-346,0,346
Job_159,0,11993,13691,M2,12001,31,12032,-1659,0,1659
Job_146,8,11168,12731,M4,12003,6,12009,-722,0,722
Job_156,5,11746,12985,M4,12009,69,12078,-907,0,907
Job_152,3,11520,12764,M3,12018,36,12054,-710,0,710
Job_158,3,11850,13161,M2,12032,13,12045,-1116,0,1116
Job_158,4,11850,13161,M6,12045,32,12077,-1084,0,1084
Job_151,7,11392,13094,M3,12054,52,12106,-988,0,988
Job_159,1,11993,13691,M0,12063,86,12149,-1542,0,1542
Job_158,5,11850,13161,M5,12077,21,12098,-1063,0,1063
Job_152,4,11520,12764,M4,12078,49,12127,-637,0,637
Job_156,6,11746,12985,M8,12078,21,12099,-886,0,886
Job_158,6,11850,13161,M9,12098,32,12130,-1031,0,1031
Job_156,7,11746,12985,M7,12099,49,12148,-837,0,837
Job_153,5,11600,13207,M1,12101,28,12129,-1078,0,1078
Job_154,2,11660,13449,M3,12106,39,12145,-1304,0,1304
Job_151,8,11392,13094,M4,12127,90,12217,-877,0,877
Job_152,5,11520,12764,M5,12127,11,12138,-626,0,626
Job_153,6,11600,13207,M6,12129,46,12175,-1032,0,1032
Job_158,7,11850,13161,M8,12130,89,12219,-942,0,942
Job_154,3,11660,13449,M2,12145,74,12219,-1230,0,1230
Job_156,8,11746,12985,M9,12148,72,12220,-765,0,765
Job_159,2,11993,13691,M1,12149,46,12195,-1496,0,1496
Job_140,9,10553,12251,M3,12172,79,12251,0,0,0
Job_152,6,11520,12764,M6,12175,62,12237,-527,0,527
Job_153,7,11600,13207,M5,12175,46,12221,-986,0,986
Job_160,0,12207,14087,M0,12207,76,12283,-1804,0,1804
Job_155,3,11711,13774,M4,12217,99,12316,-1458,0,1458
Job_154,4,11660,13449,M8,12219,90,12309,-1140,0,1140
Job_158,8,11850,13161,M7,12219,30,12249,-912,0,912
Job_161,0,12238,13939,M1,12238,85,12323,-1616,0,1616
Job_152,7,11520,12764,M7,12249,56,12305,-459,0,459
Job_157,3,11813,13376,M3,12251,95,12346,-1030,0,1030
Job_136,9,10271,12334,M5,12291,43,12334,0,0,0
Job_153,8,11600,13207,M7,12305,72,12377,-830,0,830
Job_152,8,11520,12764,M8,12309,44,12353,-411,0,411
Job_155,4,11711,13774,M6,12316,9,12325,-1449,0,1449
Job_160,1,12207,14087,M1,12323,69,12392,-1695,0,1695
Job_161,1,12238,13939,M0,12323,13,12336,-1603,0,1603
Job_154,5,11660,13449,M5,12334,10,12344,-1105,0,1105
Job_161,2,12238,13939,M2,12336,61,12397,-1542,0,1542
Job_159,3,11993,13691,M5,12344,74,12418,-1273,0,1273
Job_157,4,11813,13376,M8,12353,48,12401,-975,0,975
Job_148,9,11179,12418,M6,12365,53,12418,0,0,0
Job_154,6,11660,13449,M7,12377,12,12389,-1060,0,1060
Job_163,0,12387,14268,M0,12387,76,12463,-1805,0,1805
Job_160,2,12207,14087,M3,12392,76,12468,-1619,0,1619
Job_162,0,12339,14037,M2,12397,31,12428,-1609,0,1609
Job_155,5,11711,13774,M8,12401,52,12453,-1321,0,1321
Job_157,5,11813,13376,M9,12409,72,12481,-895,0,895
Job_154,7,11660,13449,M6,12418,89,12507,-942,0,942
Job_159,4,11993,13691,M4,12418,32,12450,-1241,0,1241
Job_142,9,10798,12499,M7,12454,45,12499,0,0,0
Job_163,1,12387,14268,M1,12463,69,12532,-1736,0,1736
Job_164,0,12441,14048,M0,12463,43,12506,-1542,0,1542
Job_160,3,12207,14087,M5,12468,51,12519,-1568,0,1568
Job_155,6,11711,13774,M7,12499,85,12584,-1190,0,1190
Job_157,6,11813,13376,M0,12506,47,12553,-823,0,823
Job_164,1,12441,14048,M2,12506,90,12596,-1452,0,1452
Job_159,5,11993,13691,M6,12507,88,12595,-1096,0,1096
Job_143,9,10899,12597,M3,12518,79,12597,0,0,0
Job_150,9,11296,12540,M9,12519,21,12540,0,0,0
Job_154,8,11660,13449,M9,12540,45,12585,-864,0,864
Job_145,9,11001,12608,M8,12543,30,12573,-35,0,35
Job_162,1,12339,14037,M0,12553,86,12639,-1398,0,1398
Job_141,9,10767,12647,M8,12573,74,12647,0,0,0
Job_157,7,11813,13376,M6,12595,65,12660,-716,0,716
Job_160,4,12207,14087,M2,12596,85,12681,-1406,0,1406
Job_164,2,12441,14048,M4,12596,75,12671,-1377,0,1377
Job_155,7,11711,13774,M3,12597,98,12695,-1079,0,1079
Job_166,0,12613,14677,M1,12613,81,12694,-1983,0,1983
Job_159,6,11993,13691,M8,12647,19,12666,-1025,0,1025
Job_161,3,12238,13939,M6,12660,7,12667,-1272,0,1272
Job_159,7,11993,13691,M9,12666,48,12714,-977,0,977
Job_161,4,12238,13939,M8,12667,64,12731,-1208,0,1208
Job_157,8,11813,13376,M4,12671,6,12677,-699,0,699
Job_167,0,12619,13858,M2,12681,14,12695,-1163,0,1163
Job_162,2,12339,14037,M1,12694,46,12740,-1297,0,1297
Job_163,2,12387,14268,M3,12695,76,12771,-1497,0,1497
Job_165,0,12608,14171,M2,12695,84,12779,-1392,0,1392
Job_167,1,12619,13858,M0,12695,6,12701,-1157,0,1157
Job_146,9,11168,12731,M7,12706,25,12731,0,0,0
Job_164,3,12441,14048,M9,12714,11,12725,-1323,0,1323
Job_160,5,12207,14087,M9,12725,11,12736,-1351,0,1351
Job_159,8,11993,13691,M7,12731,36,12767,-924,0,924
Job_160,6,12207,14087,M6,12736,40,12776,-1311,0,1311
Job_169,0,12736,13980,M0,12736,29,12765,-1215,0,1215
Job_162,3,12339,14037,M5,12740,74,12814,-1223,0,1223
Job_167,2,12619,13858,M1,12740,22,12762,-1096,0,1096
Job_152,9,11520,12764,M9,12743,21,12764,0,0,0
Job_144,9,10947,12828,M8,12754,74,12828,0,0,0
Job_168,0,12620,14410,M1,12762,91,12853,-1557,0,1557
Job_161,5,12238,13939,M9,12764,76,12840,-1099,0,1099
Job_164,4,12441,14048,M3,12771,69,12840,-1208,0,1208
Job_160,7,12207,14087,M7,12776,89,12865,-1222,0,1222
Job_166,1,12613,14677,M2,12779,95,12874,-1803,0,1803
Job_162,4,12339,14037,M4,12814,32,12846,-1191,0,1191
Job_167,3,12619,13858,M5,12814,61,12875,-983,0,983
Job_155,8,11711,13774,M9,12840,22,12862,-912,0,912
Job_168,1,12620,14410,M0,12853,85,12938,-1472,0,1472
Job_169,1,12736,13980,M1,12853,78,12931,-1049,0,1049
Job_160,8,12207,14087,M4,12865,26,12891,-1196,0,1196
Job_161,6,12238,13939,M5,12875,47,12922,-1017,0,1017
Job_167,4,12619,13858,M3,12875,26,12901,-957,0,957
Job_161,7,12238,13939,M3,12922,52,12974,-965,0,965
Job_163,3,12387,14268,M5,12922,51,12973,-1295,0,1295
Job_165,1,12608,14171,M1,12931,2,12933,-1238,0,1238
Job_169,2,12736,13980,M2,12931,9,12940,-1040,0,1040
Job_156,9,11746,12985,M6,12932,53,12985,0,0,0
Job_164,5,12441,14048,M1,12933,28,12961,-1087,0,1087
Job_149,9,11180,12970,M4,12937,33,12970,0,0,0
Job_166,2,12613,14677,M0,12938,71,13009,-1668,0,1668
Job_170,0,12832,14534,M1,12961,85,13046,-1488,0,1488
Job_167,5,12619,13858,M4,12970,69,13039,-819,0,819
Job_163,4,12387,14268,M2,12973,85,13058,-1210,0,1210
Job_165,2,12608,14171,M5,12973,52,13025,-1146,0,1146
Job_169,3,12736,13980,M3,12974,36,13010,-970,0,970
Job_162,5,12339,14037,M6,12985,88,13073,-964,0,964
Job_171,0,12960,14204,M0,13009,29,13038,-1166,0,1166
Job_168,2,12620,14410,M3,13010,39,13049,-1361,0,1361
Job_167,6,12619,13858,M8,13039,21,13060,-798,0,798
Job_169,4,12736,13980,M4,13039,49,13088,-892,0,892
Job_172,0,13040,14647,M0,13040,43,13083,-1564,0,1564
Job_171,1,12960,14204,M1,13046,78,13124,-1080,0,1080
Job_151,9,11392,13094,M7,13049,45,13094,0,0,0
Job_165,3,12608,14171,M3,13049,95,13144,-1027,0,1027
Job_163,5,12387,14268,M9,13058,11,13069,-1199,0,1199
Job_168,3,12620,14410,M2,13058,74,13132,-1278,0,1278
Job_162,6,12339,14037,M8,13073,19,13092,-945,0,945
Job_164,6,12441,14048,M6,13073,46,13119,-929,0,929
Job_170,1,12832,14534,M0,13083,13,13096,-1438,0,1438
Job_169,5,12736,13980,M5,13088,11,13099,-881,0,881
Job_162,7,12339,14037,M9,13092,48,13140,-897,0,897
Job_167,7,12619,13858,M7,13094,49,13143,-715,0,715
Job_158,9,11850,13161,M4,13106,55,13161,0,0,0
Job_164,7,12441,14048,M5,13119,46,13165,-883,0,883
Job_169,6,12736,13980,M6,13119,62,13181,-799,0,799
Job_173,0,13100,14889,M1,13124,91,13215,-1674,0,1674
Job_170,2,12832,14534,M2,13132,61,13193,-1341,0,1341
Job_162,8,12339,14037,M7,13143,36,13179,-858,0,858
Job_167,8,12619,13858,M9,13143,72,13215,-643,0,643
Job_161,8,12238,13939,M4,13161,90,13251,-688,0,688
Job_153,9,11600,13207,M8,13177,30,13207,0,0,0
Job_164,8,12441,14048,M7,13179,72,13251,-797,0,797
Job_163,6,12387,14268,M6,13181,40,13221,-1047,0,1047
Job_171,2,12960,14204,M2,13193,9,13202,-1002,0,1002
Job_147,9,11173,13237,M5,13194,43,13237,0,0,0
Job_171,3,12960,14204,M3,13202,36,13238,-966,0,966
Job_175,0,13186,14425,M2,13202,14,13216,-1209,0,1209
Job_165,4,12608,14171,M8,13207,48,13255,-916,0,916
Job_173,1,13100,14889,M0,13215,85,13300,-1589,0,1589
Job_174,0,13151,15214,M1,13215,81,13296,-1918,0,1918
Job_172,1,13040,14647,M2,13216,90,13306,-1341,0,1341
Job_170,3,12832,14534,M6,13221,7,13228,-1306,0,1306
Job_169,7,12736,13980,M7,13251,56,13307,-673,0,673
Job_171,4,12960,14204,M4,13251,49,13300,-904,0,904
Job_165,5,12608,14171,M9,13255,72,13327,-844,0,844
Job_170,4,12832,14534,M8,13255,64,13319,-1215,0,1215
Job_177,0,13290,14601,M1,13296,46,13342,-1259,0,1259
Job_166,3,12613,14677,M4,13300,99,13399,-1278,0,1278
Job_171,5,12960,14204,M5,13300,11,13311,-893,0,893
Job_173,2,13100,14889,M3,13300,39,13339,-1550,0,1550
Job_175,1,13186,14425,M0,13300,6,13306,-1119,0,1119
Job_176,0,13253,14816,M2,13306,84,13390,-1426,0,1426
Job_171,6,12960,14204,M6,13311,62,13373,-831,0,831
Job_169,8,12736,13980,M8,13319,44,13363,-617,0,617
Job_165,6,12608,14171,M0,13327,47,13374,-797,0,797
Job_170,5,12832,14534,M9,13327,76,13403,-1131,0,1131
Job_175,2,13186,14425,M1,13342,22,13364,-1061,0,1061
Job_157,9,11813,13376,M7,13351,25,13376,0,0,0
Job_168,4,12620,14410,M8,13363,90,13453,-957,0,957
Job_175,3,13186,14425,M5,13364,61,13425,-1000,0,1000
Job_165,7,12608,14171,M6,13374,65,13439,-732,0,732
Job_177,1,13290,14601,M0,13374,37,13411,-1190,0,1190
Job_163,7,12387,14268,M7,13376,89,13465,-803,0,803
Job_173,3,13100,14889,M2,13390,74,13464,-1425,0,1425
Job_176,1,13253,14816,M1,13390,2,13392,-1424,0,1424
Job_177,2,13290,14601,M3,13411,61,13472,-1129,0,1129
Job_154,9,11660,13449,M4,13416,33,13449,0,0,0
Job_170,6,12832,14534,M5,13425,47,13472,-1062,0,1062
Job_166,4,12613,14677,M6,13439,9,13448,-1229,0,1229
Job_165,8,12608,14171,M4,13449,6,13455,-716,0,716
Job_166,5,12613,14677,M8,13453,52,13505,-1172,0,1172
Job_172,2,13040,14647,M4,13455,75,13530,-1117,0,1117
Job_174,1,13151,15214,M2,13464,95,13559,-1655,0,1655
Job_171,7,12960,14204,M7,13465,56,13521,-683,0,683
Job_168,5,12620,14410,M5,13472,10,13482,-928,0,928
Job_175,4,13186,14425,M3,13472,26,13498,-927,0,927
Job_176,2,13253,14816,M5,13482,52,13534,-1282,0,1282
Job_170,7,12832,14534,M3,13498,52,13550,-984,0,984
Job_173,4,13100,14889,M8,13505,90,13595,-1294,0,1294
Job_168,6,12620,14410,M7,13521,12,13533,-877,0,877
Job_172,3,13040,14647,M9,13530,11,13541,-1106,0,1106
Job_175,5,13186,14425,M4,13530,69,13599,-826,0,826
Job_166,6,12613,14677,M7,13533,85,13618,-1059,0,1059
Job_168,7,12620,14410,M6,13533,89,13622,-788,0,788
Job_174,2,13151,15214,M0,13559,71,13630,-1584,0,1584
Job_177,3,13290,14601,M2,13559,13,13572,-1029,0,1029
Job_178,0,13433,15131,M2,13572,31,13603,-1528,0,1528
Job_171,8,12960,14204,M8,13595,44,13639,-565,0,565
Job_173,5,13100,14889,M5,13595,10,13605,-1284,0,1284
Job_163,8,12387,14268,M4,13599,26,13625,-643,0,643
Job_159,9,11993,13691,M3,13612,79,13691,0,0,0
Job_173,6,13100,14889,M7,13618,12,13630,-1259,0,1259
Job_168,8,12620,14410,M9,13622,45,13667,-743,0,743
Job_177,4,13290,14601,M6,13622,32,13654,-947,0,947
Job_170,8,12832,14534,M4,13625,90,13715,-819,0,819
Job_178,1,13433,15131,M0,13630,86,13716,-1415,0,1415
Job_175,6,13186,14425,M8,13639,21,13660,-765,0,765
Job_173,7,13100,14889,M6,13654,89,13743,-1146,0,1146
Job_177,5,13290,14601,M5,13654,21,13675,-926,0,926
Job_175,7,13186,14425,M7,13660,49,13709,-716,0,716
Job_177,6,13290,14601,M9,13675,32,13707,-894,0,894
Job_180,0,13678,15379,M1,13678,85,13763,-1616,0,1616
Job_172,4,13040,14647,M3,13691,69,13760,-887,0,887
Job_177,7,13290,14601,M8,13707,89,13796,-805,0,805
Job_175,8,13186,14425,M9,13709,72,13781,-644,0,644
Job_174,3,13151,15214,M4,13715,99,13814,-1400,0,1400
Job_179,0,13647,15527,M0,13716,76,13792,-1735,0,1735
Job_155,9,11711,13774,M5,13731,43,13774,0,0,0
Job_176,3,13253,14816,M3,13760,95,13855,-961,0,961
Job_172,5,13040,14647,M1,13763,28,13791,-856,0,856
Job_181,0,13779,15477,M2,13779,31,13810,-1667,0,1667
Job_173,8,13100,14889,M9,13781,45,13826,-1063,0,1063
Job_178,2,13433,15131,M1,13791,46,13837,-1294,0,1294
Job_180,1,13678,15379,M0,13792,13,13805,-1574,0,1574
Job_177,8,13290,14601,M7,13796,30,13826,-775,0,775
Job_167,9,12619,13858,M6,13805,53,13858,0,0,0
Job_180,2,13678,15379,M2,13810,61,13871,-1508,0,1508
Job_181,1,13779,15477,M0,13810,86,13896,-1581,0,1581
Job_178,3,13433,15131,M5,13837,74,13911,-1220,0,1220
Job_179,1,13647,15527,M1,13837,69,13906,-1621,0,1621
Job_166,7,12613,14677,M3,13855,98,13953,-724,0,724
Job_176,4,13253,14816,M8,13855,48,13903,-913,0,913
Job_172,6,13040,14647,M6,13858,46,13904,-743,0,743
Job_161,9,12238,13939,M7,13894,45,13939,0,0,0
Job_183,0,13881,15488,M0,13896,43,13939,-1549,0,1549
Job_174,4,13151,15214,M6,13904,9,13913,-1301,0,1301
Job_181,2,13779,15477,M1,13906,46,13952,-1525,0,1525
Job_172,7,13040,14647,M5,13911,46,13957,-690,0,690
Job_178,4,13433,15131,M4,13911,32,13943,-1188,0,1188
Job_174,5,13151,15214,M8,13913,52,13965,-1249,0,1249
Job_180,3,13678,15379,M6,13913,7,13920,-1459,0,1459
Job_182,0,13827,15708,M0,13939,76,14015,-1693,0,1693
Job_183,1,13881,15488,M2,13939,90,14029,-1459,0,1459
Job_178,5,13433,15131,M6,13943,88,14031,-1100,0,1100
Job_172,8,13040,14647,M7,13957,72,14029,-618,0,618
Job_181,3,13779,15477,M5,13957,74,14031,-1446,0,1446
Job_162,9,12339,14037,M3,13958,79,14037,0,0,0
Job_169,9,12736,13980,M9,13959,21,13980,0,0,0
Job_176,5,13253,14816,M9,13980,72,14052,-764,0,764
Job_164,9,12441,14048,M8,13983,30,14013,-35,0,35
Job_160,9,12207,14087,M8,14013,74,14087,0,0,0
Job_182,1,13827,15708,M1,14015,69,14084,-1624,0,1624
Job_174,6,13151,15214,M7,14029,85,14114,-1100,0,1100
Job_183,2,13881,15488,M4,14029,75,14104,-1384,0,1384
Job_179,2,13647,15527,M3,14037,76,14113,-1414,0,1414
Job_184,0,14048,15611,M2,14048,84,14132,-1479,0,1479
Job_166,8,12613,14677,M9,14052,22,14074,-603,0,603
Job_176,6,13253,14816,M0,14052,47,14099,-717,0,717
Job_187,0,14060,15850,M1,14084,91,14175,-1675,0,1675
Job_178,6,13433,15131,M8,14087,19,14106,-1025,0,1025
Job_176,7,13253,14816,M6,14099,65,14164,-652,0,652
Job_181,4,13779,15477,M4,14104,32,14136,-1341,0,1341
Job_183,3,13881,15488,M9,14104,11,14115,-1373,0,1373
Job_180,4,13678,15379,M8,14106,64,14170,-1209,0,1209
Job_179,3,13647,15527,M5,14113,51,14164,-1363,0,1363
Job_182,2,13827,15708,M3,14113,76,14189,-1519,0,1519
Job_178,7,13433,15131,M9,14115,48,14163,-968,0,968
Job_186,0,14059,15298,M2,14132,14,14146,-1152,0,1152
Job_165,9,12608,14171,M7,14146,25,14171,0,0,0
Job_186,1,14059,15298,M0,14146,6,14152,-1146,0,1146
Job_176,8,13253,14816,M4,14164,6,14170,-646,0,646
Job_179,4,13647,15527,M2,14164,85,14249,-1278,0,1278
Job_181,5,13779,15477,M6,14164,88,14252,-1225,0,1225
Job_178,8,13433,15131,M7,14171,36,14207,-924,0,924
Job_186,2,14059,15298,M1,14175,22,14197,-1101,0,1101
Job_187,1,14060,15850,M0,14175,85,14260,-1590,0,1590
Job_171,9,12960,14204,M9,14183,21,14204,0,0,0
Job_174,7,13151,15214,M3,14189,98,14287,-927,0,927
Job_182,3,13827,15708,M5,14189,51,14240,-1468,0,1468
Job_163,9,12387,14268,M8,14194,74,14268,0,0,0
Job_184,1,14048,15611,M1,14197,2,14199,-1412,0,1412
Job_185,0,14053,16117,M1,14199,81,14280,-1837,0,1837
Job_180,5,13678,15379,M9,14204,76,14280,-1099,0,1099
Job_186,3,14059,15298,M5,14240,61,14301,-997,0,997
Job_182,4,13827,15708,M2,14249,85,14334,-1374,0,1374
Job_188,0,14176,15420,M0,14260,29,14289,-1131,0,1131
Job_181,6,13779,15477,M8,14268,19,14287,-1190,0,1190
Job_179,5,13647,15527,M9,14280,11,14291,-1236,0,1236
Job_189,0,14272,15974,M1,14280,85,14365,-1609,0,1609
Job_183,4,13881,15488,M3,14287,69,14356,-1132,0,1132
Job_174,8,13151,15214,M9,14291,22,14313,-901,0,901
Job_179,6,13647,15527,M6,14291,40,14331,-1196,0,1196
Job_184,2,14048,15611,M5,14301,52,14353,-1258,0,1258
Job_181,7,13779,15477,M9,14313,48,14361,-1116,0,1116
Job_179,7,13647,15527,M7,14331,89,14420,-1107,0,1107
Job_185,1,14053,16117,M2,14334,95,14429,-1688,0,1688
Job_180,6,13678,15379,M5,14353,47,14400,-979,0,979
Job_186,4,14059,15298,M3,14356,26,14382,-916,0,916
Job_182,5,13827,15708,M9,14361,11,14372,-1336,0,1336
Job_188,1,14176,15420,M1,14365,78,14443,-977,0,977
Job_189,1,14272,15974,M0,14365,13,14378,-1596,0,1596
Job_175,9,13186,14425,M6,14372,53,14425,0,0,0
Job_168,9,12620,14410,M4,14377,33,14410,0,0,0
Job_184,3,14048,15611,M3,14382,95,14477,-1134,0,1134
Job_186,5,14059,15298,M4,14410,69,14479,-819,0,819
Job_181,8,13779,15477,M7,14420,36,14456,-1021,0,1021
Job_182,6,13827,15708,M6,14425,40,14465,-1243,0,1243
Job_185,2,14053,16117,M0,14429,71,14500,-1617,0,1617
Job_189,2,14272,15974,M2,14429,61,14490,-1484,0,1484
Job_183,5,13881,15488,M1,14443,28,14471,-1017,0,1017
Job_183,6,13881,15488,M6,14471,46,14517,-971,0,971
Job_180,7,13678,15379,M3,14477,52,14529,-850,0,850
Job_184,4,14048,15611,M8,14477,48,14525,-1086,0,1086
Job_179,8,13647,15527,M4,14479,26,14505,-1022,0,1022
Job_170,9,12832,14534,M7,14489,45,14534,0,0,0
Job_188,2,14176,15420,M2,14490,9,14499,-921,0,921
Job_183,7,13881,15488,M5,14517,46,14563,-925,0,925
Job_189,3,14272,15974,M6,14517,7,14524,-1450,0,1450
Job_184,5,14048,15611,M9,14525,72,14597,-1014,0,1014
Job_186,6,14059,15298,M8,14525,21,14546,-752,0,752
Job_188,3,14176,15420,M3,14529,36,14565,-855,0,855
Job_182,7,13827,15708,M7,14534,89,14623,-1085,0,1085
Job_177,9,13290,14601,M4,14546,55,14601,0,0,0
Job_189,4,14272,15974,M8,14546,64,14610,-1364,0,1364
Job_187,2,14060,15850,M3,14565,39,14604,-1246,0,1246
Job_184,6,14048,15611,M0,14597,47,14644,-967,0,967
Job_188,4,14176,15420,M4,14601,49,14650,-770,0,770
Job_187,3,14060,15850,M2,14604,74,14678,-1172,0,1172
Job_189,5,14272,15974,M9,14610,76,14686,-1288,0,1288
Job_172,9,13040,14647,M8,14617,30,14647,0,0,0
Job_186,7,14059,15298,M7,14623,49,14672,-626,0,626
Job_166,9,12613,14677,M5,14634,43,14677,0,0,0
Job_184,7,14048,15611,M6,14644,65,14709,-902,0,902
Job_180,8,13678,15379,M4,14650,90,14740,-639,0,639
Job_183,8,13881,15488,M7,14672,72,14744,-744,0,744
Job_188,5,14176,15420,M5,14677,11,14688,-732,0,732
Job_187,4,14060,15850,M8,14678,90,14768,-1082,0,1082
Job_186,8,14059,15298,M9,14686,72,14758,-540,0,540
Job_189,6,14272,15974,M5,14688,47,14735,-1239,0,1239
Job_188,6,14176,15420,M6,14709,62,14771,-649,0,649
Job_189,7,14272,15974,M3,14735,52,14787,-1187,0,1187
Job_184,8,14048,15611,M4,14740,6,14746,-865,0,865
Job_182,8,13827,15708,M4,14746,26,14772,-936,0,936
Job_187,5,14060,15850,M5,14768,10,14778,-1072,0,1072
Job_187,6,14060,15850,M7,14778,12,14790,-1060,0,1060
Job_187,7,14060,15850,M6,14790,89,14879,-971,0,971
Job_176,9,13253,14816,M7,14791,25,14816,0,0,0
Job_188,7,14176,15420,M7,14816,56,14872,-548,0,548
Job_173,9,13100,14889,M4,14856,33,14889,0,0,0
Job_188,8,14176,15420,M8,14872,44,14916,-504,0,504
Job_187,8,14060,15850,M9,14879,45,14924,-926,0,926
Job_185,3,14053,16117,M4,14889,99,14988,-1129,0,1129
Job_185,4,14053,16117,M6,14988,9,14997,-1120,0,1120
Job_189,8,14272,15974,M4,14988,90,15078,-896,0,896
Job_185,5,14053,16117,M8,14997,52,15049,-1068,0,1068
Job_185,6,14053,16117,M7,15049,85,15134,-983,0,983
Job_178,9,13433,15131,M3,15052,79,15131,0,0,0
Job_185,7,14053,16117,M3,15134,98,15232,-885,0,885
Job_174,9,13151,15214,M5,15171,43,15214,0,0,0
Job_185,8,14053,16117,M9,15232,22,15254,-863,0,863
Job_186,9,14059,15298,M6,15245,53,15298,0,0,0
Job_180,9,13678,15379,M7,15334,45,15379,0,0,0
Job_181,9,13779,15477,M3,15398,79,15477,0,0,0
Job_188,9,14176,15420,M9,15399,21,15420,0,0,0
Job_183,9,13881,15488,M8,15423,30,15453,-35,0,35
Job_179,9,13647,15527,M8,15453,74,15527,0,0,0
Job_184,9,14048,15611,M7,15586,25,15611,0,0,0
Job_182,9,13827,15708,M8,15634,74,15708,0,0,0
Job_187,9,14060,15850,M4,15817,33,15850,0,0,0
Job_189,9,14272,15974,M7,15929,45,15974,0,0,0
Job_185,9,14053,16117,M5,16074,43,16117,0,0,0
