Job,Operation,Arrival,Deadline,Machine,Start,Processing Time,End,Lateness,Tardiness,Earliness
Job_038,0,2880,4124,M0,2905,29,2934,-1190,0,1190
Job_035,3,2540,4330,M2,2932,74,3006,-1324,0,1324
Job_031,5,2361,3968,M1,2934,28,2962,-1006,0,1006
Job_037,1,2752,4454,M0,2934,13,2947,-1507,0,1507
Job_032,5,2528,4091,M9,2940,72,3012,-1079,0,1079
Job_039,0,2960,4567,M0,2960,43,3003,-1564,0,1564
Job_031,6,2361,3968,M6,2962,46,3008,-960,0,960
Job_036,1,2656,3900,M1,2962,78,3040,-860,0,860
Job_018,9,1312,3014,M7,2969,45,3014,0,0,0
Job_016,9,1100,2890,M4,2974,33,3007,117,117,0
Job_037,2,2752,4454,M2,3006,61,3067,-1387,0,1387
Job_031,7,2361,3968,M5,3008,46,3054,-914,0,914
Job_025,9,1770,3081,M4,3012,55,3067,-14,0,14
Job_032,6,2528,4091,M0,3012,47,3059,-1032,0,1032
Job_022,6,1631,3694,M7,3014,85,3099,-595,0,595
Job_038,1,2880,4124,M1,3040,78,3118,-1006,0,1006
Job_020,9,1520,3127,M8,3044,30,3074,-53,0,53
Job_033,2,2533,4597,M0,3059,71,3130,-1467,0,1467
Job_034,5,2539,3778,M4,3067,69,3136,-642,0,642
Job_036,2,2656,3900,M2,3067,9,3076,-824,0,824
Job_037,3,2752,4454,M6,3067,7,3074,-1380,0,1380
Job_032,7,2528,4091,M6,3074,65,3139,-952,0,952
Job_037,4,2752,4454,M8,3074,64,3138,-1316,0,1316
Job_036,3,2656,3900,M3,3076,36,3112,-788,0,788
Job_039,1,2960,4567,M2,3076,90,3166,-1401,0,1401
Job_031,8,2361,3968,M7,3099,72,3171,-797,0,797
Job_022,7,1631,3694,M3,3112,98,3210,-484,0,484
Job_014,9,1093,3157,M5,3114,43,3157,0,0,0
Job_029,4,2259,3957,M4,3136,32,3168,-789,0,789
Job_034,6,2539,3778,M8,3138,21,3159,-619,0,619
Job_037,5,2752,4454,M9,3138,76,3214,-1240,0,1240
Job_040,0,3020,4809,M1,3152,91,3243,-1566,0,1566
Job_035,4,2540,4330,M8,3159,90,3249,-1081,0,1081
Job_042,0,3106,4345,M2,3166,14,3180,-1165,0,1165
Job_029,5,2259,3957,M6,3168,88,3256,-701,0,701
Job_032,8,2528,4091,M4,3168,6,3174,-917,0,917
Job_034,7,2539,3778,M7,3171,49,3220,-558,0,558
Job_036,4,2656,3900,M4,3174,49,3223,-677,0,677
Job_038,2,2880,4124,M2,3180,9,3189,-935,0,935
Job_042,1,3106,4345,M0,3180,6,3186,-1159,0,1159
Job_043,0,3173,4736,M2,3189,84,3273,-1463,0,1463
Job_038,3,2880,4124,M3,3210,36,3246,-878,0,878
Job_037,6,2752,4454,M5,3214,47,3261,-1193,0,1193
Job_034,8,2539,3778,M9,3220,72,3292,-486,0,486
Job_039,2,2960,4567,M4,3223,75,3298,-1269,0,1269
Job_040,1,3020,4809,M0,3243,85,3328,-1481,0,1481
Job_044,0,3210,4521,M1,3243,46,3289,-1232,0,1232
Job_029,6,2259,3957,M8,3256,19,3275,-682,0,682
Job_036,5,2656,3900,M5,3261,11,3272,-628,0,628
Job_024,9,1733,3296,M7,3271,25,3296,0,0,0
Job_035,5,2540,4330,M5,3272,10,3282,-1048,0,1048
Job_036,6,2656,3900,M6,3272,62,3334,-566,0,566
Job_027,4,2127,4007,M2,3273,85,3358,-649,0,649
Job_037,7,2752,4454,M3,3277,52,3329,-1125,0,1125
Job_042,2,3106,4345,M1,3289,22,3311,-1034,0,1034
Job_035,6,2540,4330,M7,3296,12,3308,-1022,0,1022
Job_030,8,2307,4188,M4,3298,26,3324,-864,0,864
Job_039,3,2960,4567,M9,3298,11,3309,-1258,0,1258
Job_022,8,1631,3694,M9,3309,22,3331,-363,0,363
Job_043,1,3173,4736,M1,3314,2,3316,-1420,0,1420
Job_041,0,3071,5134,M1,3316,81,3397,-1737,0,1737
Job_043,2,3173,4736,M5,3316,52,3368,-1368,0,1368
Job_040,2,3020,4809,M3,3329,39,3368,-1441,0,1441
Job_029,7,2259,3957,M9,3331,48,3379,-578,0,578
Job_035,7,2540,4330,M6,3334,89,3423,-907,0,907
Job_036,7,2656,3900,M7,3334,56,3390,-510,0,510
Job_021,9,1580,3369,M4,3336,33,3369,0,0,0
Job_045,0,3353,5051,M2,3358,31,3389,-1662,0,1662
Job_043,3,3173,4736,M3,3368,95,3463,-1273,0,1273
Job_033,3,2533,4597,M4,3369,99,3468,-1129,0,1129
Job_042,3,3106,4345,M5,3385,61,3446,-899,0,899
Job_045,1,3353,5051,M0,3389,86,3475,-1576,0,1576
Job_029,8,2259,3957,M7,3390,36,3426,-531,0,531
Job_036,8,2656,3900,M8,3390,44,3434,-466,0,466
Job_041,1,3071,5134,M2,3397,95,3492,-1642,0,1642
Job_035,8,2540,4330,M9,3423,45,3468,-862,0,862
Job_026,8,1913,3611,M7,3426,36,3462,-149,0,149
Job_039,4,2960,4567,M3,3463,69,3532,-1035,0,1035
Job_043,4,3173,4736,M8,3463,48,3511,-1225,0,1225
Job_033,4,2533,4597,M6,3468,9,3477,-1120,0,1120
Job_038,4,2880,4124,M4,3468,49,3517,-607,0,607
Job_044,1,3210,4521,M0,3475,37,3512,-1009,0,1009
Job_027,5,2127,4007,M9,3477,11,3488,-519,0,519
Job_045,2,3353,5051,M1,3485,46,3531,-1520,0,1520
Job_027,6,2127,4007,M6,3488,40,3528,-479,0,479
Job_040,3,3020,4809,M2,3492,74,3566,-1243,0,1243
Job_033,5,2533,4597,M8,3511,52,3563,-1034,0,1034
Job_041,2,3071,5134,M0,3512,71,3583,-1551,0,1551
Job_038,5,2880,4124,M5,3517,11,3528,-596,0,596
Job_038,6,2880,4124,M6,3528,62,3590,-534,0,534
Job_045,3,3353,5051,M5,3531,74,3605,-1446,0,1446
Job_026,9,1913,3611,M3,3532,79,3611,0,0,0
Job_039,5,2960,4567,M1,3532,28,3560,-1007,0,1007
Job_043,5,3173,4736,M9,3554,72,3626,-1110,0,1110
Job_033,6,2533,4597,M7,3563,85,3648,-949,0,949
Job_040,4,3020,4809,M8,3580,90,3670,-1139,0,1139
Job_046,0,3567,5447,M0,3583,76,3659,-1788,0,1788
Job_039,6,2960,4567,M6,3590,46,3636,-931,0,931
Job_047,0,3598,5299,M1,3598,85,3683,-1616,0,1616
Job_045,4,3353,5051,M4,3605,32,3637,-1414,0,1414
Job_044,2,3210,4521,M3,3611,61,3672,-849,0,849
Job_041,3,3071,5134,M4,3637,99,3736,-1398,0,1398
Job_045,5,3353,5051,M6,3637,88,3725,-1326,0,1326
Job_038,7,2880,4124,M7,3648,56,3704,-420,0,420
Job_022,9,1631,3694,M5,3651,43,3694,0,0,0
Job_043,6,3173,4736,M0,3659,47,3706,-1030,0,1030
Job_042,4,3106,4345,M3,3672,26,3698,-647,0,647
Job_044,3,3210,4521,M2,3672,13,3685,-836,0,836
Job_046,1,3567,5447,M1,3683,69,3752,-1695,0,1695
Job_040,5,3020,4809,M5,3694,10,3704,-1105,0,1105
Job_033,7,2533,4597,M3,3698,98,3796,-801,0,801
Job_048,0,3699,5397,M2,3699,31,3730,-1667,0,1667
Job_039,7,2960,4567,M5,3704,46,3750,-817,0,817
Job_040,6,3020,4809,M7,3704,12,3716,-1093,0,1093
Job_047,1,3598,5299,M0,3706,13,3719,-1580,0,1580
Job_027,7,2127,4007,M7,3716,89,3805,-202,0,202
Job_034,9,2539,3778,M6,3725,53,3778,0,0,0
Job_045,6,3353,5051,M8,3725,19,3744,-1307,0,1307
Job_047,2,3598,5299,M2,3730,61,3791,-1508,0,1508
Job_048,1,3699,5397,M0,3730,86,3816,-1581,0,1581
Job_042,5,3106,4345,M4,3736,69,3805,-540,0,540
Job_045,7,3353,5051,M9,3744,48,3792,-1259,0,1259
Job_038,8,2880,4124,M8,3761,44,3805,-319,0,319
Job_041,4,3071,5134,M6,3778,9,3787,-1347,0,1347
Job_047,3,3598,5299,M6,3791,7,3798,-1501,0,1501
Job_033,8,2533,4597,M9,3796,22,3818,-779,0,779
Job_046,2,3567,5447,M3,3796,76,3872,-1575,0,1575
Job_043,7,3173,4736,M6,3798,65,3863,-873,0,873
Job_027,8,2127,4007,M4,3805,26,3831,-176,0,176
Job_042,6,3106,4345,M8,3805,21,3826,-519,0,519
Job_028,9,2158,3859,M7,3814,45,3859,0,0,0
Job_048,2,3699,5397,M1,3816,46,3862,-1535,0,1535
Job_050,0,3801,5408,M0,3816,43,3859,-1549,0,1549
Job_047,4,3598,5299,M8,3826,64,3890,-1409,0,1409
Job_037,8,2752,4454,M4,3831,90,3921,-533,0,533
Job_042,7,3106,4345,M7,3859,49,3908,-437,0,437
Job_049,0,3747,5628,M0,3859,76,3935,-1693,0,1693
Job_050,1,3801,5408,M2,3859,90,3949,-1459,0,1459
Job_048,3,3699,5397,M5,3862,74,3936,-1461,0,1461
Job_040,7,3020,4809,M6,3863,89,3952,-857,0,857
Job_029,9,2259,3957,M3,3878,79,3957,0,0,0
Job_036,9,2656,3900,M9,3879,21,3900,0,0,0
Job_047,5,3598,5299,M9,3900,76,3976,-1323,0,1323
Job_031,9,2361,3968,M8,3903,30,3933,-35,0,35
Job_039,8,2960,4567,M7,3908,72,3980,-587,0,587
Job_043,8,3173,4736,M4,3921,6,3927,-809,0,809
Job_027,9,2127,4007,M8,3933,74,4007,0,0,0
Job_046,3,3567,5447,M5,3936,51,3987,-1460,0,1460
Job_048,4,3699,5397,M4,3936,32,3968,-1429,0,1429
Job_044,4,3210,4521,M6,3961,32,3993,-528,0,528
Job_050,2,3801,5408,M4,3968,75,4043,-1365,0,1365
Job_052,0,3973,6037,M1,3973,81,4054,-1983,0,1983
Job_042,8,3106,4345,M9,3976,72,4048,-297,0,297
Job_053,0,3979,5218,M2,3979,14,3993,-1225,0,1225
Job_045,8,3353,5051,M7,3980,36,4016,-1035,0,1035
Job_047,6,3598,5299,M5,3987,47,4034,-1265,0,1265
Job_048,5,3699,5397,M6,3993,88,4081,-1316,0,1316
Job_051,0,3968,5531,M2,3993,84,4077,-1454,0,1454
Job_053,1,3979,5218,M0,3993,6,3999,-1219,0,1219
Job_041,5,3071,5134,M8,4007,52,4059,-1075,0,1075
Job_044,5,3210,4521,M5,4034,21,4055,-466,0,466
Job_047,7,3598,5299,M3,4034,52,4086,-1213,0,1213
Job_050,3,3801,5408,M9,4048,11,4059,-1349,0,1349
Job_053,2,3979,5218,M1,4054,22,4076,-1142,0,1142
Job_044,6,3210,4521,M9,4059,32,4091,-430,0,430
Job_032,9,2528,4091,M7,4066,25,4091,0,0,0
Job_053,3,3979,5218,M5,4076,61,4137,-1081,0,1081
Job_051,1,3968,5531,M1,4077,2,4079,-1452,0,1452
Job_052,1,3973,6037,M2,4077,95,4172,-1865,0,1865
Job_054,0,3980,5770,M1,4079,91,4170,-1600,0,1600
Job_048,6,3699,5397,M8,4081,19,4100,-1297,0,1297
Job_047,8,3598,5299,M4,4086,90,4176,-1123,0,1123
Job_050,4,3801,5408,M3,4086,69,4155,-1253,0,1253
Job_041,6,3071,5134,M7,4091,85,4176,-958,0,958
Job_055,0,4096,5340,M0,4096,29,4125,-1215,0,1215
Job_038,9,2880,4124,M9,4103,21,4124,0,0,0
Job_030,9,2307,4188,M8,4114,74,4188,0,0,0
Job_040,8,3020,4809,M9,4124,45,4169,-640,0,640
Job_051,2,3968,5531,M5,4137,52,4189,-1342,0,1342
Job_053,4,3979,5218,M3,4155,26,4181,-1037,0,1037
Job_048,7,3699,5397,M9,4169,48,4217,-1180,0,1180
Job_050,5,3801,5408,M1,4170,28,4198,-1210,0,1210
Job_046,4,3567,5447,M2,4172,85,4257,-1190,0,1190
Job_052,2,3973,6037,M0,4173,71,4244,-1793,0,1793
Job_053,5,3979,5218,M4,4181,69,4250,-968,0,968
Job_044,7,3210,4521,M8,4188,89,4277,-244,0,244
Job_051,3,3968,5531,M3,4189,95,4284,-1247,0,1247
Job_050,6,3801,5408,M6,4198,46,4244,-1164,0,1164
Job_056,0,4192,5894,M1,4198,85,4283,-1611,0,1611
Job_048,8,3699,5397,M7,4217,36,4253,-1144,0,1144
Job_050,7,3801,5408,M5,4244,46,4290,-1118,0,1118
Job_046,5,3567,5447,M9,4257,11,4268,-1179,0,1179
Job_044,8,3210,4521,M7,4277,30,4307,-214,0,214
Job_053,6,3979,5218,M8,4277,21,4298,-920,0,920
Job_055,1,4096,5340,M1,4283,78,4361,-979,0,979
Job_056,1,4192,5894,M0,4283,13,4296,-1598,0,1598
Job_042,9,3106,4345,M6,4292,53,4345,0,0,0
Job_054,1,3980,5770,M0,4296,85,4381,-1389,0,1389
Job_056,2,4192,5894,M2,4296,61,4357,-1537,0,1537
Job_035,9,2540,4330,M4,4297,33,4330,0,0,0
Job_051,4,3968,5531,M8,4298,48,4346,-1185,0,1185
Job_050,8,3801,5408,M7,4307,72,4379,-1029,0,1029
Job_052,3,3973,6037,M4,4330,99,4429,-1608,0,1608
Job_051,5,3968,5531,M9,4346,72,4418,-1113,0,1113
Job_056,3,4192,5894,M6,4357,7,4364,-1530,0,1530
Job_049,1,3747,5628,M1,4361,69,4430,-1198,0,1198
Job_055,2,4096,5340,M2,4361,9,4370,-970,0,970
Job_046,6,3567,5447,M6,4364,40,4404,-1043,0,1043
Job_056,4,4192,5894,M8,4364,64,4428,-1466,0,1466
Job_055,3,4096,5340,M3,4370,36,4406,-934,0,934
Job_057,0,4320,5564,M0,4381,29,4410,-1154,0,1154
Job_054,2,3980,5770,M3,4406,39,4445,-1325,0,1325
Job_037,9,2752,4454,M7,4409,45,4454,0,0,0
Job_051,6,3968,5531,M0,4418,47,4465,-1066,0,1066
Job_056,5,4192,5894,M9,4428,76,4504,-1390,0,1390
Job_052,4,3973,6037,M6,4429,9,4438,-1599,0,1599
Job_052,5,3973,6037,M8,4438,52,4490,-1547,0,1547
Job_049,2,3747,5628,M3,4445,76,4521,-1107,0,1107
Job_054,3,3980,5770,M2,4445,74,4519,-1251,0,1251
Job_053,7,3979,5218,M7,4454,49,4503,-715,0,715
Job_059,0,4460,6249,M1,4460,91,4551,-1698,0,1698
Job_051,7,3968,5531,M6,4465,65,4530,-1001,0,1001
Job_058,0,4400,6007,M0,4465,43,4508,-1499,0,1499
Job_044,9,3210,4521,M4,4466,55,4521,0,0,0
Job_052,6,3973,6037,M7,4503,85,4588,-1449,0,1449
Job_053,8,3979,5218,M9,4504,72,4576,-642,0,642
Job_056,6,4192,5894,M5,4504,47,4551,-1343,0,1343
Job_058,1,4400,6007,M2,4519,90,4609,-1398,0,1398
Job_051,8,3968,5531,M4,4530,6,4536,-995,0,995
Job_055,4,4096,5340,M4,4536,49,4585,-755,0,755
Job_039,9,2960,4567,M8,4537,30,4567,0,0,0
Job_056,7,4192,5894,M3,4551,52,4603,-1291,0,1291
Job_057,1,4320,5564,M1,4551,78,4629,-935,0,935
Job_059,1,4460,6249,M0,4551,85,4636,-1613,0,1613
Job_033,9,2533,4597,M5,4554,43,4597,0,0,0
Job_054,4,3980,5770,M8,4567,90,4657,-1113,0,1113
Job_046,7,3567,5447,M7,4588,89,4677,-770,0,770
Job_055,5,4096,5340,M5,4597,11,4608,-732,0,732
Job_041,7,3071,5134,M3,4603,98,4701,-433,0,433
Job_056,8,4192,5894,M4,4603,90,4693,-1201,0,1201
Job_049,3,3747,5628,M5,4608,51,4659,-969,0,969
Job_055,6,4096,5340,M6,4608,62,4670,-670,0,670
Job_061,0,4546,5785,M2,4609,14,4623,-1162,0,1162
Job_057,2,4320,5564,M2,4629,9,4638,-926,0,926
Job_061,1,4546,5785,M0,4636,6,4642,-1143,0,1143
Job_063,0,4650,5961,M1,4650,46,4696,-1265,0,1265
Job_049,4,3747,5628,M2,4659,85,4744,-884,0,884
Job_054,5,3980,5770,M5,4659,10,4669,-1101,0,1101
Job_054,6,3980,5770,M7,4677,12,4689,-1081,0,1081
Job_054,7,3980,5770,M6,4689,89,4778,-992,0,992
Job_046,8,3567,5447,M4,4693,26,4719,-728,0,728
Job_061,2,4546,5785,M1,4696,22,4718,-1067,0,1067
Job_063,1,4650,5961,M0,4696,37,4733,-1228,0,1228
Job_041,8,3071,5134,M9,4701,22,4723,-411,0,411
Job_057,3,4320,5564,M3,4701,36,4737,-827,0,827
Job_043,9,3173,4736,M7,4711,25,4736,0,0,0
Job_060,0,4511,6574,M1,4718,81,4799,-1775,0,1775
Job_061,3,4546,5785,M5,4718,61,4779,-1006,0,1006
Job_055,7,4096,5340,M7,4736,56,4792,-548,0,548
Job_063,2,4650,5961,M3,4737,61,4798,-1163,0,1163
Job_049,5,3747,5628,M9,4744,11,4755,-873,0,873
Job_062,0,4613,6176,M2,4744,84,4828,-1348,0,1348
Job_040,9,3020,4809,M4,4776,33,4809,0,0,0
Job_049,6,3747,5628,M6,4778,40,4818,-810,0,810
Job_054,8,3980,5770,M9,4778,45,4823,-947,0,947
Job_055,8,4096,5340,M8,4792,44,4836,-504,0,504
Job_061,4,4546,5785,M3,4798,26,4824,-961,0,961
Job_057,4,4320,5564,M4,4809,49,4858,-706,0,706
Job_049,7,3747,5628,M7,4818,89,4907,-721,0,721
Job_059,2,4460,6249,M3,4824,39,4863,-1386,0,1386
Job_062,1,4613,6176,M1,4828,2,4830,-1346,0,1346
Job_063,3,4650,5961,M2,4828,13,4841,-1120,0,1120
Job_060,1,4511,6574,M2,4841,95,4936,-1638,0,1638
Job_063,4,4650,5961,M6,4841,32,4873,-1088,0,1088
Job_057,5,4320,5564,M5,4862,11,4873,-691,0,691
Job_052,7,3973,6037,M3,4863,98,4961,-1076,0,1076
Job_063,5,4650,5961,M5,4873,21,4894,-1067,0,1067
Job_057,6,4320,5564,M6,4893,62,4955,-609,0,609
Job_062,2,4613,6176,M5,4894,52,4946,-1230,0,1230
Job_049,8,3747,5628,M4,4907,26,4933,-695,0,695
Job_063,6,4650,5961,M9,4914,32,4946,-1015,0,1015
Job_061,5,4546,5785,M4,4933,69,5002,-783,0,783
Job_059,3,4460,6249,M2,4936,74,5010,-1239,0,1239
Job_060,2,4511,6574,M0,4936,71,5007,-1567,0,1567
Job_063,7,4650,5961,M8,4946,89,5035,-926,0,926
Job_057,7,4320,5564,M7,4955,56,5011,-553,0,553
Job_052,8,3973,6037,M9,4961,22,4983,-1054,0,1054
Job_045,9,3353,5051,M3,4972,79,5051,0,0,0
Job_058,2,4400,6007,M4,5002,75,5077,-930,0,930
Job_064,0,4793,6491,M2,5010,31,5041,-1450,0,1450
Job_065,0,5007,6887,M0,5015,76,5091,-1796,0,1796
Job_057,8,4320,5564,M8,5035,44,5079,-485,0,485
Job_063,8,4650,5961,M7,5035,30,5065,-896,0,896
Job_066,0,5038,6739,M1,5038,85,5123,-1616,0,1616
Job_062,3,4613,6176,M3,5051,95,5146,-1030,0,1030
Job_058,3,4400,6007,M9,5077,11,5088,-919,0,919
Job_060,3,4511,6574,M4,5077,99,5176,-1398,0,1398
Job_061,6,4546,5785,M8,5079,21,5100,-685,0,685
Job_041,9,3071,5134,M5,5091,43,5134,0,0,0
Job_059,4,4460,6249,M8,5100,90,5190,-1059,0,1059
Job_061,7,4546,5785,M7,5100,49,5149,-636,0,636
Job_065,1,5007,6887,M1,5123,69,5192,-1695,0,1695
Job_066,1,5038,6739,M0,5123,13,5136,-1603,0,1603
Job_067,0,5139,6837,M2,5139,31,5170,-1667,0,1667
Job_058,4,4400,6007,M3,5146,69,5215,-792,0,792
Job_061,8,4546,5785,M9,5149,72,5221,-564,0,564
Job_053,9,3979,5218,M6,5165,53,5218,0,0,0
Job_066,2,5038,6739,M2,5170,61,5231,-1508,0,1508
Job_067,1,5139,6837,M0,5170,86,5256,-1581,0,1581
Job_059,5,4460,6249,M5,5190,10,5200,-1049,0,1049
Job_062,4,4613,6176,M8,5190,48,5238,-938,0,938
Job_059,6,4460,6249,M7,5200,12,5212,-1037,0,1037
Job_058,5,4400,6007,M1,5215,28,5243,-764,0,764
Job_065,2,5007,6887,M3,5215,76,5291,-1596,0,1596
Job_059,7,4460,6249,M6,5218,89,5307,-942,0,942
Job_062,5,4613,6176,M9,5238,72,5310,-866,0,866
Job_047,9,3598,5299,M7,5254,45,5299,0,0,0
Job_064,1,4793,6491,M0,5256,86,5342,-1149,0,1149
Job_067,2,5139,6837,M1,5256,46,5302,-1535,0,1535
Job_058,6,4400,6007,M6,5307,46,5353,-654,0,654
Job_067,3,5139,6837,M5,5310,74,5384,-1453,0,1453
Job_048,9,3699,5397,M3,5318,79,5397,0,0,0
Job_055,9,4096,5340,M9,5319,21,5340,0,0,0
Job_059,8,4460,6249,M9,5340,45,5385,-864,0,864
Job_062,6,4613,6176,M0,5342,47,5389,-787,0,787
Job_064,2,4793,6491,M1,5342,46,5388,-1103,0,1103
Job_050,9,3801,5408,M8,5343,30,5373,-35,0,35
Job_060,4,4511,6574,M6,5353,9,5362,-1212,0,1212
Job_066,3,5038,6739,M6,5362,7,5369,-1370,0,1370
Job_046,9,3567,5447,M8,5373,74,5447,0,0,0
Job_058,7,4400,6007,M5,5384,46,5430,-577,0,577
Job_067,4,5139,6837,M4,5384,32,5416,-1421,0,1421
Job_062,7,4613,6176,M6,5389,65,5454,-722,0,722
Job_069,0,5241,6848,M0,5389,43,5432,-1416,0,1416
Job_070,0,5408,6971,M2,5408,84,5492,-1479,0,1479
Job_071,0,5413,7477,M1,5413,81,5494,-1983,0,1983
Job_058,8,4400,6007,M7,5430,72,5502,-505,0,505
Job_064,3,4793,6491,M5,5430,74,5504,-987,0,987
Job_068,0,5187,7068,M0,5432,76,5508,-1560,0,1560
Job_060,5,4511,6574,M8,5447,52,5499,-1075,0,1075
Job_062,8,4613,6176,M4,5454,6,5460,-716,0,716
Job_067,5,5139,6837,M6,5454,88,5542,-1295,0,1295
Job_069,1,5241,6848,M2,5492,90,5582,-1266,0,1266
Job_070,1,5408,6971,M1,5494,2,5496,-1475,0,1475
Job_073,0,5420,7210,M1,5496,91,5587,-1623,0,1623
Job_064,4,4793,6491,M4,5504,32,5536,-955,0,955
Job_065,3,5007,6887,M5,5504,51,5555,-1332,0,1332
Job_051,9,3968,5531,M7,5506,25,5531,0,0,0
Job_060,6,4511,6574,M7,5531,85,5616,-958,0,958
Job_074,0,5536,6780,M0,5536,29,5565,-1215,0,1215
Job_064,5,4793,6491,M6,5542,88,5630,-861,0,861
Job_057,9,4320,5564,M9,5543,21,5564,0,0,0
Job_049,9,3747,5628,M8,5554,74,5628,0,0,0
Job_070,2,5408,6971,M5,5555,52,5607,-1364,0,1364
Job_069,2,5241,6848,M4,5582,75,5657,-1191,0,1191
Job_072,0,5419,6658,M2,5582,14,5596,-1062,0,1062
Job_073,1,5420,7210,M0,5587,85,5672,-1538,0,1538
Job_074,1,5536,6780,M1,5587,78,5665,-1115,0,1115
Job_065,4,5007,6887,M2,5596,85,5681,-1206,0,1206
Job_070,3,5408,6971,M3,5607,95,5702,-1269,0,1269
Job_066,4,5038,6739,M8,5628,64,5692,-1047,0,1047
Job_069,3,5241,6848,M9,5657,11,5668,-1180,0,1180
Job_068,1,5187,7068,M1,5665,69,5734,-1334,0,1334
Job_072,1,5419,6658,M0,5672,6,5678,-980,0,980
Job_065,5,5007,6887,M9,5681,11,5692,-1195,0,1195
Job_074,2,5536,6780,M2,5681,9,5690,-1090,0,1090
Job_071,1,5413,7477,M2,5690,95,5785,-1692,0,1692
Job_064,6,4793,6491,M8,5692,19,5711,-780,0,780
Job_065,6,5007,6887,M6,5692,40,5732,-1155,0,1155
Job_066,5,5038,6739,M9,5692,76,5768,-971,0,971
Job_060,7,4511,6574,M3,5702,98,5800,-774,0,774
Job_067,6,5139,6837,M8,5711,19,5730,-1107,0,1107
Job_070,4,5408,6971,M8,5730,48,5778,-1193,0,1193
Job_061,9,4546,5785,M6,5732,53,5785,0,0,0
Job_065,7,5007,6887,M7,5732,89,5821,-1066,0,1066
Job_072,2,5419,6658,M1,5734,22,5756,-902,0,902
Job_054,9,3980,5770,M4,5737,33,5770,0,0,0
Job_072,3,5419,6658,M5,5756,61,5817,-841,0,841
Job_075,0,5632,7334,M1,5756,85,5841,-1493,0,1493
Job_064,7,4793,6491,M9,5768,48,5816,-675,0,675
Job_071,2,5413,7477,M0,5785,71,5856,-1621,0,1621
Job_069,4,5241,6848,M3,5800,69,5869,-979,0,979
Job_060,8,4511,6574,M9,5816,22,5838,-736,0,736
Job_066,6,5038,6739,M5,5817,47,5864,-875,0,875
Job_065,8,5007,6887,M4,5821,26,5847,-1040,0,1040
Job_067,7,5139,6837,M9,5838,48,5886,-951,0,951
Job_056,9,4192,5894,M7,5849,45,5894,0,0,0
Job_075,1,5632,7334,M0,5856,13,5869,-1465,0,1465
Job_069,5,5241,6848,M1,5869,28,5897,-951,0,951
Job_072,4,5419,6658,M3,5869,26,5895,-763,0,763
Job_075,2,5632,7334,M2,5869,61,5930,-1404,0,1404
Job_076,0,5760,7004,M0,5869,29,5898,-1106,0,1106
Job_070,5,5408,6971,M9,5886,72,5958,-1013,0,1013
Job_064,8,4793,6491,M7,5894,36,5930,-561,0,561
Job_074,3,5536,6780,M3,5895,36,5931,-849,0,849
Job_069,6,5241,6848,M6,5897,46,5943,-905,0,905
Job_076,1,5760,7004,M1,5898,78,5976,-1028,0,1028
Job_077,0,5840,7447,M0,5898,43,5941,-1506,0,1506
Job_063,9,4650,5961,M4,5906,55,5961,0,0,0
Job_067,8,5139,6837,M7,5930,36,5966,-871,0,871
Job_066,7,5038,6739,M3,5931,52,5983,-756,0,756
Job_077,1,5840,7447,M2,5941,90,6031,-1416,0,1416
Job_069,7,5241,6848,M5,5943,46,5989,-859,0,859
Job_075,3,5632,7334,M6,5943,7,5950,-1384,0,1384
Job_070,6,5408,6971,M0,5958,47,6005,-966,0,966
Job_072,5,5419,6658,M4,5961,69,6030,-628,0,628
Job_078,0,5900,7689,M1,5976,91,6067,-1622,0,1622
Job_058,9,4400,6007,M8,5977,30,6007,0,0,0
Job_068,2,5187,7068,M3,5983,76,6059,-1009,0,1009
Job_069,8,5241,6848,M7,5989,72,6061,-787,0,787
Job_052,9,3973,6037,M5,5994,43,6037,0,0,0
Job_070,7,5408,6971,M6,6005,65,6070,-901,0,901
Job_075,4,5632,7334,M8,6007,64,6071,-1263,0,1263
Job_074,4,5536,6780,M4,6030,49,6079,-701,0,701
Job_080,0,5986,7225,M2,6031,14,6045,-1180,0,1180
Job_076,2,5760,7004,M2,6045,9,6054,-950,0,950
Job_080,1,5986,7225,M0,6045,6,6051,-1174,0,1174
Job_068,3,5187,7068,M5,6059,51,6110,-958,0,958
Job_073,2,5420,7210,M3,6059,39,6098,-1112,0,1112
Job_078,1,5900,7689,M0,6067,85,6152,-1537,0,1537
Job_080,2,5986,7225,M1,6067,22,6089,-1136,0,1136
Job_072,6,5419,6658,M8,6071,21,6092,-566,0,566
Job_075,5,5632,7334,M9,6071,76,6147,-1187,0,1187
Job_066,8,5038,6739,M4,6079,90,6169,-570,0,570
Job_079,0,5951,8014,M1,6089,81,6170,-1844,0,1844
Job_072,7,5419,6658,M7,6092,49,6141,-517,0,517
Job_073,3,5420,7210,M2,6098,74,6172,-1038,0,1038
Job_076,3,5760,7004,M3,6098,36,6134,-870,0,870
Job_074,5,5536,6780,M5,6110,11,6121,-659,0,659
Job_074,6,5536,6780,M6,6121,62,6183,-597,0,597
Job_072,8,5419,6658,M9,6147,72,6219,-439,0,439
Job_075,6,5632,7334,M5,6147,47,6194,-1140,0,1140
Job_062,9,4613,6176,M7,6151,25,6176,0,0,0
Job_078,2,5900,7689,M3,6152,39,6191,-1498,0,1498
Job_070,8,5408,6971,M4,6169,6,6175,-796,0,796
Job_082,0,6090,7401,M1,6170,46,6216,-1185,0,1185
Job_068,4,5187,7068,M2,6172,85,6257,-811,0,811
Job_073,4,5420,7210,M8,6172,90,6262,-948,0,948
Job_074,7,5536,6780,M7,6183,56,6239,-541,0,541
Job_075,7,5632,7334,M3,6194,52,6246,-1088,0,1088
Job_080,3,5986,7225,M5,6194,61,6255,-970,0,970
Job_059,9,4460,6249,M4,6216,33,6249,0,0,0
Job_082,1,6090,7401,M0,6216,37,6253,-1148,0,1148
Job_071,3,5413,7477,M4,6249,99,6348,-1129,0,1129
Job_082,2,6090,7401,M3,6253,61,6314,-1087,0,1087
Job_068,5,5187,7068,M9,6257,11,6268,-800,0,800
Job_081,0,6053,7616,M2,6257,84,6341,-1275,0,1275
Job_073,5,5420,7210,M5,6262,10,6272,-938,0,938
Job_074,8,5536,6780,M8,6262,44,6306,-474,0,474
Job_068,6,5187,7068,M6,6268,40,6308,-760,0,760
Job_073,6,5420,7210,M7,6272,12,6284,-926,0,926
Job_068,7,5187,7068,M7,6308,89,6397,-671,0,671
Job_073,7,5420,7210,M6,6308,89,6397,-813,0,813
Job_080,4,5986,7225,M3,6314,26,6340,-885,0,885
Job_081,1,6053,7616,M1,6341,2,6343,-1273,0,1273
Job_082,3,6090,7401,M2,6341,13,6354,-1047,0,1047
Job_081,2,6053,7616,M5,6343,52,6395,-1221,0,1221
Job_075,8,5632,7334,M4,6348,90,6438,-896,0,896
Job_078,3,5900,7689,M2,6354,74,6428,-1261,0,1261
Job_071,4,5413,7477,M6,6397,9,6406,-1071,0,1071
Job_073,8,5420,7210,M9,6397,45,6442,-768,0,768
Job_071,5,5413,7477,M8,6406,52,6458,-1019,0,1019
Job_082,4,6090,7401,M6,6406,32,6438,-963,0,963
Job_064,9,4793,6491,M3,6412,79,6491,0,0,0
Job_079,1,5951,8014,M2,6428,95,6523,-1491,0,1491
Job_068,8,5187,7068,M4,6438,26,6464,-604,0,604
Job_082,5,6090,7401,M5,6438,21,6459,-942,0,942
Job_084,0,6447,8327,M0,6447,76,6523,-1804,0,1804
Job_071,6,5413,7477,M7,6458,85,6543,-934,0,934
Job_078,4,5900,7689,M8,6458,90,6548,-1141,0,1141
Job_082,6,6090,7401,M9,6459,32,6491,-910,0,910
Job_076,4,5760,7004,M4,6464,49,6513,-491,0,491
Job_085,0,6478,8179,M1,6478,85,6563,-1616,0,1616
Job_076,5,5760,7004,M5,6513,11,6524,-480,0,480
Job_080,5,5986,7225,M4,6513,69,6582,-643,0,643
Job_079,2,5951,8014,M0,6523,71,6594,-1420,0,1420
Job_083,0,6233,7931,M2,6523,31,6554,-1377,0,1377
Job_076,6,5760,7004,M6,6524,62,6586,-418,0,418
Job_060,9,4511,6574,M5,6531,43,6574,0,0,0
Job_071,7,5413,7477,M3,6543,98,6641,-836,0,836
Job_082,7,6090,7401,M8,6548,89,6637,-764,0,764
Job_084,1,6447,8327,M1,6563,69,6632,-1695,0,1695
Job_078,5,5900,7689,M5,6574,10,6584,-1105,0,1105
Job_086,0,6579,8277,M2,6579,31,6610,-1667,0,1667
Job_077,2,5840,7447,M4,6582,75,6657,-790,0,790
Job_078,6,5900,7689,M7,6584,12,6596,-1093,0,1093
Job_085,1,6478,8179,M0,6594,13,6607,-1572,0,1572
Job_076,7,5760,7004,M7,6596,56,6652,-352,0,352
Job_072,9,5419,6658,M6,6605,53,6658,0,0,0
Job_083,1,6233,7931,M0,6607,86,6693,-1238,0,1238
Job_085,2,6478,8179,M2,6610,61,6671,-1508,0,1508
Job_080,6,5986,7225,M8,6637,21,6658,-567,0,567
Job_071,8,5413,7477,M9,6641,22,6663,-814,0,814
Job_081,3,6053,7616,M3,6641,95,6736,-880,0,880
Job_082,8,6090,7401,M7,6652,30,6682,-719,0,719
Job_079,3,5951,8014,M4,6657,99,6756,-1258,0,1258
Job_076,8,5760,7004,M8,6658,44,6702,-302,0,302
Job_078,7,5900,7689,M6,6660,89,6749,-940,0,940
Job_077,3,5840,7447,M9,6663,11,6674,-773,0,773
Job_083,2,6233,7931,M1,6693,46,6739,-1192,0,1192
Job_088,0,6681,8288,M0,6693,43,6736,-1552,0,1552
Job_066,9,5038,6739,M7,6694,45,6739,0,0,0
Job_081,4,6053,7616,M8,6736,48,6784,-832,0,832
Job_086,1,6579,8277,M0,6736,86,6822,-1455,0,1455
Job_088,1,6681,8288,M2,6736,90,6826,-1462,0,1462
Job_080,7,5986,7225,M7,6739,49,6788,-437,0,437
Job_083,3,6233,7931,M5,6739,74,6813,-1118,0,1118
Job_085,3,6478,8179,M6,6749,7,6756,-1423,0,1423
Job_079,4,5951,8014,M6,6756,9,6765,-1249,0,1249
Job_067,9,5139,6837,M3,6758,79,6837,0,0,0
Job_074,9,5536,6780,M9,6759,21,6780,0,0,0
Job_078,8,5900,7689,M9,6780,45,6825,-864,0,864
Job_069,9,5241,6848,M8,6784,30,6814,-34,0,34
Job_065,9,5007,6887,M8,6814,74,6888,1,1,0
Job_086,2,6579,8277,M1,6822,46,6868,-1409,0,1409
Job_087,0,6627,8508,M0,6822,76,6898,-1610,0,1610
Job_080,8,5986,7225,M9,6825,72,6897,-328,0,328
Job_088,2,6681,8288,M4,6826,75,6901,-1387,0,1387
Job_077,4,5840,7447,M3,6837,69,6906,-541,0,541
Job_089,0,6848,8411,M2,6848,84,6932,-1479,0,1479
Job_086,3,6579,8277,M5,6868,74,6942,-1335,0,1335
Job_092,0,6860,8650,M1,6868,91,6959,-1691,0,1691
Job_079,5,5951,8014,M8,6897,52,6949,-1065,0,1065
Job_081,5,6053,7616,M9,6897,72,6969,-647,0,647
Job_083,4,6233,7931,M4,6901,32,6933,-998,0,998
Job_084,2,6447,8327,M3,6923,76,6999,-1328,0,1328
Job_091,0,6859,8098,M2,6932,14,6946,-1152,0,1152
Job_083,5,6233,7931,M6,6933,88,7021,-910,0,910
Job_086,4,6579,8277,M4,6942,32,6974,-1303,0,1303
Job_070,9,5408,6971,M7,6946,25,6971,0,0,0
Job_091,1,6859,8098,M0,6946,6,6952,-1146,0,1146
Job_077,5,5840,7447,M1,6959,28,6987,-460,0,460
Job_092,1,6860,8650,M0,6959,85,7044,-1606,0,1606
Job_088,3,6681,8288,M9,6969,11,6980,-1308,0,1308
Job_079,6,5951,8014,M7,6972,85,7057,-957,0,957
Job_076,9,5760,7004,M9,6983,21,7004,0,0,0
Job_091,2,6859,8098,M1,6987,22,7009,-1089,0,1089
Job_068,9,5187,7068,M8,6994,74,7068,0,0,0
Job_084,3,6447,8327,M5,6999,51,7050,-1277,0,1277
Job_088,4,6681,8288,M3,6999,69,7068,-1220,0,1220
Job_089,1,6848,8411,M1,7009,2,7011,-1400,0,1400
Job_087,1,6627,8508,M1,7011,69,7080,-1428,0,1428
Job_077,6,5840,7447,M6,7021,46,7067,-380,0,380
Job_081,6,6053,7616,M0,7044,47,7091,-525,0,525
Job_084,4,6447,8327,M2,7050,85,7135,-1192,0,1192
Job_091,3,6859,8098,M5,7050,61,7111,-987,0,987
Job_083,6,6233,7931,M8,7068,19,7087,-844,0,844
Job_092,2,6860,8650,M3,7068,39,7107,-1543,0,1543
Job_088,5,6681,8288,M1,7080,28,7108,-1180,0,1180
Job_083,7,6233,7931,M9,7087,48,7135,-796,0,796
Job_085,4,6478,8179,M8,7087,64,7151,-1028,0,1028
Job_081,7,6053,7616,M6,7091,65,7156,-460,0,460
Job_093,0,6976,8220,M0,7091,29,7120,-1100,0,1100
Job_079,7,5951,8014,M3,7107,98,7205,-809,0,809
Job_094,0,7072,8774,M1,7108,85,7193,-1581,0,1581
Job_077,7,5840,7447,M5,7111,46,7157,-290,0,290
Job_083,8,6233,7931,M7,7135,36,7171,-760,0,760
Job_084,5,6447,8327,M9,7135,11,7146,-1181,0,1181
Job_092,3,6860,8650,M2,7135,74,7209,-1441,0,1441
Job_085,5,6478,8179,M9,7151,76,7227,-952,0,952
Job_081,8,6053,7616,M4,7156,6,7162,-454,0,454
Job_089,2,6848,8411,M5,7157,52,7209,-1202,0,1202
Job_080,9,5986,7225,M6,7172,53,7225,0,0,0
Job_073,9,5420,7210,M4,7177,33,7210,0,0,0
Job_090,0,6853,8917,M1,7193,81,7274,-1643,0,1643
Job_094,1,7072,8774,M0,7193,13,7206,-1568,0,1568
Job_091,4,6859,8098,M3,7205,26,7231,-867,0,867
Job_092,4,6860,8650,M8,7209,90,7299,-1351,0,1351
Job_094,2,7072,8774,M2,7209,61,7270,-1504,0,1504
Job_077,8,5840,7447,M7,7217,72,7289,-158,0,158
Job_086,5,6579,8277,M6,7225,88,7313,-964,0,964
Job_079,8,5951,8014,M9,7227,22,7249,-765,0,765
Job_085,6,6478,8179,M5,7227,47,7274,-905,0,905
Job_089,3,6848,8411,M3,7231,95,7326,-1085,0,1085
Job_091,5,6859,8098,M4,7231,69,7300,-798,0,798
Job_093,1,6976,8220,M1,7274,78,7352,-868,0,868
Job_075,9,5632,7334,M7,7289,45,7334,0,0,0
Job_092,5,6860,8650,M5,7299,10,7309,-1341,0,1341
Job_091,6,6859,8098,M8,7300,21,7321,-777,0,777
Job_089,4,6848,8411,M8,7326,48,7374,-1037,0,1037
Job_091,7,6859,8098,M7,7334,49,7383,-715,0,715
Job_088,6,6681,8288,M6,7341,46,7387,-901,0,901
Job_082,9,6090,7401,M4,7346,55,7401,0,0,0
Job_093,2,6976,8220,M2,7352,9,7361,-859,0,859
Job_090,1,6853,8917,M2,7361,95,7456,-1461,0,1461
Job_093,3,6976,8220,M3,7361,36,7397,-823,0,823
Job_086,6,6579,8277,M8,7374,19,7393,-884,0,884
Job_089,5,6848,8411,M9,7374,72,7446,-965,0,965
Job_092,6,6860,8650,M7,7383,12,7395,-1255,0,1255
Job_084,6,6447,8327,M6,7387,40,7427,-900,0,900
Job_088,7,6681,8288,M5,7387,46,7433,-855,0,855
Job_085,7,6478,8179,M3,7397,52,7449,-730,0,730
Job_093,4,6976,8220,M4,7401,49,7450,-770,0,770
Job_077,9,5840,7447,M8,7417,30,7447,0,0,0
Job_084,7,6447,8327,M7,7427,89,7516,-811,0,811
Job_094,3,7072,8774,M6,7427,7,7434,-1340,0,1340
Job_071,9,5413,7477,M5,7434,43,7477,0,0,0
Job_092,7,6860,8650,M6,7434,89,7523,-1127,0,1127
Job_089,6,6848,8411,M0,7446,47,7493,-918,0,918
Job_091,8,6859,8098,M9,7446,72,7518,-580,0,580
Job_094,4,7072,8774,M8,7447,64,7511,-1263,0,1263
Job_087,2,6627,8508,M3,7449,76,7525,-983,0,983
Job_085,8,6478,8179,M4,7450,90,7540,-639,0,639
Job_090,2,6853,8917,M0,7493,71,7564,-1353,0,1353
Job_093,5,6976,8220,M5,7512,11,7523,-697,0,697
Job_088,8,6681,8288,M7,7516,72,7588,-700,0,700
Job_086,7,6579,8277,M9,7518,48,7566,-711,0,711
Job_093,6,6976,8220,M6,7523,62,7585,-635,0,635
Job_087,3,6627,8508,M5,7525,51,7576,-932,0,932
Job_084,8,6447,8327,M4,7540,26,7566,-761,0,761
Job_094,5,7072,8774,M9,7566,76,7642,-1132,0,1132
Job_087,4,6627,8508,M2,7576,85,7661,-847,0,847
Job_089,7,6848,8411,M6,7585,65,7650,-761,0,761
Job_081,9,6053,7616,M7,7591,25,7616,0,0,0
Job_093,7,6976,8220,M7,7616,56,7672,-548,0,548
Job_094,6,7072,8774,M5,7642,47,7689,-1085,0,1085
Job_089,8,6848,8411,M4,7650,6,7656,-755,0,755
Job_078,9,5900,7689,M4,7656,33,7689,0,0,0
Job_087,5,6627,8508,M9,7661,11,7672,-836,0,836
Job_086,8,6579,8277,M7,7672,36,7708,-569,0,569
Job_087,6,6627,8508,M6,7672,40,7712,-796,0,796
Job_092,8,6860,8650,M9,7672,45,7717,-933,0,933
Job_093,8,6976,8220,M8,7672,44,7716,-504,0,504
Job_090,3,6853,8917,M4,7689,99,7788,-1129,0,1129
Job_094,7,7072,8774,M3,7689,52,7741,-1033,0,1033
Job_087,7,6627,8508,M7,7712,89,7801,-707,0,707
Job_090,4,6853,8917,M6,7788,9,7797,-1120,0,1120
Job_094,8,7072,8774,M4,7788,90,7878,-896,0,896
Job_090,5,6853,8917,M8,7797,52,7849,-1068,0,1068
Job_090,6,6853,8917,M7,7849,85,7934,-983,0,983
Job_083,9,6233,7931,M3,7852,79,7931,0,0,0
Job_087,8,6627,8508,M4,7878,26,7904,-604,0,604
Job_090,7,6853,8917,M3,7934,98,8032,-885,0,885
Job_079,9,5951,8014,M5,7971,43,8014,0,0,0
Job_090,8,6853,8917,M9,8032,22,8054,-863,0,863
Job_091,9,6859,8098,M6,8045,53,8098,0,0,0
Job_085,9,6478,8179,M7,8134,45,8179,0,0,0
Job_086,9,6579,8277,M3,8198,79,8277,0,0,0
Job_093,9,6976,8220,M9,8199,21,8220,0,0,0
Job_088,9,6681,8288,M8,8223,30,8253,-35,0,35
Job_084,9,6447,8327,M8,8253,74,8327,0,0,0
Job_089,9,6848,8411,M7,8386,25,8411,0,0,0
Job_087,9,6627,8508,M8,8434,74,8508,0,0,0
Job_092,9,6860,8650,M4,8617,33,8650,0,0,0
Job_094,9,7072,8774,M7,8729,45,8774,0,0,0
Job_090,9,6853,8917,M5,8874,43,8917,0,0,0
