Job,Operation,Arrival,Deadline,Machine,Start,Processing Time,End,Lateness,Tardiness,Earliness
Job_091,3,6859,8098,M5,7217,61,7278,-820,0,820
Job_068,9,5187,7068,M8,7227,74,7301,233,233,0
Job_088,5,6681,8288,M1,7232,28,7260,-1028,0,1028
Job_089,3,6848,8411,M3,7232,95,7327,-1084,0,1084
Job_095,0,7200,8444,M0,7241,29,7270,-1174,0,1174
Job_093,2,6976,8220,M2,7263,9,7272,-948,0,948
Job_090,2,6853,8917,M0,7270,71,7341,-1576,0,1576
Job_095,1,7200,8444,M1,7270,78,7348,-1096,0,1096
Job_087,4,6627,8508,M2,7272,85,7357,-1151,0,1151
Job_080,9,5986,7225,M6,7273,53,7326,101,101,0
Job_075,9,5632,7334,M7,7289,45,7334,0,0,0
Job_081,4,6053,7616,M8,7301,48,7349,-267,0,267
Job_088,6,6681,8288,M6,7326,46,7372,-916,0,916
Job_091,4,6859,8098,M3,7327,26,7353,-745,0,745
Job_096,0,7280,8887,M0,7341,43,7384,-1503,0,1503
Job_082,9,6090,7401,M4,7346,55,7401,0,0,0
Job_081,5,6053,7616,M9,7349,72,7421,-195,0,195
Job_083,6,6233,7931,M8,7349,19,7368,-563,0,563
Job_093,3,6976,8220,M3,7353,36,7389,-831,0,831
Job_095,2,7200,8444,M2,7357,9,7366,-1078,0,1078
Job_086,6,6579,8277,M8,7368,19,7387,-890,0,890
Job_084,6,6447,8327,M6,7372,40,7412,-915,0,915
Job_088,7,6681,8288,M5,7372,46,7418,-870,0,870
Job_096,1,7280,8887,M2,7384,90,7474,-1413,0,1413
Job_092,2,6860,8650,M3,7389,39,7428,-1222,0,1222
Job_091,5,6859,8098,M4,7401,69,7470,-628,0,628
Job_084,7,6447,8327,M7,7412,89,7501,-826,0,826
Job_077,9,5840,7447,M8,7417,30,7447,0,0,0
Job_081,6,6053,7616,M0,7421,47,7468,-148,0,148
Job_083,7,6233,7931,M9,7421,48,7469,-462,0,462
Job_095,3,7200,8444,M3,7428,36,7464,-980,0,980
Job_071,9,5413,7477,M5,7434,43,7477,0,0,0
Job_085,4,6478,8179,M8,7447,64,7511,-668,0,668
Job_081,7,6053,7616,M6,7468,65,7533,-83,0,83
Job_087,5,6627,8508,M9,7469,11,7480,-1028,0,1028
Job_093,4,6976,8220,M4,7470,49,7519,-701,0,701
Job_099,0,7426,8665,M2,7474,14,7488,-1177,0,1177
Job_092,3,6860,8650,M2,7488,74,7562,-1088,0,1088
Job_099,1,7426,8665,M0,7488,6,7494,-1171,0,1171
Job_099,2,7426,8665,M1,7494,22,7516,-1149,0,1149
Job_083,8,6233,7931,M7,7501,36,7537,-394,0,394
Job_085,5,6478,8179,M9,7511,76,7587,-592,0,592
Job_091,6,6859,8098,M8,7511,21,7532,-566,0,566
Job_094,0,7072,8774,M1,7516,85,7601,-1173,0,1173
Job_099,3,7426,8665,M5,7516,61,7577,-1088,0,1088
Job_095,4,7200,8444,M4,7519,49,7568,-876,0,876
Job_089,4,6848,8411,M8,7532,48,7580,-831,0,831
Job_087,6,6627,8508,M6,7533,40,7573,-935,0,935
Job_091,7,6859,8098,M7,7537,49,7586,-512,0,512
Job_100,0,7493,9056,M2,7562,84,7646,-1410,0,1410
Job_093,5,6976,8220,M5,7577,11,7588,-632,0,632
Job_099,4,7426,8665,M3,7577,26,7603,-1062,0,1062
Job_092,4,6860,8650,M8,7580,90,7670,-980,0,980
Job_081,8,6053,7616,M4,7585,6,7591,-25,0,25
Job_085,6,6478,8179,M5,7588,47,7635,-544,0,544
Job_093,6,6976,8220,M6,7588,62,7650,-570,0,570
Job_081,9,6053,7616,M7,7591,25,7616,0,0,0
Job_084,8,6447,8327,M4,7591,26,7617,-710,0,710
Job_094,1,7072,8774,M0,7601,13,7614,-1160,0,1160
Job_101,0,7530,8841,M1,7601,46,7647,-1194,0,1194
Job_078,8,5900,7689,M9,7611,45,7656,-33,0,33
Job_085,7,6478,8179,M3,7635,52,7687,-492,0,492
Job_095,5,7200,8444,M5,7635,11,7646,-798,0,798
Job_094,2,7072,8774,M2,7646,61,7707,-1067,0,1067
Job_101,1,7530,8841,M0,7647,37,7684,-1157,0,1157
Job_095,6,7200,8444,M6,7650,62,7712,-732,0,732
Job_078,9,5900,7689,M4,7656,33,7689,0,0,0
Job_091,8,6859,8098,M9,7656,72,7728,-370,0,370
Job_079,6,5951,8014,M7,7669,85,7754,-260,0,260
Job_092,5,6860,8650,M5,7670,10,7680,-970,0,970
Job_101,2,7530,8841,M3,7687,61,7748,-1093,0,1093
Job_085,8,6478,8179,M4,7689,90,7779,-400,0,400
Job_102,0,7673,9371,M2,7707,31,7738,-1633,0,1633
Job_094,3,7072,8774,M6,7712,7,7719,-1055,0,1055
Job_094,4,7072,8774,M8,7719,64,7783,-991,0,991
Job_089,5,6848,8411,M9,7728,72,7800,-611,0,611
Job_102,1,7673,9371,M0,7738,86,7824,-1547,0,1547
Job_101,3,7530,8841,M2,7748,13,7761,-1080,0,1080
Job_079,7,5951,8014,M3,7754,98,7852,-162,0,162
Job_088,8,6681,8288,M7,7754,72,7826,-462,0,462
Job_101,4,7530,8841,M6,7761,32,7793,-1048,0,1048
Job_096,2,7280,8887,M4,7779,75,7854,-1033,0,1033
Job_101,5,7530,8841,M5,7793,21,7814,-1027,0,1027
Job_094,5,7072,8774,M9,7800,76,7876,-898,0,898
Job_089,6,6848,8411,M0,7824,47,7871,-540,0,540
Job_093,7,6976,8220,M7,7826,56,7882,-338,0,338
Job_083,9,6233,7931,M3,7852,79,7931,0,0,0
Job_099,5,7426,8665,M4,7854,69,7923,-742,0,742
Job_089,7,6848,8411,M6,7871,65,7936,-475,0,475
Job_094,6,7072,8774,M5,7876,47,7923,-851,0,851
Job_096,3,7280,8887,M9,7876,11,7887,-1000,0,1000
Job_087,7,6627,8508,M7,7882,89,7971,-537,0,537
Job_101,6,7530,8841,M9,7887,32,7919,-922,0,922
Job_103,0,7887,9767,M0,7887,76,7963,-1804,0,1804
Job_101,7,7530,8841,M8,7919,89,8008,-833,0,833
Job_090,3,6853,8917,M4,7923,99,8022,-895,0,895
Job_096,4,7280,8887,M3,7931,69,8000,-887,0,887
Job_079,8,5951,8014,M9,7949,22,7971,-43,0,43
Job_079,9,5951,8014,M5,7971,43,8014,0,0,0
Job_095,7,7200,8444,M7,7971,56,8027,-417,0,417
Job_096,5,7280,8887,M1,8000,28,8028,-859,0,859
Job_099,6,7426,8665,M8,8008,21,8029,-636,0,636
Job_105,0,8019,9717,M2,8019,31,8050,-1667,0,1667
Job_089,8,6848,8411,M4,8022,6,8028,-383,0,383
Job_090,4,6853,8917,M6,8022,9,8031,-886,0,886
Job_092,6,6860,8650,M7,8027,12,8039,-611,0,611
Job_087,8,6627,8508,M4,8028,26,8054,-454,0,454
Job_100,1,7493,9056,M1,8028,2,8030,-1026,0,1026
Job_095,8,7200,8444,M8,8029,44,8073,-371,0,371
Job_097,0,7340,9129,M1,8030,91,8121,-1008,0,1008
Job_100,2,7493,9056,M5,8030,52,8082,-974,0,974
Job_099,7,7426,8665,M7,8039,49,8088,-577,0,577
Job_091,9,6859,8098,M6,8045,53,8098,0,0,0
Job_086,7,6579,8277,M9,8050,48,8098,-179,0,179
Job_105,1,8019,9717,M0,8050,86,8136,-1581,0,1581
Job_090,5,6853,8917,M8,8073,52,8125,-792,0,792
Job_100,3,7493,9056,M3,8082,95,8177,-879,0,879
Job_086,8,6579,8277,M7,8098,36,8134,-143,0,143
Job_092,7,6860,8650,M6,8098,89,8187,-463,0,463
Job_099,8,7426,8665,M9,8098,72,8170,-495,0,495
Job_102,2,7673,9371,M1,8121,46,8167,-1204,0,1204
Job_085,9,6478,8179,M7,8134,45,8179,0,0,0
Job_097,1,7340,9129,M0,8136,85,8221,-908,0,908
Job_093,8,6976,8220,M8,8155,44,8199,-21,0,21
Job_098,0,7391,9454,M1,8167,81,8248,-1206,0,1206
Job_102,3,7673,9371,M5,8167,74,8241,-1130,0,1130
Job_090,6,6853,8917,M7,8179,85,8264,-653,0,653
Job_096,6,7280,8887,M6,8187,46,8233,-654,0,654
Job_086,9,6579,8277,M3,8198,79,8277,0,0,0
Job_093,9,6976,8220,M9,8199,21,8220,0,0,0
Job_092,8,6860,8650,M9,8220,45,8265,-385,0,385
Job_107,0,8121,9728,M0,8221,43,8264,-1464,0,1464
Job_088,9,6681,8288,M8,8223,30,8253,-35,0,35
Job_096,7,7280,8887,M5,8241,46,8287,-600,0,600
Job_102,4,7673,9371,M4,8241,32,8273,-1098,0,1098
Job_098,1,7391,9454,M2,8248,95,8343,-1111,0,1111
Job_084,9,6447,8327,M8,8253,74,8327,0,0,0
Job_101,8,7530,8841,M7,8264,30,8294,-547,0,547
Job_106,0,8067,9948,M0,8264,76,8340,-1608,0,1608
Job_102,5,7673,9371,M6,8273,88,8361,-1010,0,1010
Job_097,2,7340,9129,M3,8277,39,8316,-813,0,813
Job_096,8,7280,8887,M7,8294,72,8366,-521,0,521
Job_090,7,6853,8917,M3,8316,98,8414,-503,0,503
Job_100,4,7493,9056,M8,8327,48,8375,-681,0,681
Job_097,3,7340,9129,M2,8343,74,8417,-712,0,712
Job_098,2,7391,9454,M0,8343,71,8414,-1040,0,1040
Job_102,6,7673,9371,M8,8375,19,8394,-977,0,977
Job_089,9,6848,8411,M7,8386,25,8411,0,0,0
Job_098,3,7391,9454,M4,8414,99,8513,-941,0,941
Job_112,0,8416,9660,M0,8416,29,8445,-1215,0,1215
Job_110,0,8299,9538,M2,8417,14,8431,-1107,0,1107
Job_095,9,7200,8444,M9,8423,21,8444,0,0,0
Job_107,1,8121,9728,M2,8431,90,8521,-1207,0,1207
Job_087,9,6627,8508,M8,8434,74,8508,0,0,0
Job_100,5,7493,9056,M9,8444,72,8516,-540,0,540
Job_110,1,8299,9538,M0,8445,6,8451,-1087,0,1087
Job_110,2,8299,9538,M1,8451,22,8473,-1065,0,1065
Job_104,0,7918,9619,M1,8473,85,8558,-1061,0,1061
Job_110,3,8299,9538,M5,8473,61,8534,-1004,0,1004
Job_094,7,7072,8774,M3,8475,52,8527,-247,0,247
Job_097,4,7340,9129,M8,8508,90,8598,-531,0,531
Job_098,4,7391,9454,M6,8513,9,8522,-932,0,932
Job_100,6,7493,9056,M0,8516,47,8563,-493,0,493
Job_102,7,7673,9371,M9,8516,48,8564,-807,0,807
Job_108,0,8288,9851,M2,8521,84,8605,-1246,0,1246
Job_094,8,7072,8774,M4,8527,90,8617,-157,0,157
Job_110,4,8299,9538,M3,8534,26,8560,-978,0,978
Job_112,1,8416,9660,M1,8558,78,8636,-1024,0,1024
Job_104,1,7918,9619,M0,8563,13,8576,-1043,0,1043
Job_102,8,7673,9371,M7,8564,36,8600,-771,0,771
Job_097,5,7340,9129,M5,8598,10,8608,-521,0,521
Job_098,5,7391,9454,M8,8598,52,8650,-804,0,804
Job_104,2,7918,9619,M2,8605,61,8666,-953,0,953
Job_097,6,7340,9129,M7,8608,12,8620,-509,0,509
Job_099,9,7426,8665,M6,8612,53,8665,0,0,0
Job_092,9,6860,8650,M4,8617,33,8650,0,0,0
Job_105,2,8019,9717,M1,8636,46,8682,-1035,0,1035
Job_114,0,8640,9884,M0,8640,29,8669,-1215,0,1215
Job_107,2,8121,9728,M4,8650,75,8725,-1003,0,1003
Job_100,7,7493,9056,M6,8665,65,8730,-326,0,326
Job_112,2,8416,9660,M2,8666,9,8675,-985,0,985
Job_112,3,8416,9660,M3,8675,36,8711,-949,0,949
Job_105,3,8019,9717,M5,8682,74,8756,-961,0,961
Job_115,0,8720,10327,M0,8720,43,8763,-1564,0,1564
Job_107,3,8121,9728,M9,8725,11,8736,-992,0,992
Job_112,4,8416,9660,M4,8725,49,8774,-886,0,886
Job_094,9,7072,8774,M7,8729,45,8774,0,0,0
Job_097,7,7340,9129,M6,8730,89,8819,-310,0,310
Job_107,4,8121,9728,M3,8736,69,8805,-923,0,923
Job_115,1,8720,10327,M2,8763,90,8853,-1474,0,1474
Job_098,6,7391,9454,M7,8774,85,8859,-595,0,595
Job_100,8,7493,9056,M4,8774,6,8780,-276,0,276
Job_112,5,8416,9660,M5,8774,11,8785,-875,0,875
Job_101,9,7530,8841,M4,8786,55,8841,0,0,0
Job_107,5,8121,9728,M1,8805,28,8833,-895,0,895
Job_104,3,7918,9619,M6,8819,7,8826,-793,0,793
Job_112,6,8416,9660,M6,8826,62,8888,-772,0,772
Job_103,1,7887,9767,M1,8833,69,8902,-865,0,865
Job_110,5,8299,9538,M4,8841,69,8910,-628,0,628
Job_090,8,6853,8917,M9,8852,22,8874,-43,0,43
Job_096,9,7280,8887,M8,8857,30,8887,0,0,0
Job_118,0,8866,10105,M2,8866,14,8880,-1225,0,1225
Job_090,9,6853,8917,M5,8874,43,8917,0,0,0
Job_097,8,7340,9129,M9,8874,45,8919,-210,0,210
Job_118,1,8866,10105,M0,8880,6,8886,-1219,0,1219
Job_104,4,7918,9619,M8,8887,64,8951,-668,0,668
Job_107,6,8121,9728,M6,8888,46,8934,-794,0,794
Job_112,7,8416,9660,M7,8888,56,8944,-716,0,716
Job_103,2,7887,9767,M3,8902,76,8978,-789,0,789
Job_108,1,8288,9851,M1,8902,2,8904,-947,0,947
Job_114,1,8640,9884,M1,8904,78,8982,-902,0,902
Job_105,4,8019,9717,M4,8910,32,8942,-775,0,775
Job_108,2,8288,9851,M5,8917,52,8969,-882,0,882
Job_119,0,8933,10496,M2,8933,84,9017,-1479,0,1479
Job_105,5,8019,9717,M6,8942,88,9030,-687,0,687
Job_115,2,8720,10327,M4,8942,75,9017,-1310,0,1310
Job_104,5,7918,9619,M9,8951,76,9027,-592,0,592
Job_110,6,8299,9538,M8,8951,21,8972,-566,0,566
Job_107,7,8121,9728,M5,8969,46,9015,-713,0,713
Job_110,7,8299,9538,M7,8972,49,9021,-517,0,517
Job_112,8,8416,9660,M8,8972,44,9016,-644,0,644
Job_108,3,8288,9851,M3,8978,95,9073,-778,0,778
Job_106,1,8067,9948,M1,8982,69,9051,-897,0,897
Job_103,3,7887,9767,M5,9015,51,9066,-701,0,701
Job_114,2,8640,9884,M2,9017,9,9026,-858,0,858
Job_110,8,8299,9538,M9,9027,72,9099,-439,0,439
Job_105,6,8019,9717,M8,9030,19,9049,-668,0,668
Job_100,9,7493,9056,M7,9031,25,9056,0,0,0
Job_111,0,8300,10090,M1,9051,91,9142,-948,0,948
Job_107,8,8121,9728,M7,9056,72,9128,-600,0,600
Job_103,4,7887,9767,M2,9066,85,9151,-616,0,616
Job_104,6,7918,9619,M5,9066,47,9113,-506,0,506
Job_106,2,8067,9948,M3,9073,76,9149,-799,0,799
Job_108,4,8288,9851,M8,9073,48,9121,-730,0,730
Job_097,9,7340,9129,M4,9096,33,9129,0,0,0
Job_105,7,8019,9717,M9,9099,48,9147,-570,0,570
Job_111,1,8300,10090,M0,9142,85,9227,-863,0,863
Job_118,2,8866,10105,M1,9142,22,9164,-941,0,941
Job_105,8,8019,9717,M7,9147,36,9183,-534,0,534
Job_115,3,8720,10327,M9,9147,11,9158,-1169,0,1169
Job_106,3,8067,9948,M5,9149,51,9200,-748,0,748
Job_114,3,8640,9884,M3,9149,36,9185,-699,0,699
Job_121,0,9113,10811,M2,9151,31,9182,-1629,0,1629
Job_103,5,7887,9767,M9,9158,11,9169,-598,0,598
Job_113,0,8512,10214,M1,9164,85,9249,-965,0,965
Job_103,6,7887,9767,M6,9169,40,9209,-558,0,558
Job_108,5,8288,9851,M9,9169,72,9241,-610,0,610
Job_114,4,8640,9884,M4,9185,49,9234,-650,0,650
Job_098,7,7391,9454,M3,9194,98,9292,-162,0,162
Job_106,4,8067,9948,M2,9200,85,9285,-663,0,663
Job_118,3,8866,10105,M5,9200,61,9261,-844,0,844
Job_103,7,7887,9767,M7,9209,89,9298,-469,0,469
Job_121,1,9113,10811,M0,9227,86,9313,-1498,0,1498
Job_120,0,8970,10281,M1,9249,46,9295,-986,0,986
Job_114,5,8640,9884,M5,9261,11,9272,-612,0,612
Job_114,6,8640,9884,M6,9272,62,9334,-550,0,550
Job_106,5,8067,9948,M9,9285,11,9296,-652,0,652
Job_102,9,7673,9371,M3,9292,79,9371,0,0,0
Job_098,8,7391,9454,M9,9296,22,9318,-136,0,136
Job_103,8,7887,9767,M4,9298,26,9324,-443,0,443
Job_113,1,8512,10214,M0,9313,13,9326,-888,0,888
Job_108,6,8288,9851,M0,9326,47,9373,-478,0,478
Job_113,2,8512,10214,M2,9326,61,9387,-827,0,827
Job_106,6,8067,9948,M6,9334,40,9374,-574,0,574
Job_114,7,8640,9884,M7,9334,56,9390,-494,0,494
Job_104,7,7918,9619,M3,9371,52,9423,-196,0,196
Job_120,1,8970,10281,M0,9373,37,9410,-871,0,871
Job_108,7,8288,9851,M6,9374,65,9439,-412,0,412
Job_106,7,8067,9948,M7,9390,89,9479,-469,0,469
Job_114,8,8640,9884,M8,9390,44,9434,-450,0,450
Job_122,0,9327,11207,M0,9410,76,9486,-1721,0,1721
Job_098,9,7391,9454,M5,9411,43,9454,0,0,0
Job_104,8,7918,9619,M4,9423,90,9513,-106,0,106
Job_115,4,8720,10327,M3,9423,69,9492,-835,0,835
Job_113,3,8512,10214,M6,9439,7,9446,-768,0,768
Job_113,4,8512,10214,M8,9446,64,9510,-704,0,704
Job_124,0,9459,11157,M2,9459,31,9490,-1667,0,1667
Job_110,9,8299,9538,M6,9485,53,9538,0,0,0
Job_124,1,9459,11157,M0,9490,86,9576,-1581,0,1581
Job_115,5,8720,10327,M1,9492,28,9520,-807,0,807
Job_118,4,8866,10105,M3,9492,26,9518,-587,0,587
Job_113,5,8512,10214,M9,9510,76,9586,-628,0,628
Job_108,8,8288,9851,M4,9513,6,9519,-332,0,332
Job_111,2,8300,10090,M3,9518,39,9557,-533,0,533
Job_118,5,8866,10105,M4,9519,69,9588,-517,0,517
Job_109,0,8293,10357,M1,9520,81,9601,-756,0,756
Job_115,6,8720,10327,M6,9538,46,9584,-743,0,743
Job_111,3,8300,10090,M2,9557,74,9631,-459,0,459
Job_120,2,8970,10281,M3,9557,61,9618,-663,0,663
Job_104,9,7918,9619,M7,9574,45,9619,0,0,0
Job_126,0,9561,11168,M0,9576,43,9619,-1549,0,1549
Job_115,7,8720,10327,M5,9584,46,9630,-697,0,697
Job_106,8,8067,9948,M4,9588,26,9614,-334,0,334
Job_118,6,8866,10105,M8,9588,21,9609,-496,0,496
Job_119,1,8933,10496,M1,9601,2,9603,-893,0,893
Job_116,0,8780,10569,M1,9603,91,9694,-875,0,875
Job_118,7,8866,10105,M7,9619,49,9668,-437,0,437
Job_125,0,9507,11388,M0,9619,76,9695,-1693,0,1693
Job_113,6,8512,10214,M5,9630,47,9677,-537,0,537
Job_109,1,8293,10357,M2,9631,95,9726,-631,0,631
Job_105,9,8019,9717,M3,9638,79,9717,0,0,0
Job_112,9,8416,9660,M9,9639,21,9660,0,0,0
Job_107,9,8121,9728,M8,9663,30,9693,-35,0,35
Job_115,8,8720,10327,M7,9668,72,9740,-587,0,587
Job_118,8,8866,10105,M9,9668,72,9740,-365,0,365
Job_119,2,8933,10496,M5,9677,52,9729,-767,0,767
Job_103,9,7887,9767,M8,9693,74,9767,0,0,0
Job_121,2,9113,10811,M1,9694,46,9740,-1071,0,1071
Job_116,1,8780,10569,M0,9695,85,9780,-789,0,789
Job_113,7,8512,10214,M3,9717,52,9769,-445,0,445
Job_126,1,9561,11168,M2,9726,90,9816,-1352,0,1352
Job_117,0,8831,10894,M1,9740,81,9821,-1073,0,1073
Job_121,3,9113,10811,M5,9740,74,9814,-997,0,997
Job_111,4,8300,10090,M8,9767,90,9857,-233,0,233
Job_113,8,8512,10214,M4,9769,90,9859,-355,0,355
Job_119,3,8933,10496,M3,9769,95,9864,-632,0,632
Job_109,2,8293,10357,M0,9780,71,9851,-506,0,506
Job_129,0,9739,10978,M2,9816,14,9830,-1148,0,1148
Job_108,9,8288,9851,M7,9826,25,9851,0,0,0
Job_129,1,9739,10978,M0,9851,6,9857,-1121,0,1121
Job_120,3,8970,10281,M2,9855,13,9868,-413,0,413
Job_111,5,8300,10090,M5,9857,10,9867,-223,0,223
Job_129,2,9739,10978,M1,9857,22,9879,-1099,0,1099
Job_131,0,9856,11100,M0,9857,29,9886,-1214,0,1214
Job_114,9,8640,9884,M9,9863,21,9884,0,0,0
Job_116,2,8780,10569,M3,9864,39,9903,-666,0,666
Job_111,6,8300,10090,M7,9867,12,9879,-211,0,211
Job_117,1,8831,10894,M2,9868,95,9963,-931,0,931
Job_120,4,8970,10281,M6,9868,32,9900,-381,0,381
Job_106,9,8067,9948,M8,9874,74,9948,0,0,0
Job_123,0,9358,11059,M1,9879,85,9964,-1095,0,1095
Job_129,3,9739,10978,M5,9879,61,9940,-1038,0,1038
Job_109,3,8293,10357,M4,9890,99,9989,-368,0,368
Job_111,7,8300,10090,M6,9900,89,9989,-101,0,101
Job_120,5,8970,10281,M5,9940,21,9961,-320,0,320
Job_129,4,9739,10978,M3,9940,26,9966,-1012,0,1012
Job_119,4,8933,10496,M8,9948,48,9996,-500,0,500
Job_116,3,8780,10569,M2,9963,74,10037,-532,0,532
Job_117,2,8831,10894,M0,9963,71,10034,-860,0,860
Job_131,1,9856,11100,M1,9964,78,10042,-1058,0,1058
Job_120,6,8970,10281,M9,9980,32,10012,-269,0,269
Job_109,4,8293,10357,M6,9989,9,9998,-359,0,359
Job_121,4,9113,10811,M4,9989,32,10021,-790,0,790
Job_109,5,8293,10357,M8,9998,52,10050,-307,0,307
Job_111,8,8300,10090,M9,10012,45,10057,-33,0,33
Job_123,1,9358,11059,M0,10034,13,10047,-1012,0,1012
Job_127,0,9728,11291,M2,10037,84,10121,-1170,0,1170
Job_124,2,9459,11157,M1,10042,46,10088,-1069,0,1069
Job_109,6,8293,10357,M7,10050,85,10135,-222,0,222
Job_120,7,8970,10281,M8,10050,89,10139,-142,0,142
Job_118,9,8866,10105,M6,10052,53,10105,0,0,0
Job_111,9,8300,10090,M4,10057,33,10090,0,0,0
Job_119,5,8933,10496,M9,10057,72,10129,-367,0,367
Job_133,0,10080,11324,M0,10080,29,10109,-1215,0,1215
Job_124,3,9459,11157,M5,10088,74,10162,-995,0,995
Job_126,2,9561,11168,M4,10090,75,10165,-1003,0,1003
Job_121,5,9113,10811,M6,10105,88,10193,-618,0,618
Job_123,2,9358,11059,M2,10121,61,10182,-877,0,877
Job_119,6,8933,10496,M0,10129,47,10176,-320,0,320
Job_109,7,8293,10357,M3,10135,98,10233,-124,0,124
Job_116,4,8780,10569,M8,10139,90,10229,-340,0,340
Job_120,8,8970,10281,M7,10139,30,10169,-112,0,112
Job_124,4,9459,11157,M4,10165,32,10197,-960,0,960
Job_126,3,9561,11168,M9,10165,11,10176,-992,0,992
Job_113,9,8512,10214,M7,10169,45,10214,0,0,0
Job_134,0,10160,11767,M0,10176,43,10219,-1548,0,1548
Job_131,2,9856,11100,M2,10182,9,10191,-909,0,909
Job_119,7,8933,10496,M6,10193,65,10258,-238,0,238
Job_134,1,10160,11767,M2,10219,90,10309,-1458,0,1458
Job_120,9,8970,10281,M4,10226,55,10281,0,0,0
Job_116,5,8780,10569,M5,10229,10,10239,-330,0,330
Job_121,6,9113,10811,M8,10229,19,10248,-563,0,563
Job_109,8,8293,10357,M9,10233,22,10255,-102,0,102
Job_126,4,9561,11168,M3,10233,69,10302,-866,0,866
Job_116,6,8780,10569,M7,10239,12,10251,-318,0,318
Job_121,7,9113,10811,M9,10255,48,10303,-508,0,508
Job_116,7,8780,10569,M6,10258,89,10347,-222,0,222
Job_117,3,8831,10894,M4,10281,99,10380,-514,0,514
Job_115,9,8720,10327,M8,10297,30,10327,0,0,0
Job_126,5,9561,11168,M1,10302,28,10330,-838,0,838
Job_131,3,9856,11100,M3,10302,36,10338,-762,0,762
Job_121,8,9113,10811,M7,10303,36,10339,-472,0,472
Job_137,0,10306,11545,M2,10309,14,10323,-1222,0,1222
Job_109,9,8293,10357,M5,10314,43,10357,0,0,0
Job_137,1,10306,11545,M0,10323,6,10329,-1216,0,1216
Job_122,1,9327,11207,M1,10330,69,10399,-808,0,808
Job_116,8,8780,10569,M9,10347,45,10392,-177,0,177
Job_123,3,9358,11059,M6,10347,7,10354,-705,0,705
Job_123,4,9358,11059,M8,10354,64,10418,-641,0,641
Job_124,5,9459,11157,M6,10354,88,10442,-715,0,715
Job_138,0,10373,11936,M2,10373,84,10457,-1479,0,1479
Job_119,8,8933,10496,M4,10380,6,10386,-110,0,110
Job_129,5,9739,10978,M4,10386,69,10455,-523,0,523
Job_122,2,9327,11207,M3,10399,76,10475,-732,0,732
Job_127,1,9728,11291,M1,10399,2,10401,-890,0,890
Job_127,2,9728,11291,M5,10401,52,10453,-838,0,838
Job_133,1,10080,11324,M1,10401,78,10479,-845,0,845
Job_123,5,9358,11059,M9,10418,76,10494,-565,0,565
Job_117,4,8831,10894,M6,10442,9,10451,-443,0,443
Job_124,6,9459,11157,M8,10442,19,10461,-696,0,696
Job_126,6,9561,11168,M6,10451,46,10497,-671,0,671
Job_131,4,9856,11100,M4,10455,49,10504,-596,0,596
Job_117,5,8831,10894,M8,10461,52,10513,-381,0,381
Job_119,9,8933,10496,M7,10471,25,10496,0,0,0
Job_122,3,9327,11207,M5,10475,51,10526,-681,0,681
Job_127,3,9728,11291,M3,10475,95,10570,-721,0,721
Job_125,1,9507,11388,M1,10479,69,10548,-840,0,840
Job_133,2,10080,11324,M2,10479,9,10488,-836,0,836
Job_124,7,9459,11157,M9,10494,48,10542,-615,0,615
Job_117,6,8831,10894,M7,10513,85,10598,-296,0,296
Job_129,6,9739,10978,M8,10513,21,10534,-444,0,444
Job_122,4,9327,11207,M2,10526,85,10611,-596,0,596
Job_123,6,9358,11059,M5,10526,47,10573,-486,0,486
Job_116,9,8780,10569,M4,10536,33,10569,0,0,0
Job_130,0,9740,11530,M1,10548,91,10639,-891,0,891
Job_134,2,10160,11767,M4,10569,75,10644,-1123,0,1123
Job_127,4,9728,11291,M8,10570,48,10618,-673,0,673
Job_123,7,9358,11059,M3,10573,52,10625,-434,0,434
Job_131,5,9856,11100,M5,10573,11,10584,-516,0,516
Job_126,7,9561,11168,M5,10584,46,10630,-538,0,538
Job_131,6,9856,11100,M6,10584,62,10646,-454,0,454
Job_129,7,9739,10978,M7,10598,49,10647,-331,0,331
Job_122,5,9327,11207,M9,10611,11,10622,-585,0,585
Job_140,0,10553,12251,M2,10611,31,10642,-1609,0,1609
Job_127,5,9728,11291,M9,10622,72,10694,-597,0,597
Job_117,7,8831,10894,M3,10625,98,10723,-171,0,171
Job_130,1,9740,11530,M0,10639,85,10724,-806,0,806
Job_137,2,10306,11545,M1,10639,22,10661,-884,0,884
Job_123,8,9358,11059,M4,10644,90,10734,-325,0,325
Job_122,6,9327,11207,M6,10646,40,10686,-521,0,521
Job_126,8,9561,11168,M7,10647,72,10719,-449,0,449
Job_132,0,9952,11654,M1,10661,85,10746,-908,0,908
Job_137,3,10306,11545,M5,10661,61,10722,-823,0,823
Job_129,8,9739,10978,M9,10694,72,10766,-212,0,212
Job_122,7,9327,11207,M7,10719,89,10808,-399,0,399
Job_127,6,9728,11291,M0,10724,47,10771,-520,0,520
Job_121,9,9113,10811,M3,10732,79,10811,0,0,0
Job_139,0,10410,11721,M1,10746,46,10792,-929,0,929
Job_117,8,8831,10894,M9,10766,22,10788,-106,0,106
Job_127,7,9728,11291,M6,10771,65,10836,-455,0,455
Job_132,1,9952,11654,M0,10771,13,10784,-870,0,870
Job_132,2,9952,11654,M2,10784,61,10845,-809,0,809
Job_140,1,10553,12251,M0,10784,86,10870,-1381,0,1381
Job_134,3,10160,11767,M9,10788,11,10799,-968,0,968
Job_122,8,9327,11207,M4,10808,26,10834,-373,0,373
Job_131,7,9856,11100,M7,10808,56,10864,-236,0,236
Job_130,2,9740,11530,M3,10811,39,10850,-680,0,680
Job_127,8,9728,11291,M4,10836,6,10842,-449,0,449
Job_132,3,9952,11654,M6,10845,7,10852,-802,0,802
Job_125,2,9507,11388,M3,10850,76,10926,-462,0,462
Job_130,3,9740,11530,M2,10850,74,10924,-606,0,606
Job_117,9,8831,10894,M5,10851,43,10894,0,0,0
Job_132,4,9952,11654,M8,10852,64,10916,-738,0,738
Job_124,8,9459,11157,M7,10864,36,10900,-257,0,257
Job_139,1,10410,11721,M0,10870,37,10907,-814,0,814
Job_141,0,10767,12647,M0,10907,76,10983,-1664,0,1664
Job_131,8,9856,11100,M8,10916,44,10960,-140,0,140
Job_132,5,9952,11654,M9,10916,76,10992,-662,0,662
Job_143,0,10899,12597,M2,10924,31,10955,-1642,0,1642
Job_129,9,9739,10978,M6,10925,53,10978,0,0,0
Job_125,3,9507,11388,M5,10926,51,10977,-411,0,411
Job_134,4,10160,11767,M3,10926,69,10995,-772,0,772
Job_130,4,9740,11530,M8,10960,90,11050,-480,0,480
Job_125,4,9507,11388,M2,10977,85,11062,-326,0,326
Job_143,1,10899,12597,M0,10983,86,11069,-1528,0,1528
Job_132,6,9952,11654,M5,10992,47,11039,-615,0,615
Job_133,3,10080,11324,M3,10995,36,11031,-293,0,293
Job_134,5,10160,11767,M1,10995,28,11023,-744,0,744
Job_123,9,9358,11059,M7,11014,45,11059,0,0,0
Job_128,0,9733,11797,M1,11023,81,11104,-693,0,693
Job_134,6,10160,11767,M6,11023,46,11069,-698,0,698
Job_133,4,10080,11324,M4,11031,49,11080,-244,0,244
Job_137,4,10306,11545,M3,11031,26,11057,-488,0,488
Job_130,5,9740,11530,M5,11050,10,11060,-470,0,470
Job_130,6,9740,11530,M7,11060,12,11072,-458,0,458
Job_125,5,9507,11388,M9,11062,11,11073,-315,0,315
Job_134,7,10160,11767,M5,11069,46,11115,-652,0,652
Job_145,0,11001,12608,M0,11069,43,11112,-1496,0,1496
Job_125,6,9507,11388,M6,11073,40,11113,-275,0,275
Job_124,9,9459,11157,M3,11078,79,11157,0,0,0
Job_131,9,9856,11100,M9,11079,21,11100,0,0,0
Job_137,5,10306,11545,M4,11080,69,11149,-396,0,396
Job_126,9,9561,11168,M8,11103,30,11133,-35,0,35
Job_128,1,9733,11797,M2,11104,95,11199,-598,0,598
Job_138,1,10373,11936,M1,11104,2,11106,-830,0,830
Job_135,0,10220,12009,M1,11106,91,11197,-812,0,812
Job_144,0,10947,12828,M0,11112,76,11188,-1640,0,1640
Job_125,7,9507,11388,M7,11113,89,11202,-186,0,186
Job_133,5,10080,11324,M5,11115,11,11126,-198,0,198
Job_133,6,10080,11324,M6,11126,62,11188,-136,0,136
Job_138,2,10373,11936,M5,11126,52,11178,-758,0,758
Job_122,9,9327,11207,M8,11133,74,11207,0,0,0
Job_139,2,10410,11721,M3,11157,61,11218,-503,0,503
Job_130,7,9740,11530,M6,11188,89,11277,-253,0,253
Job_140,2,10553,12251,M1,11197,46,11243,-1008,0,1008
Job_128,2,9733,11797,M0,11199,71,11270,-527,0,527
Job_148,0,11179,12418,M2,11199,14,11213,-1205,0,1205
Job_125,8,9507,11388,M4,11202,26,11228,-160,0,160
Job_133,7,10080,11324,M7,11202,56,11258,-66,0,66
Job_137,6,10306,11545,M8,11207,21,11228,-317,0,317
Job_145,1,11001,12608,M2,11213,90,11303,-1305,0,1305
Job_132,7,9952,11654,M3,11218,52,11270,-384,0,384
Job_136,0,10271,12334,M1,11243,81,11324,-1010,0,1010
Job_140,3,10553,12251,M5,11243,74,11317,-934,0,934
Job_133,8,10080,11324,M8,11258,44,11302,-22,0,22
Job_127,9,9728,11291,M7,11266,25,11291,0,0,0
Job_128,3,9733,11797,M4,11270,99,11369,-428,0,428
Job_135,1,10220,12009,M0,11270,85,11355,-654,0,654
Job_138,3,10373,11936,M3,11270,95,11365,-571,0,571
Job_137,7,10306,11545,M7,11291,49,11340,-205,0,205
Job_133,9,10080,11324,M9,11303,21,11324,0,0,0
Job_139,3,10410,11721,M2,11303,13,11316,-405,0,405
Job_125,9,9507,11388,M8,11314,74,11388,0,0,0
Job_139,4,10410,11721,M6,11316,32,11348,-373,0,373
Job_146,0,11168,12731,M2,11316,84,11400,-1331,0,1331
Job_130,8,9740,11530,M9,11324,45,11369,-161,0,161
Job_134,8,10160,11767,M7,11340,72,11412,-355,0,355
Job_139,5,10410,11721,M5,11348,21,11369,-352,0,352
Job_148,1,11179,12418,M0,11355,6,11361,-1057,0,1057
Job_148,2,11179,12418,M1,11361,22,11383,-1035,0,1035
Job_150,0,11296,12540,M0,11361,29,11390,-1150,0,1150
Job_135,2,10220,12009,M3,11365,39,11404,-605,0,605
Job_128,4,9733,11797,M6,11369,9,11378,-419,0,419
Job_132,8,9952,11654,M4,11369,90,11459,-195,0,195
Job_137,8,10306,11545,M9,11369,72,11441,-104,0,104
Job_142,0,10798,12499,M1,11383,85,11468,-1031,0,1031
Job_148,3,11179,12418,M5,11383,61,11444,-974,0,974
Job_128,5,9733,11797,M8,11388,52,11440,-357,0,357
Job_136,1,10271,12334,M2,11400,95,11495,-839,0,839
Job_128,6,9733,11797,M7,11440,85,11525,-272,0,272
Job_138,4,10373,11936,M8,11440,48,11488,-448,0,448
Job_139,6,10410,11721,M9,11441,32,11473,-248,0,248
Job_148,4,11179,12418,M3,11444,26,11470,-948,0,948
Job_140,4,10553,12251,M4,11459,32,11491,-760,0,760
Job_142,1,10798,12499,M0,11468,13,11481,-1018,0,1018
Job_150,1,11296,12540,M1,11468,78,11546,-994,0,994
Job_138,5,10373,11936,M9,11488,72,11560,-376,0,376
Job_139,7,10410,11721,M8,11488,89,11577,-144,0,144
Job_137,9,10306,11545,M6,11492,53,11545,0,0,0
Job_135,3,10220,12009,M2,11495,74,11569,-440,0,440
Job_136,2,10271,12334,M0,11495,71,11566,-768,0,768
Job_130,9,9740,11530,M4,11497,33,11530,0,0,0
Job_128,7,9733,11797,M3,11525,98,11623,-174,0,174
Job_145,2,11001,12608,M4,11530,75,11605,-1003,0,1003
Job_140,5,10553,12251,M6,11545,88,11633,-618,0,618
Job_143,2,10899,12597,M1,11546,46,11592,-1005,0,1005
Job_138,6,10373,11936,M0,11566,47,11613,-323,0,323
Job_142,2,10798,12499,M2,11569,61,11630,-869,0,869
Job_135,4,10220,12009,M8,11577,90,11667,-342,0,342
Job_139,8,10410,11721,M7,11577,30,11607,-114,0,114
Job_143,3,10899,12597,M5,11592,74,11666,-931,0,931
Job_145,3,11001,12608,M9,11605,11,11616,-992,0,992
Job_132,9,9952,11654,M7,11609,45,11654,0,0,0
Job_128,8,9733,11797,M9,11623,22,11645,-152,0,152
Job_145,4,11001,12608,M3,11623,69,11692,-916,0,916
Job_150,2,11296,12540,M2,11630,9,11639,-901,0,901
Job_138,7,10373,11936,M6,11633,65,11698,-238,0,238
Job_139,9,10410,11721,M4,11666,55,11721,0,0,0
Job_135,5,10220,12009,M5,11667,10,11677,-332,0,332
Job_140,6,10553,12251,M8,11667,19,11686,-565,0,565
Job_135,6,10220,12009,M7,11677,12,11689,-320,0,320
Job_140,7,10553,12251,M9,11686,48,11734,-517,0,517
Job_145,5,11001,12608,M1,11692,28,11720,-888,0,888
Job_150,3,11296,12540,M3,11692,36,11728,-812,0,812
Job_135,7,10220,12009,M6,11698,89,11787,-222,0,222
Job_141,1,10767,12647,M1,11720,69,11789,-858,0,858
Job_136,3,10271,12334,M4,11721,99,11820,-514,0,514
Job_140,8,10553,12251,M7,11734,36,11770,-481,0,481
Job_134,9,10160,11767,M8,11737,30,11767,0,0,0
Job_128,9,9733,11797,M5,11754,43,11797,0,0,0
Job_135,8,10220,12009,M9,11787,45,11832,-177,0,177
Job_142,3,10798,12499,M6,11787,7,11794,-705,0,705
Job_141,2,10767,12647,M3,11789,76,11865,-782,0,782
Job_146,1,11168,12731,M1,11789,2,11791,-940,0,940
Job_144,1,10947,12828,M1,11791,69,11860,-968,0,968
Job_142,4,10798,12499,M8,11794,64,11858,-641,0,641
Job_145,6,11001,12608,M6,11794,46,11840,-768,0,768
Job_146,2,11168,12731,M5,11797,52,11849,-882,0,882
Job_138,8,10373,11936,M4,11820,6,11826,-110,0,110
Job_148,5,11179,12418,M4,11826,69,11895,-523,0,523
Job_136,4,10271,12334,M6,11840,9,11849,-485,0,485
Job_145,7,11001,12608,M5,11849,46,11895,-713,0,713
Job_136,5,10271,12334,M8,11858,52,11910,-424,0,424
Job_142,5,10798,12499,M9,11858,76,11934,-565,0,565
Job_149,0,11180,12970,M1,11860,91,11951,-1019,0,1019
Job_146,3,11168,12731,M3,11865,95,11960,-771,0,771
Job_141,3,10767,12647,M5,11895,51,11946,-701,0,701
Job_143,4,10899,12597,M4,11895,32,11927,-670,0,670
Job_148,6,11179,12418,M8,11910,21,11931,-487,0,487
Job_138,9,10373,11936,M7,11911,25,11936,0,0,0
Job_143,5,10899,12597,M6,11927,88,12015,-582,0,582
Job_150,4,11296,12540,M4,11927,49,11976,-564,0,564
Job_136,6,10271,12334,M7,11936,85,12021,-313,0,313
Job_141,4,10767,12647,M2,11946,85,12031,-616,0,616
Job_142,6,10798,12499,M5,11946,47,11993,-506,0,506
Job_149,1,11180,12970,M0,11951,85,12036,-934,0,934
Job_151,0,11392,13094,M1,11951,85,12036,-1058,0,1058
Job_144,2,10947,12828,M3,11960,76,12036,-792,0,792
Job_146,4,11168,12731,M8,11960,48,12008,-723,0,723
Job_135,9,10220,12009,M4,11976,33,12009,0,0,0
Job_150,5,11296,12540,M5,11993,11,12004,-536,0,536
Job_146,5,11168,12731,M9,12008,72,12080,-651,0,651
Job_143,6,10899,12597,M8,12015,19,12034,-563,0,563
Job_150,6,11296,12540,M6,12015,62,12077,-463,0,463
Job_148,7,11179,12418,M7,12021,49,12070,-348,0,348
Job_136,7,10271,12334,M3,12036,98,12134,-200,0,200
Job_144,3,10947,12828,M5,12036,51,12087,-741,0,741
Job_147,0,11173,13237,M1,12036,81,12117,-1120,0,1120
Job_151,1,11392,13094,M0,12036,13,12049,-1045,0,1045
Job_151,2,11392,13094,M2,12049,61,12110,-984,0,984
Job_145,8,11001,12608,M7,12070,72,12142,-466,0,466
Job_146,6,11168,12731,M0,12080,47,12127,-604,0,604
Job_148,8,11179,12418,M9,12080,72,12152,-266,0,266
Job_144,4,10947,12828,M2,12110,85,12195,-633,0,633
Job_151,3,11392,13094,M6,12110,7,12117,-977,0,977
Job_151,4,11392,13094,M8,12117,64,12181,-913,0,913
Job_146,7,11168,12731,M6,12127,65,12192,-539,0,539
Job_150,7,11296,12540,M7,12142,56,12198,-342,0,342
Job_136,8,10271,12334,M9,12152,22,12174,-160,0,160
Job_140,9,10553,12251,M3,12172,79,12251,0,0,0
Job_141,5,10767,12647,M9,12174,11,12185,-462,0,462
Job_143,7,10899,12597,M9,12185,48,12233,-364,0,364
Job_141,6,10767,12647,M6,12192,40,12232,-415,0,415
Job_146,8,11168,12731,M4,12192,6,12198,-533,0,533
Job_147,1,11173,13237,M2,12195,95,12290,-947,0,947
Job_150,8,11296,12540,M8,12198,44,12242,-298,0,298
Job_141,7,10767,12647,M7,12232,89,12321,-326,0,326
Job_144,5,10947,12828,M9,12233,11,12244,-584,0,584
Job_144,6,10947,12828,M6,12244,40,12284,-544,0,544
Job_151,5,11392,13094,M9,12244,76,12320,-774,0,774
Job_142,7,10798,12499,M3,12251,52,12303,-196,0,196
Job_147,2,11173,13237,M0,12290,71,12361,-876,0,876
Job_136,9,10271,12334,M5,12291,43,12334,0,0,0
Job_142,8,10798,12499,M4,12303,90,12393,-106,0,106
Job_149,2,11180,12970,M3,12303,39,12342,-628,0,628
Job_143,8,10899,12597,M7,12321,36,12357,-240,0,240
Job_151,6,11392,13094,M5,12334,47,12381,-713,0,713
Job_149,3,11180,12970,M2,12342,74,12416,-554,0,554
Job_144,7,10947,12828,M7,12357,89,12446,-382,0,382
Job_148,9,11179,12418,M6,12365,53,12418,0,0,0
Job_151,7,11392,13094,M3,12381,52,12433,-661,0,661
Job_141,8,10767,12647,M4,12393,26,12419,-228,0,228
Job_149,4,11180,12970,M8,12416,90,12506,-464,0,464
Job_147,3,11173,13237,M4,12419,99,12518,-719,0,719
Job_142,9,10798,12499,M7,12454,45,12499,0,0,0
Job_149,5,11180,12970,M5,12506,10,12516,-454,0,454
Job_149,6,11180,12970,M7,12516,12,12528,-442,0,442
Job_143,9,10899,12597,M3,12518,79,12597,0,0,0
Job_144,8,10947,12828,M4,12518,26,12544,-284,0,284
Job_147,4,11173,13237,M6,12518,9,12527,-710,0,710
Job_150,9,11296,12540,M9,12519,21,12540,0,0,0
Job_149,7,11180,12970,M6,12528,89,12617,-353,0,353
Job_145,9,11001,12608,M8,12543,30,12573,-35,0,35
Job_151,8,11392,13094,M4,12544,90,12634,-460,0,460
Job_141,9,10767,12647,M8,12573,74,12647,0,0,0
Job_149,8,11180,12970,M9,12617,45,12662,-308,0,308
Job_147,5,11173,13237,M8,12647,52,12699,-538,0,538
Job_146,9,11168,12731,M7,12706,25,12731,0,0,0
Job_147,6,11173,13237,M7,12731,85,12816,-421,0,421
Job_144,9,10947,12828,M8,12754,74,12828,0,0,0
Job_147,7,11173,13237,M3,12816,98,12914,-323,0,323
Job_147,8,11173,13237,M9,12914,22,12936,-301,0,301
Job_149,9,11180,12970,M4,12937,33,12970,0,0,0
Job_151,9,11392,13094,M7,13049,45,13094,0,0,0
Job_147,9,11173,13237,M5,13194,43,13237,0,0,0
