Job,Operation,Arrival,Deadline,Machine,Start,Processing Time,End,Lateness,Tardiness,Earliness
Job_057,0,4320,5564,M0,4320,29,4349,-1215,0,1215
Job_035,9,2540,4330,M4,4323,33,4356,26,26,0
Job_045,7,3353,5051,M9,4323,48,4371,-680,0,680
Job_041,7,3071,5134,M3,4327,98,4425,-709,0,709
Job_046,3,3567,5447,M5,4327,51,4378,-1069,0,1069
Job_042,9,3106,4345,M6,4340,53,4393,48,48,0
Job_052,2,3973,6037,M0,4361,71,4432,-1605,0,1605
Job_056,2,4192,5894,M2,4361,61,4422,-1472,0,1472
Job_047,5,3598,5299,M9,4371,76,4447,-852,0,852
Job_051,1,3968,5531,M1,4375,2,4377,-1154,0,1154
Job_057,1,4320,5564,M1,4377,78,4455,-1109,0,1109
Job_051,2,3968,5531,M5,4378,52,4430,-1101,0,1101
Job_037,9,2752,4454,M7,4391,45,4436,-18,0,18
Job_043,7,3173,4736,M6,4393,65,4458,-278,0,278
Job_040,4,3020,4809,M8,4415,90,4505,-304,0,304
Job_055,2,4096,5340,M2,4422,9,4431,-909,0,909
Job_050,4,3801,5408,M3,4425,69,4494,-914,0,914
Job_046,4,3567,5447,M2,4431,85,4516,-931,0,931
Job_058,0,4400,6007,M0,4432,43,4475,-1532,0,1532
Job_044,8,3210,4521,M7,4436,30,4466,-55,0,55
Job_041,8,3071,5134,M9,4447,22,4469,-665,0,665
Job_047,6,3598,5299,M5,4447,47,4494,-805,0,805
Job_043,8,3173,4736,M4,4458,6,4464,-272,0,272
Job_056,3,4192,5894,M6,4458,7,4465,-1429,0,1429
Job_059,0,4460,6249,M1,4460,91,4551,-1698,0,1698
Job_044,9,3210,4521,M4,4466,55,4521,0,0,0
Job_045,8,3353,5051,M7,4466,36,4502,-549,0,549
Job_053,4,3979,5218,M3,4494,26,4520,-698,0,698
Job_040,5,3020,4809,M5,4505,10,4515,-294,0,294
Job_048,6,3699,5397,M8,4505,19,4524,-873,0,873
Job_040,6,3020,4809,M7,4515,12,4527,-282,0,282
Job_046,5,3567,5447,M9,4516,11,4527,-920,0,920
Job_057,2,4320,5564,M2,4516,9,4525,-1039,0,1039
Job_055,3,4096,5340,M3,4520,36,4556,-784,0,784
Job_053,5,3979,5218,M4,4521,69,4590,-628,0,628
Job_058,1,4400,6007,M2,4525,90,4615,-1392,0,1392
Job_040,7,3020,4809,M6,4527,89,4616,-193,0,193
Job_048,7,3699,5397,M9,4527,48,4575,-822,0,822
Job_039,9,2960,4567,M8,4537,30,4567,0,0,0
Job_050,5,3801,5408,M1,4551,28,4579,-829,0,829
Job_059,1,4460,6249,M0,4551,85,4636,-1613,0,1613
Job_033,9,2533,4597,M5,4554,43,4597,0,0,0
Job_051,3,3968,5531,M3,4556,95,4651,-880,0,880
Job_056,4,4192,5894,M8,4567,64,4631,-1263,0,1263
Job_048,8,3699,5397,M7,4575,36,4611,-786,0,786
Job_060,0,4511,6574,M1,4579,81,4660,-1914,0,1914
Job_055,4,4096,5340,M4,4590,49,4639,-701,0,701
Job_061,0,4546,5785,M2,4615,14,4629,-1156,0,1156
Job_040,8,3020,4809,M9,4616,45,4661,-148,0,148
Job_050,6,3801,5408,M6,4616,46,4662,-746,0,746
Job_062,0,4613,6176,M2,4629,84,4713,-1463,0,1463
Job_053,6,3979,5218,M8,4631,21,4652,-566,0,566
Job_061,1,4546,5785,M0,4636,6,4642,-1143,0,1143
Job_052,3,3973,6037,M4,4639,99,4738,-1299,0,1299
Job_055,5,4096,5340,M5,4639,11,4650,-690,0,690
Job_047,7,3598,5299,M3,4651,52,4703,-596,0,596
Job_051,4,3968,5531,M8,4652,48,4700,-831,0,831
Job_053,7,3979,5218,M7,4652,49,4701,-517,0,517
Job_061,2,4546,5785,M1,4660,22,4682,-1103,0,1103
Job_056,5,4192,5894,M9,4661,76,4737,-1157,0,1157
Job_050,7,3801,5408,M5,4662,46,4708,-700,0,700
Job_055,6,4096,5340,M6,4662,62,4724,-616,0,616
Job_063,0,4650,5961,M1,4682,46,4728,-1233,0,1233
Job_049,2,3747,5628,M3,4703,76,4779,-849,0,849
Job_061,3,4546,5785,M5,4708,61,4769,-1016,0,1016
Job_043,9,3173,4736,M7,4711,25,4736,0,0,0
Job_060,1,4511,6574,M2,4713,95,4808,-1766,0,1766
Job_046,6,3567,5447,M6,4724,40,4764,-683,0,683
Job_062,1,4613,6176,M1,4728,2,4730,-1446,0,1446
Job_063,1,4650,5961,M0,4728,37,4765,-1196,0,1196
Job_055,7,4096,5340,M7,4736,56,4792,-548,0,548
Job_053,8,3979,5218,M9,4737,72,4809,-409,0,409
Job_052,4,3973,6037,M6,4764,9,4773,-1264,0,1264
Job_056,6,4192,5894,M5,4769,47,4816,-1078,0,1078
Job_052,5,3973,6037,M8,4773,52,4825,-1212,0,1212
Job_040,9,3020,4809,M4,4776,33,4809,0,0,0
Job_054,2,3980,5770,M3,4779,39,4818,-952,0,952
Job_046,7,3567,5447,M7,4792,89,4881,-566,0,566
Job_060,2,4511,6574,M0,4808,71,4879,-1695,0,1695
Job_064,0,4793,6491,M2,4808,31,4839,-1652,0,1652
Job_047,8,3598,5299,M4,4809,90,4899,-400,0,400
Job_051,5,3968,5531,M9,4809,72,4881,-650,0,650
Job_049,3,3747,5628,M5,4816,51,4867,-761,0,761
Job_057,3,4320,5564,M3,4818,36,4854,-710,0,710
Job_055,8,4096,5340,M8,4825,44,4869,-471,0,471
Job_054,3,3980,5770,M2,4839,74,4913,-857,0,857
Job_061,4,4546,5785,M3,4854,26,4880,-905,0,905
Job_062,2,4613,6176,M5,4867,52,4919,-1257,0,1257
Job_064,1,4793,6491,M0,4879,86,4965,-1526,0,1526
Job_063,2,4650,5961,M3,4880,61,4941,-1020,0,1020
Job_050,8,3801,5408,M7,4881,72,4953,-455,0,455
Job_046,8,3567,5447,M4,4899,26,4925,-522,0,522
Job_049,4,3747,5628,M2,4913,85,4998,-630,0,630
Job_054,4,3980,5770,M8,4913,90,5003,-767,0,767
Job_057,4,4320,5564,M4,4925,49,4974,-590,0,590
Job_052,6,3973,6037,M7,4953,85,5038,-999,0,999
Job_051,6,3968,5531,M0,4965,47,5012,-519,0,519
Job_064,2,4793,6491,M1,4965,46,5011,-1480,0,1480
Job_045,9,3353,5051,M3,4972,79,5051,0,0,0
Job_057,5,4320,5564,M5,4974,11,4985,-579,0,579
Job_061,5,4546,5785,M4,4974,69,5043,-742,0,742
Job_057,6,4320,5564,M6,4985,62,5047,-517,0,517
Job_049,5,3747,5628,M9,4998,11,5009,-619,0,619
Job_063,3,4650,5961,M2,4998,13,5011,-950,0,950
Job_054,5,3980,5770,M5,5003,10,5013,-757,0,757
Job_065,0,5007,6887,M0,5012,76,5088,-1799,0,1799
Job_064,3,4793,6491,M5,5013,74,5087,-1404,0,1404
Job_054,6,3980,5770,M7,5038,12,5050,-720,0,720
Job_066,0,5038,6739,M1,5038,85,5123,-1616,0,1616
Job_058,2,4400,6007,M4,5043,75,5118,-889,0,889
Job_061,6,4546,5785,M8,5043,21,5064,-721,0,721
Job_049,6,3747,5628,M6,5047,40,5087,-541,0,541
Job_057,7,4320,5564,M7,5050,56,5106,-458,0,458
Job_056,7,4192,5894,M3,5051,52,5103,-791,0,791
Job_051,7,3968,5531,M6,5087,65,5152,-379,0,379
Job_041,9,3071,5134,M5,5091,43,5134,0,0,0
Job_059,2,4460,6249,M3,5103,39,5142,-1107,0,1107
Job_049,7,3747,5628,M7,5106,89,5195,-433,0,433
Job_057,8,4320,5564,M8,5106,44,5150,-414,0,414
Job_056,8,4192,5894,M4,5118,90,5208,-686,0,686
Job_058,3,4400,6007,M9,5118,11,5129,-878,0,878
Job_065,1,5007,6887,M1,5123,69,5192,-1695,0,1695
Job_066,1,5038,6739,M0,5123,13,5136,-1603,0,1603
Job_067,0,5139,6837,M2,5139,31,5170,-1667,0,1667
Job_058,4,4400,6007,M3,5142,69,5211,-796,0,796
Job_053,9,3979,5218,M6,5165,53,5218,0,0,0
Job_059,3,4460,6249,M2,5170,74,5244,-1005,0,1005
Job_068,0,5187,7068,M0,5187,76,5263,-1805,0,1805
Job_061,7,4546,5785,M7,5195,49,5244,-541,0,541
Job_051,8,3968,5531,M4,5208,6,5214,-317,0,317
Job_058,5,4400,6007,M1,5211,28,5239,-768,0,768
Job_062,3,4613,6176,M3,5211,95,5306,-870,0,870
Job_049,8,3747,5628,M4,5214,26,5240,-388,0,388
Job_054,7,3980,5770,M6,5218,89,5307,-463,0,463
Job_060,3,4511,6574,M4,5240,99,5339,-1235,0,1235
Job_059,4,4460,6249,M8,5244,90,5334,-915,0,915
Job_061,8,4546,5785,M9,5244,72,5316,-469,0,469
Job_066,2,5038,6739,M2,5244,61,5305,-1434,0,1434
Job_047,9,3598,5299,M7,5254,45,5299,0,0,0
Job_068,1,5187,7068,M1,5263,69,5332,-1736,0,1736
Job_069,0,5241,6848,M0,5263,43,5306,-1542,0,1542
Job_067,1,5139,6837,M0,5306,86,5392,-1445,0,1445
Job_069,1,5241,6848,M2,5306,90,5396,-1452,0,1452
Job_063,4,4650,5961,M6,5307,32,5339,-622,0,622
Job_048,9,3699,5397,M3,5318,79,5397,0,0,0
Job_055,9,4096,5340,M9,5319,21,5340,0,0,0
Job_058,6,4400,6007,M6,5339,46,5385,-622,0,622
Job_063,5,4650,5961,M5,5339,21,5360,-601,0,601
Job_064,4,4793,6491,M4,5339,32,5371,-1120,0,1120
Job_054,8,3980,5770,M9,5340,45,5385,-385,0,385
Job_050,9,3801,5408,M8,5343,30,5373,-35,0,35
Job_059,5,4460,6249,M5,5360,10,5370,-879,0,879
Job_059,6,4460,6249,M7,5370,12,5382,-867,0,867
Job_046,9,3567,5447,M8,5373,74,5447,0,0,0
Job_058,7,4400,6007,M5,5385,46,5431,-576,0,576
Job_059,7,4460,6249,M6,5385,89,5474,-775,0,775
Job_063,6,4650,5961,M9,5385,32,5417,-544,0,544
Job_067,2,5139,6837,M1,5392,46,5438,-1399,0,1399
Job_069,2,5241,6848,M4,5396,75,5471,-1377,0,1377
Job_052,7,3973,6037,M3,5397,98,5495,-542,0,542
Job_070,0,5408,6971,M2,5408,84,5492,-1479,0,1479
Job_058,8,4400,6007,M7,5431,72,5503,-504,0,504
Job_067,3,5139,6837,M5,5438,74,5512,-1325,0,1325
Job_071,0,5413,7477,M1,5438,81,5519,-1958,0,1958
Job_063,7,4650,5961,M8,5447,89,5536,-425,0,425
Job_069,3,5241,6848,M9,5471,11,5482,-1366,0,1366
Job_060,4,4511,6574,M6,5474,9,5483,-1091,0,1091
Job_059,8,4460,6249,M9,5482,45,5527,-722,0,722
Job_064,5,4793,6491,M6,5483,88,5571,-920,0,920
Job_072,0,5419,6658,M2,5492,14,5506,-1152,0,1152
Job_065,2,5007,6887,M3,5495,76,5571,-1316,0,1316
Job_051,9,3968,5531,M7,5506,25,5531,0,0,0
Job_072,1,5419,6658,M0,5506,6,5512,-1146,0,1146
Job_067,4,5139,6837,M4,5512,32,5544,-1293,0,1293
Job_071,1,5413,7477,M2,5519,95,5614,-1863,0,1863
Job_072,2,5419,6658,M1,5519,22,5541,-1117,0,1117
Job_063,8,4650,5961,M7,5536,30,5566,-395,0,395
Job_074,0,5536,6780,M0,5536,29,5565,-1215,0,1215
Job_070,1,5408,6971,M1,5541,2,5543,-1428,0,1428
Job_072,3,5419,6658,M5,5541,61,5602,-1056,0,1056
Job_057,9,4320,5564,M9,5543,21,5564,0,0,0
Job_049,9,3747,5628,M8,5554,74,5628,0,0,0
Job_052,8,3973,6037,M9,5564,22,5586,-451,0,451
Job_074,1,5536,6780,M1,5565,78,5643,-1137,0,1137
Job_066,3,5038,6739,M6,5571,7,5578,-1161,0,1161
Job_069,4,5241,6848,M3,5571,69,5640,-1208,0,1208
Job_067,5,5139,6837,M6,5578,88,5666,-1171,0,1171
Job_065,3,5007,6887,M5,5602,51,5653,-1234,0,1234
Job_071,2,5413,7477,M0,5614,71,5685,-1792,0,1792
Job_060,5,4511,6574,M8,5628,52,5680,-894,0,894
Job_072,4,5419,6658,M3,5640,26,5666,-992,0,992
Job_074,2,5536,6780,M2,5643,9,5652,-1128,0,1128
Job_075,0,5632,7334,M1,5643,85,5728,-1606,0,1606
Job_065,4,5007,6887,M2,5653,85,5738,-1149,0,1149
Job_070,2,5408,6971,M5,5653,52,5705,-1266,0,1266
Job_068,2,5187,7068,M3,5666,76,5742,-1326,0,1326
Job_072,5,5419,6658,M4,5666,69,5735,-923,0,923
Job_060,6,4511,6574,M7,5680,85,5765,-809,0,809
Job_062,4,4613,6176,M8,5680,48,5728,-448,0,448
Job_069,5,5241,6848,M1,5728,28,5756,-1092,0,1092
Job_075,1,5632,7334,M0,5728,13,5741,-1593,0,1593
Job_062,5,4613,6176,M9,5729,72,5801,-375,0,375
Job_061,9,4546,5785,M6,5732,53,5785,0,0,0
Job_072,6,5419,6658,M8,5735,21,5756,-902,0,902
Job_054,9,3980,5770,M4,5737,33,5770,0,0,0
Job_075,2,5632,7334,M2,5741,61,5802,-1532,0,1532
Job_068,3,5187,7068,M5,5742,51,5793,-1275,0,1275
Job_074,3,5536,6780,M3,5742,36,5778,-1002,0,1002
Job_066,4,5038,6739,M8,5756,64,5820,-919,0,919
Job_073,0,5420,7210,M1,5756,91,5847,-1363,0,1363
Job_076,0,5760,7004,M0,5760,29,5789,-1215,0,1215
Job_072,7,5419,6658,M7,5765,49,5814,-844,0,844
Job_060,7,4511,6574,M3,5778,98,5876,-698,0,698
Job_074,4,5536,6780,M4,5778,49,5827,-953,0,953
Job_069,6,5241,6848,M6,5785,46,5831,-1017,0,1017
Job_065,5,5007,6887,M9,5801,11,5812,-1075,0,1075
Job_068,4,5187,7068,M2,5802,85,5887,-1181,0,1181
Job_066,5,5038,6739,M9,5820,76,5896,-843,0,843
Job_067,6,5139,6837,M8,5820,19,5839,-998,0,998
Job_074,5,5536,6780,M5,5827,11,5838,-942,0,942
Job_075,3,5632,7334,M6,5831,7,5838,-1496,0,1496
Job_069,7,5241,6848,M5,5838,46,5884,-964,0,964
Job_074,6,5536,6780,M6,5838,62,5900,-880,0,880
Job_075,4,5632,7334,M8,5839,64,5903,-1431,0,1431
Job_077,0,5840,7447,M0,5840,43,5883,-1564,0,1564
Job_076,1,5760,7004,M1,5847,78,5925,-1079,0,1079
Job_056,9,4192,5894,M7,5849,45,5894,0,0,0
Job_070,3,5408,6971,M3,5876,95,5971,-1000,0,1000
Job_062,6,4613,6176,M0,5883,47,5930,-246,0,246
Job_077,1,5840,7447,M2,5887,90,5977,-1470,0,1470
Job_060,8,4511,6574,M9,5896,22,5918,-656,0,656
Job_066,6,5038,6739,M5,5896,47,5943,-796,0,796
Job_065,6,5007,6887,M6,5900,40,5940,-947,0,947
Job_064,6,4793,6491,M8,5903,19,5922,-569,0,569
Job_063,9,4650,5961,M4,5906,55,5961,0,0,0
Job_068,5,5187,7068,M9,5918,11,5929,-1139,0,1139
Job_078,0,5900,7689,M1,5925,91,6016,-1673,0,1673
Job_072,8,5419,6658,M9,5929,72,6001,-657,0,657
Job_073,1,5420,7210,M0,5930,85,6015,-1195,0,1195
Job_062,7,4613,6176,M6,5940,65,6005,-171,0,171
Job_065,7,5007,6887,M7,5940,89,6029,-858,0,858
Job_066,7,5038,6739,M3,5971,52,6023,-716,0,716
Job_058,9,4400,6007,M8,5977,30,6007,0,0,0
Job_076,2,5760,7004,M2,5977,9,5986,-1018,0,1018
Job_080,0,5986,7225,M2,5986,14,6000,-1225,0,1225
Job_052,9,3973,6037,M5,5994,43,6037,0,0,0
Job_067,7,5139,6837,M9,6001,48,6049,-788,0,788
Job_062,8,4613,6176,M4,6005,6,6011,-165,0,165
Job_068,6,5187,7068,M6,6005,40,6045,-1023,0,1023
Job_070,4,5408,6971,M8,6007,48,6055,-916,0,916
Job_080,1,5986,7225,M0,6015,6,6021,-1204,0,1204
Job_078,1,5900,7689,M0,6021,85,6106,-1583,0,1583
Job_080,2,5986,7225,M1,6021,22,6043,-1182,0,1182
Job_066,8,5038,6739,M4,6023,90,6113,-626,0,626
Job_073,2,5420,7210,M3,6023,39,6062,-1148,0,1148
Job_074,7,5536,6780,M7,6029,56,6085,-695,0,695
Job_080,3,5986,7225,M5,6043,61,6104,-1121,0,1121
Job_070,5,5408,6971,M9,6055,72,6127,-844,0,844
Job_073,3,5420,7210,M2,6062,74,6136,-1074,0,1074
Job_076,3,5760,7004,M3,6062,36,6098,-906,0,906
Job_067,8,5139,6837,M7,6085,36,6121,-716,0,716
Job_074,8,5536,6780,M8,6085,44,6129,-651,0,651
Job_082,0,6090,7401,M1,6090,46,6136,-1265,0,1265
Job_080,4,5986,7225,M3,6104,26,6130,-1095,0,1095
Job_071,3,5413,7477,M4,6113,99,6212,-1265,0,1265
Job_075,5,5632,7334,M9,6127,76,6203,-1131,0,1131
Job_078,2,5900,7689,M3,6130,39,6169,-1520,0,1520
Job_073,4,5420,7210,M8,6136,90,6226,-984,0,984
Job_079,0,5951,8014,M1,6136,81,6217,-1797,0,1797
Job_081,0,6053,7616,M2,6136,84,6220,-1396,0,1396
Job_082,1,6090,7401,M0,6136,37,6173,-1228,0,1228
Job_062,9,4613,6176,M7,6151,25,6176,0,0,0
Job_070,6,5408,6971,M0,6173,47,6220,-751,0,751
Job_082,2,6090,7401,M3,6173,61,6234,-1167,0,1167
Job_069,8,5241,6848,M7,6176,72,6248,-600,0,600
Job_064,7,4793,6491,M9,6203,48,6251,-240,0,240
Job_075,6,5632,7334,M5,6203,47,6250,-1084,0,1084
Job_071,4,5413,7477,M6,6212,9,6221,-1256,0,1256
Job_059,9,4460,6249,M4,6216,33,6249,0,0,0
Job_081,1,6053,7616,M1,6220,2,6222,-1394,0,1394
Job_071,5,5413,7477,M8,6226,52,6278,-1199,0,1199
Job_082,3,6090,7401,M2,6234,13,6247,-1154,0,1154
Job_082,4,6090,7401,M6,6247,32,6279,-1122,0,1122
Job_083,0,6233,7931,M2,6247,31,6278,-1653,0,1653
Job_068,7,5187,7068,M7,6248,89,6337,-731,0,731
Job_076,4,5760,7004,M4,6249,49,6298,-706,0,706
Job_075,7,5632,7334,M3,6250,52,6302,-1032,0,1032
Job_081,2,6053,7616,M5,6250,52,6302,-1314,0,1314
Job_078,3,5900,7689,M2,6278,74,6352,-1337,0,1337
Job_083,1,6233,7931,M0,6278,86,6364,-1567,0,1567
Job_070,7,5408,6971,M6,6279,65,6344,-627,0,627
Job_080,5,5986,7225,M4,6298,69,6367,-858,0,858
Job_076,5,5760,7004,M5,6302,11,6313,-691,0,691
Job_081,3,6053,7616,M3,6302,95,6397,-1219,0,1219
Job_073,5,5420,7210,M5,6313,10,6323,-887,0,887
Job_082,5,6090,7401,M5,6323,21,6344,-1057,0,1057
Job_073,6,5420,7210,M7,6337,12,6349,-861,0,861
Job_082,6,6090,7401,M9,6344,32,6376,-1025,0,1025
Job_064,8,4793,6491,M7,6349,36,6385,-106,0,106
Job_073,7,5420,7210,M6,6349,89,6438,-772,0,772
Job_079,1,5951,8014,M2,6352,95,6447,-1567,0,1567
Job_083,2,6233,7931,M1,6364,46,6410,-1521,0,1521
Job_070,8,5408,6971,M4,6367,6,6373,-598,0,598
Job_080,6,5986,7225,M8,6367,21,6388,-837,0,837
Job_068,8,5187,7068,M4,6373,26,6399,-669,0,669
Job_078,4,5900,7689,M8,6388,90,6478,-1211,0,1211
Job_080,7,5986,7225,M7,6388,49,6437,-788,0,788
Job_077,2,5840,7447,M4,6399,75,6474,-973,0,973
Job_083,3,6233,7931,M5,6410,74,6484,-1447,0,1447
Job_064,9,4793,6491,M3,6412,79,6491,0,0,0
Job_071,6,5413,7477,M7,6437,85,6522,-955,0,955
Job_073,8,5420,7210,M9,6438,45,6483,-727,0,727
Job_076,6,5760,7004,M6,6438,62,6500,-504,0,504
Job_079,2,5951,8014,M0,6447,71,6518,-1496,0,1496
Job_081,4,6053,7616,M8,6478,48,6526,-1090,0,1090
Job_085,0,6478,8179,M1,6478,85,6563,-1616,0,1616
Job_077,3,5840,7447,M9,6483,11,6494,-953,0,953
Job_078,5,5900,7689,M5,6484,10,6494,-1195,0,1195
Job_083,4,6233,7931,M4,6484,32,6516,-1415,0,1415
Job_077,4,5840,7447,M3,6494,69,6563,-884,0,884
Job_080,8,5986,7225,M9,6494,72,6566,-659,0,659
Job_065,8,5007,6887,M4,6516,26,6542,-345,0,345
Job_083,5,6233,7931,M6,6516,88,6604,-1327,0,1327
Job_084,0,6447,8327,M0,6518,76,6594,-1733,0,1733
Job_078,6,5900,7689,M7,6522,12,6534,-1155,0,1155
Job_082,7,6090,7401,M8,6526,89,6615,-786,0,786
Job_060,9,4511,6574,M5,6531,43,6574,0,0,0
Job_076,7,5760,7004,M7,6534,56,6590,-414,0,414
Job_079,3,5951,8014,M4,6542,99,6641,-1373,0,1373
Job_071,7,5413,7477,M3,6563,98,6661,-816,0,816
Job_077,5,5840,7447,M1,6563,28,6591,-856,0,856
Job_081,5,6053,7616,M9,6566,72,6638,-978,0,978
Job_086,0,6579,8277,M2,6579,31,6610,-1667,0,1667
Job_084,1,6447,8327,M1,6594,69,6663,-1664,0,1664
Job_085,1,6478,8179,M0,6594,13,6607,-1572,0,1572
Job_072,9,5419,6658,M6,6605,53,6658,0,0,0
Job_085,2,6478,8179,M2,6610,61,6671,-1508,0,1508
Job_086,1,6579,8277,M0,6610,86,6696,-1581,0,1581
Job_082,8,6090,7401,M7,6615,30,6645,-756,0,756
Job_083,6,6233,7931,M8,6615,19,6634,-1297,0,1297
Job_076,8,5760,7004,M8,6634,44,6678,-326,0,326
Job_083,7,6233,7931,M9,6638,48,6686,-1245,0,1245
Job_075,8,5632,7334,M4,6641,90,6731,-603,0,603
Job_078,7,5900,7689,M6,6658,89,6747,-942,0,942
Job_084,2,6447,8327,M3,6663,76,6739,-1588,0,1588
Job_071,8,5413,7477,M9,6686,22,6708,-769,0,769
Job_066,9,5038,6739,M7,6694,45,6739,0,0,0
Job_086,2,6579,8277,M1,6696,46,6742,-1535,0,1535
Job_088,0,6681,8288,M0,6696,43,6739,-1549,0,1549
Job_081,6,6053,7616,M0,6739,47,6786,-830,0,830
Job_083,8,6233,7931,M7,6739,36,6775,-1156,0,1156
Job_084,3,6447,8327,M5,6739,51,6790,-1537,0,1537
Job_088,1,6681,8288,M2,6739,90,6829,-1459,0,1459
Job_079,4,5951,8014,M6,6747,9,6756,-1258,0,1258
Job_077,6,5840,7447,M6,6756,46,6802,-645,0,645
Job_067,9,5139,6837,M3,6758,79,6837,0,0,0
Job_074,9,5536,6780,M9,6759,21,6780,0,0,0
Job_078,8,5900,7689,M9,6780,45,6825,-864,0,864
Job_069,9,5241,6848,M8,6783,30,6813,-35,0,35
Job_087,0,6627,8508,M0,6786,76,6862,-1646,0,1646
Job_086,3,6579,8277,M5,6790,74,6864,-1413,0,1413
Job_081,7,6053,7616,M6,6802,65,6867,-749,0,749
Job_065,9,5007,6887,M8,6813,74,6887,0,0,0
Job_084,4,6447,8327,M2,6829,85,6914,-1413,0,1413
Job_090,0,6853,8917,M1,6853,81,6934,-1983,0,1983
Job_077,7,5840,7447,M5,6864,46,6910,-537,0,537
Job_086,4,6579,8277,M4,6864,32,6896,-1381,0,1381
Job_085,3,6478,8179,M6,6867,7,6874,-1305,0,1305
Job_085,4,6478,8179,M8,6887,64,6951,-1228,0,1228
Job_086,5,6579,8277,M6,6896,88,6984,-1293,0,1293
Job_088,2,6681,8288,M4,6896,75,6971,-1317,0,1317
Job_084,5,6447,8327,M9,6914,11,6925,-1402,0,1402
Job_091,0,6859,8098,M2,6914,14,6928,-1170,0,1170
Job_089,0,6848,8411,M2,6928,84,7012,-1399,0,1399
Job_091,1,6859,8098,M0,6928,6,6934,-1164,0,1164
Job_087,1,6627,8508,M1,6934,69,7003,-1505,0,1505
Job_070,9,5408,6971,M7,6946,25,6971,0,0,0
Job_077,8,5840,7447,M7,6971,72,7043,-404,0,404
Job_081,8,6053,7616,M4,6971,6,6977,-639,0,639
Job_088,3,6681,8288,M9,6971,11,6982,-1306,0,1306
Job_093,0,6976,8220,M0,6976,29,7005,-1215,0,1215
Job_076,9,5760,7004,M9,6983,21,7004,0,0,0
Job_084,6,6447,8327,M6,6984,40,7024,-1303,0,1303
Job_068,9,5187,7068,M8,6994,74,7068,0,0,0
Job_087,2,6627,8508,M3,7003,76,7079,-1429,0,1429
Job_091,2,6859,8098,M1,7003,22,7025,-1073,0,1073
Job_085,5,6478,8179,M9,7004,76,7080,-1099,0,1099
Job_090,1,6853,8917,M2,7012,95,7107,-1810,0,1810
Job_091,3,6859,8098,M5,7025,61,7086,-1012,0,1012
Job_093,1,6976,8220,M1,7025,78,7103,-1117,0,1117
Job_084,7,6447,8327,M7,7043,89,7132,-1195,0,1195
Job_086,6,6579,8277,M8,7068,19,7087,-1190,0,1190
Job_088,4,6681,8288,M3,7079,69,7148,-1140,0,1140
Job_087,3,6627,8508,M5,7086,51,7137,-1371,0,1371
Job_079,5,5951,8014,M8,7087,52,7139,-875,0,875
Job_086,7,6579,8277,M9,7087,48,7135,-1142,0,1142
Job_089,1,6848,8411,M1,7103,2,7105,-1306,0,1306
Job_092,0,6860,8650,M1,7105,91,7196,-1454,0,1454
Job_090,2,6853,8917,M0,7107,71,7178,-1739,0,1739
Job_093,2,6976,8220,M2,7107,9,7116,-1104,0,1104
Job_084,8,6447,8327,M4,7132,26,7158,-1169,0,1169
Job_086,8,6579,8277,M7,7135,36,7171,-1106,0,1106
Job_087,4,6627,8508,M2,7137,85,7222,-1286,0,1286
Job_089,2,6848,8411,M5,7137,52,7189,-1222,0,1222
Job_091,4,6859,8098,M3,7148,26,7174,-924,0,924
Job_079,6,5951,8014,M7,7171,85,7256,-758,0,758
Job_080,9,5986,7225,M6,7172,53,7225,0,0,0
Job_093,3,6976,8220,M3,7174,36,7210,-1010,0,1010
Job_073,9,5420,7210,M4,7177,33,7210,0,0,0
Job_085,6,6478,8179,M5,7189,47,7236,-943,0,943
Job_088,5,6681,8288,M1,7196,28,7224,-1064,0,1064
Job_092,1,6860,8650,M0,7196,85,7281,-1369,0,1369
Job_089,3,6848,8411,M3,7210,95,7305,-1106,0,1106
Job_091,5,6859,8098,M4,7210,69,7279,-819,0,819
Job_087,5,6627,8508,M9,7222,11,7233,-1275,0,1275
Job_094,0,7072,8774,M1,7224,85,7309,-1465,0,1465
Job_088,6,6681,8288,M6,7225,46,7271,-1017,0,1017
Job_087,6,6627,8508,M6,7271,40,7311,-1197,0,1197
Job_088,7,6681,8288,M5,7271,46,7317,-971,0,971
Job_091,6,6859,8098,M8,7279,21,7300,-798,0,798
Job_093,4,6976,8220,M4,7279,49,7328,-892,0,892
Job_095,0,7200,8444,M0,7281,29,7310,-1134,0,1134
Job_075,9,5632,7334,M7,7289,45,7334,0,0,0
Job_085,7,6478,8179,M3,7305,52,7357,-822,0,822
Job_089,4,6848,8411,M8,7305,48,7353,-1058,0,1058
Job_094,1,7072,8774,M0,7310,13,7323,-1451,0,1451
Job_095,1,7200,8444,M1,7310,78,7388,-1056,0,1056
Job_094,2,7072,8774,M2,7323,61,7384,-1390,0,1390
Job_096,0,7280,8887,M0,7323,43,7366,-1521,0,1521
Job_093,5,6976,8220,M5,7328,11,7339,-881,0,881
Job_091,7,6859,8098,M7,7334,49,7383,-715,0,715
Job_093,6,6976,8220,M6,7339,62,7401,-819,0,819
Job_082,9,6090,7401,M4,7346,55,7401,0,0,0
Job_089,5,6848,8411,M9,7353,72,7425,-986,0,986
Job_092,2,6860,8650,M3,7357,39,7396,-1254,0,1254
Job_096,1,7280,8887,M2,7384,90,7474,-1413,0,1413
Job_097,0,7340,9129,M1,7388,91,7479,-1650,0,1650
Job_090,3,6853,8917,M4,7401,99,7500,-1417,0,1417
Job_093,7,6976,8220,M7,7401,56,7457,-763,0,763
Job_094,3,7072,8774,M6,7401,7,7408,-1366,0,1366
Job_077,9,5840,7447,M8,7417,30,7447,0,0,0
Job_089,6,6848,8411,M0,7425,47,7472,-939,0,939
Job_091,8,6859,8098,M9,7425,72,7497,-601,0,601
Job_071,9,5413,7477,M5,7434,43,7477,0,0,0
Job_094,4,7072,8774,M8,7447,64,7511,-1263,0,1263
Job_088,8,6681,8288,M7,7457,72,7529,-759,0,759
Job_089,7,6848,8411,M6,7472,65,7537,-874,0,874
Job_095,2,7200,8444,M2,7474,9,7483,-961,0,961
Job_097,1,7340,9129,M0,7479,85,7564,-1565,0,1565
Job_098,0,7391,9454,M1,7479,81,7560,-1894,0,1894
Job_095,3,7200,8444,M3,7483,36,7519,-925,0,925
Job_099,0,7426,8665,M2,7483,14,7497,-1168,0,1168
Job_092,3,6860,8650,M2,7497,74,7571,-1079,0,1079
Job_093,8,6976,8220,M8,7511,44,7555,-665,0,665
Job_094,5,7072,8774,M9,7511,76,7587,-1187,0,1187
Job_079,7,5951,8014,M3,7519,98,7617,-397,0,397
Job_095,4,7200,8444,M4,7519,49,7568,-876,0,876
Job_090,4,6853,8917,M6,7537,9,7546,-1371,0,1371
Job_090,5,6853,8917,M8,7555,52,7607,-1310,0,1310
Job_101,0,7530,8841,M1,7560,46,7606,-1235,0,1235
Job_099,1,7426,8665,M0,7564,6,7570,-1095,0,1095
Job_089,8,6848,8411,M4,7568,6,7574,-837,0,837
Job_095,5,7200,8444,M5,7568,11,7579,-865,0,865
Job_100,0,7493,9056,M2,7571,84,7655,-1401,0,1401
Job_096,2,7280,8887,M4,7574,75,7649,-1238,0,1238
Job_095,6,7200,8444,M6,7579,62,7641,-803,0,803
Job_094,6,7072,8774,M5,7587,47,7634,-1140,0,1140
Job_081,9,6053,7616,M7,7591,25,7616,0,0,0
Job_099,2,7426,8665,M1,7606,22,7628,-1037,0,1037
Job_101,1,7530,8841,M0,7606,37,7643,-1198,0,1198
Job_092,4,6860,8650,M8,7607,90,7697,-953,0,953
Job_087,7,6627,8508,M7,7616,89,7705,-803,0,803
Job_079,8,5951,8014,M9,7617,22,7639,-375,0,375
Job_094,7,7072,8774,M3,7634,52,7686,-1088,0,1088
Job_099,3,7426,8665,M5,7634,61,7695,-970,0,970
Job_096,3,7280,8887,M9,7649,11,7660,-1227,0,1227
Job_100,1,7493,9056,M1,7655,2,7657,-1399,0,1399
Job_078,9,5900,7689,M4,7656,33,7689,0,0,0
Job_102,0,7673,9371,M2,7673,31,7704,-1667,0,1667
Job_101,2,7530,8841,M3,7686,61,7747,-1094,0,1094
Job_100,2,7493,9056,M5,7695,52,7747,-1309,0,1309
Job_098,1,7391,9454,M2,7704,95,7799,-1655,0,1655
Job_102,1,7673,9371,M0,7704,86,7790,-1581,0,1581
Job_087,8,6627,8508,M4,7705,26,7731,-777,0,777
Job_095,7,7200,8444,M7,7705,56,7761,-683,0,683
Job_094,8,7072,8774,M4,7731,90,7821,-953,0,953
Job_092,5,6860,8650,M5,7747,10,7757,-893,0,893
Job_099,4,7426,8665,M3,7747,26,7773,-892,0,892
Job_092,6,6860,8650,M7,7761,12,7773,-877,0,877
Job_095,8,7200,8444,M8,7761,44,7805,-639,0,639
Job_090,6,6853,8917,M7,7773,85,7858,-1059,0,1059
Job_092,7,6860,8650,M6,7773,89,7862,-788,0,788
Job_096,4,7280,8887,M3,7773,69,7842,-1045,0,1045
Job_102,2,7673,9371,M1,7790,46,7836,-1535,0,1535
Job_098,2,7391,9454,M0,7799,71,7870,-1584,0,1584
Job_101,3,7530,8841,M2,7799,13,7812,-1029,0,1029
Job_099,5,7426,8665,M4,7821,69,7890,-775,0,775
Job_102,3,7673,9371,M5,7836,74,7910,-1461,0,1461
Job_096,5,7280,8887,M1,7842,28,7870,-1017,0,1017
Job_083,9,6233,7931,M3,7852,79,7931,0,0,0
Job_092,8,6860,8650,M9,7862,45,7907,-743,0,743
Job_101,4,7530,8841,M6,7862,32,7894,-947,0,947
Job_103,0,7887,9767,M0,7887,76,7963,-1804,0,1804
Job_099,6,7426,8665,M8,7890,21,7911,-754,0,754
Job_096,6,7280,8887,M6,7894,46,7940,-947,0,947
Job_101,5,7530,8841,M5,7910,21,7931,-910,0,910
Job_102,4,7673,9371,M4,7910,32,7942,-1429,0,1429
Job_099,7,7426,8665,M7,7911,49,7960,-705,0,705
Job_104,0,7918,9619,M1,7918,85,8003,-1616,0,1616
Job_100,3,7493,9056,M3,7931,95,8026,-1030,0,1030
Job_101,6,7530,8841,M9,7931,32,7963,-878,0,878
Job_098,3,7391,9454,M4,7942,99,8041,-1413,0,1413
Job_102,5,7673,9371,M6,7942,88,8030,-1341,0,1341
Job_099,8,7426,8665,M9,7963,72,8035,-630,0,630
Job_079,9,5951,8014,M5,7971,43,8014,0,0,0
Job_103,1,7887,9767,M1,8003,69,8072,-1695,0,1695
Job_104,1,7918,9619,M0,8003,13,8016,-1603,0,1603
Job_096,7,7280,8887,M5,8014,46,8060,-827,0,827
Job_105,0,8019,9717,M2,8019,31,8050,-1667,0,1667
Job_097,2,7340,9129,M3,8026,39,8065,-1064,0,1064
Job_100,4,7493,9056,M8,8026,48,8074,-982,0,982
Job_085,8,6478,8179,M4,8041,90,8131,-48,0,48
Job_091,9,6859,8098,M6,8045,53,8098,0,0,0
Job_104,2,7918,9619,M2,8050,61,8111,-1508,0,1508
Job_105,1,8019,9717,M0,8050,86,8136,-1581,0,1581
Job_096,8,7280,8887,M7,8060,72,8132,-755,0,755
Job_090,7,6853,8917,M3,8065,98,8163,-754,0,754
Job_100,5,7493,9056,M9,8074,72,8146,-910,0,910
Job_102,6,7673,9371,M8,8074,19,8093,-1278,0,1278
Job_098,4,7391,9454,M6,8098,9,8107,-1347,0,1347
Job_098,5,7391,9454,M8,8107,52,8159,-1295,0,1295
Job_097,3,7340,9129,M2,8111,74,8185,-944,0,944
Job_104,3,7918,9619,M6,8111,7,8118,-1501,0,1501
Job_085,9,6478,8179,M7,8134,45,8179,0,0,0
Job_105,2,8019,9717,M1,8136,46,8182,-1535,0,1535
Job_107,0,8121,9728,M0,8136,43,8179,-1549,0,1549
Job_102,7,7673,9371,M9,8146,48,8194,-1177,0,1177
Job_104,4,7918,9619,M8,8159,64,8223,-1396,0,1396
Job_098,6,7391,9454,M7,8179,85,8264,-1190,0,1190
Job_106,0,8067,9948,M0,8179,76,8255,-1693,0,1693
Job_105,3,8019,9717,M5,8182,74,8256,-1461,0,1461
Job_107,1,8121,9728,M2,8185,90,8275,-1453,0,1453
Job_086,9,6579,8277,M3,8198,79,8277,0,0,0
Job_093,9,6976,8220,M9,8199,21,8220,0,0,0
Job_090,8,6853,8917,M9,8220,22,8242,-675,0,675
Job_088,9,6681,8288,M8,8223,30,8253,-35,0,35
Job_104,5,7918,9619,M9,8242,76,8318,-1301,0,1301
Job_084,9,6447,8327,M8,8253,74,8327,0,0,0
Job_100,6,7493,9056,M0,8255,47,8302,-754,0,754
Job_106,1,8067,9948,M1,8255,69,8324,-1624,0,1624
Job_105,4,8019,9717,M4,8256,32,8288,-1429,0,1429
Job_102,8,7673,9371,M7,8264,36,8300,-1071,0,1071
Job_103,2,7887,9767,M3,8277,76,8353,-1414,0,1414
Job_105,5,8019,9717,M6,8288,88,8376,-1341,0,1341
Job_107,2,8121,9728,M4,8288,75,8363,-1365,0,1365
Job_108,0,8288,9851,M2,8288,84,8372,-1479,0,1479
Job_111,0,8300,10090,M1,8324,91,8415,-1675,0,1675
Job_103,3,7887,9767,M5,8353,51,8404,-1363,0,1363
Job_106,2,8067,9948,M3,8353,76,8429,-1519,0,1519
Job_107,3,8121,9728,M9,8363,11,8374,-1354,0,1354
Job_110,0,8299,9538,M2,8372,14,8386,-1152,0,1152
Job_100,7,7493,9056,M6,8376,65,8441,-615,0,615
Job_105,6,8019,9717,M8,8376,19,8395,-1322,0,1322
Job_089,9,6848,8411,M7,8386,25,8411,0,0,0
Job_110,1,8299,9538,M0,8386,6,8392,-1146,0,1146
Job_103,4,7887,9767,M2,8404,85,8489,-1278,0,1278
Job_110,2,8299,9538,M1,8415,22,8437,-1101,0,1101
Job_112,0,8416,9660,M0,8416,29,8445,-1215,0,1215
Job_095,9,7200,8444,M9,8423,21,8444,0,0,0
Job_098,7,7391,9454,M3,8429,98,8527,-927,0,927
Job_106,3,8067,9948,M5,8429,51,8480,-1468,0,1468
Job_087,9,6627,8508,M8,8434,74,8508,0,0,0
Job_108,1,8288,9851,M1,8437,2,8439,-1412,0,1412
Job_100,8,7493,9056,M4,8441,6,8447,-609,0,609
Job_105,7,8019,9717,M9,8444,48,8492,-1225,0,1225
Job_111,1,8300,10090,M0,8445,85,8530,-1560,0,1560
Job_112,1,8416,9660,M1,8445,78,8523,-1137,0,1137
Job_110,3,8299,9538,M5,8480,61,8541,-997,0,997
Job_106,4,8067,9948,M2,8489,85,8574,-1374,0,1374
Job_103,5,7887,9767,M9,8492,11,8503,-1264,0,1264
Job_105,8,8019,9717,M7,8492,36,8528,-1189,0,1189
Job_103,6,7887,9767,M6,8503,40,8543,-1224,0,1224
Job_101,7,7530,8841,M8,8508,89,8597,-244,0,244
Job_113,0,8512,10214,M1,8523,85,8608,-1606,0,1606
Job_098,8,7391,9454,M9,8527,22,8549,-905,0,905
Job_107,4,8121,9728,M3,8527,69,8596,-1132,0,1132
Job_108,2,8288,9851,M5,8541,52,8593,-1258,0,1258
Job_103,7,7887,9767,M7,8543,89,8632,-1135,0,1135
Job_106,5,8067,9948,M9,8574,11,8585,-1363,0,1363
Job_112,2,8416,9660,M2,8574,9,8583,-1077,0,1077
Job_104,6,7918,9619,M5,8593,47,8640,-979,0,979
Job_110,4,8299,9538,M3,8596,26,8622,-916,0,916
Job_097,4,7340,9129,M8,8597,90,8687,-442,0,442
Job_107,5,8121,9728,M1,8608,28,8636,-1092,0,1092
Job_113,1,8512,10214,M0,8608,13,8621,-1593,0,1593
Job_099,9,7426,8665,M6,8612,53,8665,0,0,0
Job_092,9,6860,8650,M4,8617,33,8650,0,0,0
Job_113,2,8512,10214,M2,8621,61,8682,-1532,0,1532
Job_112,3,8416,9660,M3,8622,36,8658,-1002,0,1002
Job_101,8,7530,8841,M7,8632,30,8662,-179,0,179
Job_109,0,8293,10357,M1,8636,81,8717,-1640,0,1640
Job_110,5,8299,9538,M4,8650,69,8719,-819,0,819
Job_108,3,8288,9851,M3,8658,95,8753,-1098,0,1098
Job_107,6,8121,9728,M6,8665,46,8711,-1017,0,1017
Job_097,5,7340,9129,M5,8687,10,8697,-432,0,432
Job_097,6,7340,9129,M7,8697,12,8709,-420,0,420
Job_106,6,8067,9948,M6,8711,40,8751,-1197,0,1197
Job_107,7,8121,9728,M5,8711,46,8757,-971,0,971
Job_109,1,8293,10357,M2,8717,95,8812,-1545,0,1545
Job_110,6,8299,9538,M8,8719,21,8740,-798,0,798
Job_112,4,8416,9660,M4,8719,49,8768,-892,0,892
Job_094,9,7072,8774,M7,8729,45,8774,0,0,0
Job_113,3,8512,10214,M6,8751,7,8758,-1456,0,1456
Job_104,7,7918,9619,M3,8753,52,8805,-814,0,814
Job_108,4,8288,9851,M8,8753,48,8801,-1050,0,1050
Job_112,5,8416,9660,M5,8768,11,8779,-881,0,881
Job_110,7,8299,9538,M7,8774,49,8823,-715,0,715
Job_112,6,8416,9660,M6,8779,62,8841,-819,0,819
Job_101,9,7530,8841,M4,8786,55,8841,0,0,0
Job_108,5,8288,9851,M9,8801,72,8873,-978,0,978
Job_111,2,8300,10090,M3,8805,39,8844,-1246,0,1246
Job_109,2,8293,10357,M0,8812,71,8883,-1474,0,1474
Job_107,8,8121,9728,M7,8823,72,8895,-833,0,833
Job_097,7,7340,9129,M6,8841,89,8930,-199,0,199
Job_104,8,7918,9619,M4,8841,90,8931,-688,0,688
Job_111,3,8300,10090,M2,8844,74,8918,-1172,0,1172
Job_096,9,7280,8887,M8,8857,30,8887,0,0,0
Job_110,8,8299,9538,M9,8873,72,8945,-593,0,593
Job_090,9,6853,8917,M5,8874,43,8917,0,0,0
Job_108,6,8288,9851,M0,8883,47,8930,-921,0,921
Job_113,4,8512,10214,M8,8887,64,8951,-1263,0,1263
Job_112,7,8416,9660,M7,8895,56,8951,-709,0,709
Job_108,7,8288,9851,M6,8930,65,8995,-856,0,856
Job_103,8,7887,9767,M4,8931,26,8957,-810,0,810
Job_112,8,8416,9660,M8,8951,44,8995,-665,0,665
Job_113,5,8512,10214,M9,8951,76,9027,-1187,0,1187
Job_109,3,8293,10357,M4,8957,99,9056,-1301,0,1301
Job_111,4,8300,10090,M8,8995,90,9085,-1005,0,1005
Job_097,8,7340,9129,M9,9027,45,9072,-57,0,57
Job_113,6,8512,10214,M5,9027,47,9074,-1140,0,1140
Job_100,9,7493,9056,M7,9031,25,9056,0,0,0
Job_106,7,8067,9948,M7,9056,89,9145,-803,0,803
Job_108,8,8288,9851,M4,9056,6,9062,-789,0,789
Job_109,4,8293,10357,M6,9056,9,9065,-1292,0,1292
Job_113,7,8512,10214,M3,9074,52,9126,-1088,0,1088
Job_109,5,8293,10357,M8,9085,52,9137,-1220,0,1220
Job_111,5,8300,10090,M5,9085,10,9095,-995,0,995
Job_097,9,7340,9129,M4,9096,33,9129,0,0,0
Job_113,8,8512,10214,M4,9129,90,9219,-995,0,995
Job_111,6,8300,10090,M7,9145,12,9157,-933,0,933
Job_109,6,8293,10357,M7,9157,85,9242,-1115,0,1115
Job_111,7,8300,10090,M6,9157,89,9246,-844,0,844
Job_106,8,8067,9948,M4,9219,26,9245,-703,0,703
Job_111,8,8300,10090,M9,9246,45,9291,-799,0,799
Job_102,9,7673,9371,M3,9292,79,9371,0,0,0
Job_109,7,8293,10357,M3,9371,98,9469,-888,0,888
Job_098,9,7391,9454,M5,9411,43,9454,0,0,0
Job_109,8,8293,10357,M9,9469,22,9491,-866,0,866
Job_110,9,8299,9538,M6,9485,53,9538,0,0,0
Job_104,9,7918,9619,M7,9574,45,9619,0,0,0
Job_105,9,8019,9717,M3,9638,79,9717,0,0,0
Job_112,9,8416,9660,M9,9639,21,9660,0,0,0
Job_107,9,8121,9728,M8,9663,30,9693,-35,0,35
Job_103,9,7887,9767,M8,9693,74,9767,0,0,0
Job_108,9,8288,9851,M7,9826,25,9851,0,0,0
Job_106,9,8067,9948,M8,9874,74,9948,0,0,0
Job_111,9,8300,10090,M4,10057,33,10090,0,0,0
Job_113,9,8512,10214,M7,10169,45,10214,0,0,0
Job_109,9,8293,10357,M5,10314,43,10357,0,0,0
