Job,Operation,Arrival,Deadline,Machine,Start,Processing Time,End,Lateness,Tardiness,Earliness
Job_090,8,6853,8917,M9,8640,22,8662,-255,0,255
Job_097,5,7340,9129,M5,8648,10,8658,-471,0,471
Job_098,5,7391,9454,M8,8648,52,8700,-754,0,754
Job_097,6,7340,9129,M7,8658,12,8670,-459,0,459
Job_097,7,7340,9129,M6,8670,89,8759,-370,0,370
Job_092,9,6860,8650,M4,8683,33,8716,66,66,0
Job_104,1,7918,9619,M0,8704,13,8717,-902,0,902
Job_104,2,7918,9619,M2,8717,61,8778,-841,0,841
Job_114,0,8640,9884,M0,8717,29,8746,-1138,0,1138
Job_094,9,7072,8774,M7,8729,45,8774,0,0,0
Job_115,0,8720,10327,M0,8746,43,8789,-1538,0,1538
Job_097,8,7340,9129,M9,8759,45,8804,-325,0,325
Job_100,7,7493,9056,M6,8759,65,8824,-232,0,232
Job_103,1,7887,9767,M1,8768,69,8837,-930,0,930
Job_098,6,7391,9454,M7,8774,85,8859,-595,0,595
Job_112,2,8416,9660,M2,8778,9,8787,-873,0,873
Job_101,9,7530,8841,M4,8786,55,8841,0,0,0
Job_112,3,8416,9660,M3,8787,36,8823,-837,0,837
Job_115,1,8720,10327,M2,8789,90,8879,-1448,0,1448
Job_104,3,7918,9619,M6,8824,7,8831,-788,0,788
Job_103,2,7887,9767,M3,8837,76,8913,-854,0,854
Job_110,2,8299,9538,M1,8837,22,8859,-679,0,679
Job_107,2,8121,9728,M4,8841,75,8916,-812,0,812
Job_096,9,7280,8887,M8,8857,30,8887,0,0,0
Job_108,1,8288,9851,M1,8859,2,8861,-990,0,990
Job_106,1,8067,9948,M1,8861,69,8930,-1018,0,1018
Job_090,9,6853,8917,M5,8874,43,8917,0,0,0
Job_118,0,8866,10105,M2,8879,14,8893,-1212,0,1212
Job_104,4,7918,9619,M8,8887,64,8951,-668,0,668
Job_118,1,8866,10105,M0,8893,6,8899,-1206,0,1206
Job_107,3,8121,9728,M9,8916,11,8927,-801,0,801
Job_112,4,8416,9660,M4,8916,49,8965,-695,0,695
Job_110,3,8299,9538,M5,8917,61,8978,-560,0,560
Job_107,4,8121,9728,M3,8927,69,8996,-732,0,732
Job_111,0,8300,10090,M1,8930,91,9021,-1069,0,1069
Job_119,0,8933,10496,M2,8933,84,9017,-1479,0,1479
Job_104,5,7918,9619,M9,8951,76,9027,-592,0,592
Job_103,3,7887,9767,M5,8978,51,9029,-738,0,738
Job_110,4,8299,9538,M3,8996,26,9022,-516,0,516
Job_107,5,8121,9728,M1,9021,28,9049,-679,0,679
Job_111,1,8300,10090,M0,9021,85,9106,-984,0,984
Job_106,2,8067,9948,M3,9022,76,9098,-850,0,850
Job_100,8,7493,9056,M4,9025,6,9031,-25,0,25
Job_103,4,7887,9767,M2,9029,85,9114,-653,0,653
Job_112,5,8416,9660,M5,9029,11,9040,-620,0,620
Job_100,9,7493,9056,M7,9031,25,9056,0,0,0
Job_108,2,8288,9851,M5,9040,52,9092,-759,0,759
Job_107,6,8121,9728,M6,9049,46,9095,-633,0,633
Job_114,1,8640,9884,M1,9049,78,9127,-757,0,757
Job_104,6,7918,9619,M5,9092,47,9139,-480,0,480
Job_097,9,7340,9129,M4,9096,33,9129,0,0,0
Job_108,3,8288,9851,M3,9098,95,9193,-658,0,658
Job_103,5,7887,9767,M9,9114,11,9125,-642,0,642
Job_121,0,9113,10811,M2,9114,31,9145,-1666,0,1666
Job_103,6,7887,9767,M6,9125,40,9165,-602,0,602
Job_113,0,8512,10214,M1,9127,85,9212,-1002,0,1002
Job_110,5,8299,9538,M4,9129,69,9198,-340,0,340
Job_107,7,8121,9728,M5,9139,46,9185,-543,0,543
Job_114,2,8640,9884,M2,9145,9,9154,-730,0,730
Job_121,1,9113,10811,M0,9145,86,9231,-1580,0,1580
Job_103,7,7887,9767,M7,9165,89,9254,-513,0,513
Job_106,3,8067,9948,M5,9185,51,9236,-712,0,712
Job_108,4,8288,9851,M8,9193,48,9241,-610,0,610
Job_098,7,7391,9454,M3,9194,98,9292,-162,0,162
Job_115,2,8720,10327,M4,9198,75,9273,-1054,0,1054
Job_119,1,8933,10496,M1,9212,2,9214,-1282,0,1282
Job_105,2,8019,9717,M1,9231,46,9277,-440,0,440
Job_113,1,8512,10214,M0,9240,13,9253,-961,0,961
Job_110,6,8299,9538,M8,9241,21,9262,-276,0,276
Job_113,2,8512,10214,M2,9253,61,9314,-900,0,900
Job_110,7,8299,9538,M7,9262,49,9311,-227,0,227
Job_103,8,7887,9767,M4,9273,26,9299,-468,0,468
Job_115,3,8720,10327,M9,9273,11,9284,-1043,0,1043
Job_105,3,8019,9717,M5,9277,74,9351,-366,0,366
Job_109,0,8293,10357,M1,9277,81,9358,-999,0,999
Job_098,8,7391,9454,M9,9292,22,9314,-140,0,140
Job_102,9,7673,9371,M3,9292,79,9371,0,0,0
Job_106,4,8067,9948,M2,9314,85,9399,-549,0,549
Job_110,8,8299,9538,M9,9314,72,9386,-152,0,152
Job_113,3,8512,10214,M6,9314,7,9321,-893,0,893
Job_112,6,8416,9660,M6,9321,62,9383,-277,0,277
Job_113,4,8512,10214,M8,9321,64,9385,-829,0,829
Job_122,0,9327,11207,M0,9327,76,9403,-1804,0,1804
Job_105,4,8019,9717,M4,9351,32,9383,-334,0,334
Job_119,2,8933,10496,M5,9351,52,9403,-1093,0,1093
Job_118,2,8866,10105,M1,9358,22,9380,-725,0,725
Job_104,7,7918,9619,M3,9371,52,9423,-196,0,196
Job_116,0,8780,10569,M1,9380,91,9471,-1098,0,1098
Job_105,5,8019,9717,M6,9383,88,9471,-246,0,246
Job_113,5,8512,10214,M9,9386,76,9462,-752,0,752
Job_109,1,8293,10357,M2,9399,95,9494,-863,0,863
Job_112,7,8416,9660,M7,9410,56,9466,-194,0,194
Job_098,9,7391,9454,M5,9411,43,9454,0,0,0
Job_104,8,7918,9619,M4,9423,90,9513,-106,0,106
Job_111,2,8300,10090,M3,9423,39,9462,-628,0,628
Job_118,3,8866,10105,M5,9454,61,9515,-590,0,590
Job_106,5,8067,9948,M9,9462,11,9473,-475,0,475
Job_114,3,8640,9884,M3,9462,36,9498,-386,0,386
Job_107,8,8121,9728,M7,9466,72,9538,-190,0,190
Job_105,6,8019,9717,M8,9471,19,9490,-227,0,227
Job_116,1,8780,10569,M0,9471,85,9556,-1013,0,1013
Job_117,0,8831,10894,M1,9471,81,9552,-1342,0,1342
Job_110,9,8299,9538,M6,9485,53,9538,0,0,0
Job_105,7,8019,9717,M9,9490,48,9538,-179,0,179
Job_112,8,8416,9660,M8,9490,44,9534,-126,0,126
Job_111,3,8300,10090,M2,9494,74,9568,-522,0,522
Job_119,3,8933,10496,M3,9498,95,9593,-903,0,903
Job_114,4,8640,9884,M4,9513,49,9562,-322,0,322
Job_113,6,8512,10214,M5,9515,47,9562,-652,0,652
Job_105,8,8019,9717,M7,9538,36,9574,-143,0,143
Job_106,6,8067,9948,M6,9538,40,9578,-370,0,370
Job_121,2,9113,10811,M1,9552,46,9598,-1213,0,1213
Job_109,2,8293,10357,M0,9556,71,9627,-730,0,730
Job_114,5,8640,9884,M5,9562,11,9573,-311,0,311
Job_108,5,8288,9851,M9,9567,72,9639,-212,0,212
Job_111,4,8300,10090,M8,9568,90,9658,-432,0,432
Job_117,1,8831,10894,M2,9568,95,9663,-1231,0,1231
Job_104,9,7918,9619,M7,9574,45,9619,0,0,0
Job_118,4,8866,10105,M3,9593,26,9619,-486,0,486
Job_121,3,9113,10811,M5,9598,74,9672,-1139,0,1139
Job_123,0,9358,11059,M1,9598,85,9683,-1376,0,1376
Job_106,7,8067,9948,M7,9619,89,9708,-240,0,240
Job_118,5,8866,10105,M4,9619,69,9688,-417,0,417
Job_126,0,9561,11168,M0,9627,43,9670,-1498,0,1498
Job_105,9,8019,9717,M3,9638,79,9717,0,0,0
Job_112,9,8416,9660,M9,9639,21,9660,0,0,0
Job_107,9,8121,9728,M8,9663,30,9693,-35,0,35
Job_124,0,9459,11157,M2,9663,31,9694,-1463,0,1463
Job_108,6,8288,9851,M0,9670,47,9717,-134,0,134
Job_111,5,8300,10090,M5,9672,10,9682,-408,0,408
Job_122,1,9327,11207,M1,9683,69,9752,-1455,0,1455
Job_109,3,8293,10357,M4,9688,99,9787,-570,0,570
Job_103,9,7887,9767,M8,9693,74,9767,0,0,0
Job_114,6,8640,9884,M6,9693,62,9755,-129,0,129
Job_126,1,9561,11168,M2,9694,90,9784,-1384,0,1384
Job_111,6,8300,10090,M7,9708,12,9720,-370,0,370
Job_113,7,8512,10214,M3,9717,52,9769,-445,0,445
Job_117,2,8831,10894,M0,9717,71,9788,-1106,0,1106
Job_108,7,8288,9851,M6,9755,65,9820,-31,0,31
Job_114,7,8640,9884,M7,9763,56,9819,-65,0,65
Job_116,2,8780,10569,M3,9769,39,9808,-761,0,761
Job_129,0,9739,10978,M2,9784,14,9798,-1180,0,1180
Job_106,8,8067,9948,M4,9787,26,9813,-135,0,135
Job_123,1,9358,11059,M0,9788,13,9801,-1258,0,1258
Job_118,6,8866,10105,M8,9798,21,9819,-286,0,286
Job_127,0,9728,11291,M2,9798,84,9882,-1409,0,1409
Job_129,1,9739,10978,M0,9801,6,9807,-1171,0,1171
Job_120,0,8970,10281,M1,9808,46,9854,-427,0,427
Job_122,2,9327,11207,M3,9808,76,9884,-1323,0,1323
Job_114,8,8640,9884,M8,9819,44,9863,-21,0,21
Job_108,8,8288,9851,M4,9820,6,9826,-25,0,25
Job_111,7,8300,10090,M6,9820,89,9909,-181,0,181
Job_108,9,8288,9851,M7,9826,25,9851,0,0,0
Job_113,8,8512,10214,M4,9826,90,9916,-298,0,298
Job_118,7,8866,10105,M7,9851,49,9900,-205,0,205
Job_120,1,8970,10281,M0,9854,37,9891,-390,0,390
Job_129,2,9739,10978,M1,9854,22,9876,-1102,0,1102
Job_114,9,8640,9884,M9,9863,21,9884,0,0,0
Job_106,9,8067,9948,M8,9874,74,9948,0,0,0
Job_129,3,9739,10978,M5,9876,61,9937,-1041,0,1041
Job_130,0,9740,11530,M1,9876,91,9967,-1563,0,1563
Job_123,2,9358,11059,M2,9882,61,9943,-1116,0,1116
Job_120,2,8970,10281,M3,9891,61,9952,-329,0,329
Job_131,0,9856,11100,M0,9891,29,9920,-1180,0,1180
Job_118,8,8866,10105,M9,9900,72,9972,-133,0,133
Job_109,4,8293,10357,M6,9909,9,9918,-439,0,439
Job_117,3,8831,10894,M4,9916,99,10015,-879,0,879
Job_124,1,9459,11157,M0,9920,86,10006,-1151,0,1151
Job_122,3,9327,11207,M5,9937,51,9988,-1219,0,1219
Job_123,3,9358,11059,M6,9943,7,9950,-1109,0,1109
Job_109,5,8293,10357,M8,9948,52,10000,-357,0,357
Job_120,3,8970,10281,M2,9952,13,9965,-316,0,316
Job_129,4,9739,10978,M3,9952,26,9978,-1000,0,1000
Job_116,3,8780,10569,M2,9965,74,10039,-530,0,530
Job_120,4,8970,10281,M6,9965,32,9997,-284,0,284
Job_131,1,9856,11100,M1,9967,78,10045,-1055,0,1055
Job_111,8,8300,10090,M9,9972,45,10017,-73,0,73
Job_120,5,8970,10281,M5,9997,21,10018,-263,0,263
Job_109,6,8293,10357,M7,10000,85,10085,-272,0,272
Job_119,4,8933,10496,M8,10000,48,10048,-448,0,448
Job_125,0,9507,11388,M0,10006,76,10082,-1306,0,1306
Job_117,4,8831,10894,M6,10015,9,10024,-870,0,870
Job_121,4,9113,10811,M4,10015,32,10047,-764,0,764
Job_120,6,8970,10281,M9,10018,32,10050,-231,0,231
Job_115,4,8720,10327,M3,10036,69,10105,-222,0,222
Job_122,4,9327,11207,M2,10039,85,10124,-1083,0,1083
Job_124,2,9459,11157,M1,10045,46,10091,-1066,0,1066
Job_119,5,8933,10496,M9,10050,72,10122,-374,0,374
Job_120,7,8970,10281,M8,10050,89,10139,-142,0,142
Job_118,9,8866,10105,M6,10052,53,10105,0,0,0
Job_111,9,8300,10090,M4,10057,33,10090,0,0,0
Job_133,0,10080,11324,M0,10082,29,10111,-1213,0,1213
Job_126,2,9561,11168,M4,10090,75,10165,-1003,0,1003
Job_124,3,9459,11157,M5,10091,74,10165,-992,0,992
Job_127,1,9728,11291,M1,10091,2,10093,-1198,0,1198
Job_115,5,8720,10327,M1,10105,28,10133,-194,0,194
Job_130,1,9740,11530,M0,10111,85,10196,-1334,0,1334
Job_122,5,9327,11207,M9,10124,11,10135,-1072,0,1072
Job_131,2,9856,11100,M2,10124,9,10133,-967,0,967
Job_115,6,8720,10327,M6,10133,46,10179,-148,0,148
Job_132,0,9952,11654,M1,10133,85,10218,-1436,0,1436
Job_116,4,8780,10569,M8,10139,90,10229,-340,0,340
Job_120,8,8970,10281,M7,10139,30,10169,-112,0,112
Job_124,4,9459,11157,M4,10165,32,10197,-960,0,960
Job_126,3,9561,11168,M9,10165,11,10176,-992,0,992
Job_113,9,8512,10214,M7,10169,45,10214,0,0,0
Job_115,7,8720,10327,M5,10179,46,10225,-102,0,102
Job_121,5,9113,10811,M6,10179,88,10267,-544,0,544
Job_109,7,8293,10357,M3,10194,98,10292,-65,0,65
Job_119,6,8933,10496,M0,10196,47,10243,-253,0,253
Job_133,1,10080,11324,M1,10218,78,10296,-1028,0,1028
Job_115,8,8720,10327,M7,10225,72,10297,-30,0,30
Job_127,2,9728,11291,M5,10225,52,10277,-1014,0,1014
Job_120,9,8970,10281,M4,10226,55,10281,0,0,0
Job_117,5,8831,10894,M8,10229,52,10281,-613,0,613
Job_132,1,9952,11654,M0,10243,13,10256,-1398,0,1398
Job_132,2,9952,11654,M2,10256,61,10317,-1337,0,1337
Job_134,0,10160,11767,M0,10256,43,10299,-1468,0,1468
Job_119,7,8933,10496,M6,10267,65,10332,-164,0,164
Job_116,5,8780,10569,M5,10277,10,10287,-282,0,282
Job_129,5,9739,10978,M4,10281,69,10350,-628,0,628
Job_109,8,8293,10357,M9,10292,22,10314,-43,0,43
Job_127,3,9728,11291,M3,10292,95,10387,-904,0,904
Job_128,0,9733,11797,M1,10296,81,10377,-1420,0,1420
Job_115,9,8720,10327,M8,10297,30,10327,0,0,0
Job_117,6,8831,10894,M7,10297,85,10382,-512,0,512
Job_109,9,8293,10357,M5,10314,43,10357,0,0,0
Job_133,2,10080,11324,M2,10317,9,10326,-998,0,998
Job_137,0,10306,11545,M2,10326,14,10340,-1205,0,1205
Job_121,6,9113,10811,M8,10327,19,10346,-465,0,465
Job_122,6,9327,11207,M6,10332,40,10372,-835,0,835
Job_134,1,10160,11767,M2,10340,90,10430,-1337,0,1337
Job_137,1,10306,11545,M0,10340,6,10346,-1199,0,1199
Job_121,7,9113,10811,M9,10346,48,10394,-417,0,417
Job_123,4,9358,11059,M8,10346,64,10410,-649,0,649
Job_132,3,9952,11654,M6,10372,7,10379,-1275,0,1275
Job_137,2,10306,11545,M1,10377,22,10399,-1146,0,1146
Job_116,6,8780,10569,M7,10382,12,10394,-175,0,175
Job_117,7,8831,10894,M3,10387,98,10485,-409,0,409
Job_116,7,8780,10569,M6,10394,89,10483,-86,0,86
Job_121,8,9113,10811,M7,10394,36,10430,-381,0,381
Job_136,0,10271,12334,M1,10399,81,10480,-1854,0,1854
Job_137,3,10306,11545,M5,10399,61,10460,-1085,0,1085
Job_123,5,9358,11059,M9,10410,76,10486,-573,0,573
Job_129,6,9739,10978,M8,10410,21,10431,-547,0,547
Job_128,1,9733,11797,M2,10430,95,10525,-1272,0,1272
Job_127,4,9728,11291,M8,10431,48,10479,-812,0,812
Job_119,8,8933,10496,M4,10465,6,10471,-25,0,25
Job_119,9,8933,10496,M7,10471,25,10496,0,0,0
Job_132,4,9952,11654,M8,10479,64,10543,-1111,0,1111
Job_139,0,10410,11721,M1,10480,46,10526,-1195,0,1195
Job_124,5,9459,11157,M6,10483,88,10571,-586,0,586
Job_133,3,10080,11324,M3,10485,36,10521,-803,0,803
Job_116,8,8780,10569,M9,10486,45,10531,-38,0,38
Job_123,6,9358,11059,M5,10486,47,10533,-526,0,526
Job_122,7,9327,11207,M7,10496,89,10585,-622,0,622
Job_130,2,9740,11530,M3,10521,39,10560,-970,0,970
Job_128,2,9733,11797,M0,10525,71,10596,-1201,0,1201
Job_138,0,10373,11936,M2,10525,84,10609,-1327,0,1327
Job_117,8,8831,10894,M9,10531,22,10553,-341,0,341
Job_116,9,8780,10569,M4,10536,33,10569,0,0,0
Job_127,5,9728,11291,M9,10553,72,10625,-666,0,666
Job_123,7,9358,11059,M3,10560,52,10612,-447,0,447
Job_133,4,10080,11324,M4,10569,49,10618,-706,0,706
Job_124,6,9459,11157,M8,10571,19,10590,-567,0,567
Job_129,7,9739,10978,M7,10585,49,10634,-344,0,344
Job_139,1,10410,11721,M0,10596,37,10633,-1088,0,1088
Job_130,3,9740,11530,M2,10609,74,10683,-847,0,847
Job_123,8,9358,11059,M4,10618,90,10708,-351,0,351
Job_133,5,10080,11324,M5,10618,11,10629,-695,0,695
Job_124,7,9459,11157,M9,10625,48,10673,-484,0,484
Job_126,4,9561,11168,M3,10627,69,10696,-472,0,472
Job_133,6,10080,11324,M6,10629,62,10691,-633,0,633
Job_127,6,9728,11291,M0,10633,47,10680,-611,0,611
Job_124,8,9459,11157,M7,10673,36,10709,-448,0,448
Job_129,8,9739,10978,M9,10673,72,10745,-233,0,233
Job_130,4,9740,11530,M8,10683,90,10773,-757,0,757
Job_136,1,10271,12334,M2,10683,95,10778,-1556,0,1556
Job_127,7,9728,11291,M6,10691,65,10756,-535,0,535
Job_126,5,9561,11168,M1,10696,28,10724,-444,0,444
Job_131,3,9856,11100,M3,10696,36,10732,-368,0,368
Job_122,8,9327,11207,M4,10708,26,10734,-473,0,473
Job_133,7,10080,11324,M7,10709,56,10765,-559,0,559
Job_121,9,9113,10811,M3,10732,79,10811,0,0,0
Job_131,4,9856,11100,M4,10734,49,10783,-317,0,317
Job_132,5,9952,11654,M9,10745,76,10821,-833,0,833
Job_126,6,9561,11168,M6,10756,46,10802,-366,0,366
Job_141,0,10767,12647,M0,10767,76,10843,-1804,0,1804
Job_130,5,9740,11530,M5,10773,10,10783,-747,0,747
Job_133,8,10080,11324,M8,10773,44,10817,-507,0,507
Job_140,0,10553,12251,M2,10778,31,10809,-1442,0,1442
Job_130,6,9740,11530,M7,10783,12,10795,-735,0,735
Job_131,5,9856,11100,M5,10783,11,10794,-306,0,306
Job_134,2,10160,11767,M4,10783,75,10858,-909,0,909
Job_126,7,9561,11168,M5,10802,46,10848,-320,0,320
Job_131,6,9856,11100,M6,10802,62,10864,-236,0,236
Job_137,4,10306,11545,M3,10811,26,10837,-708,0,708
Job_139,2,10410,11721,M3,10837,61,10898,-823,0,823
Job_140,1,10553,12251,M0,10843,86,10929,-1322,0,1322
Job_125,1,9507,11388,M1,10845,69,10914,-474,0,474
Job_126,8,9561,11168,M7,10848,72,10920,-248,0,248
Job_117,9,8831,10894,M5,10851,43,10894,0,0,0
Job_134,3,10160,11767,M9,10858,11,10869,-898,0,898
Job_137,5,10306,11545,M4,10858,69,10927,-618,0,618
Job_132,6,9952,11654,M5,10894,47,10941,-713,0,713
Job_139,3,10410,11721,M2,10898,13,10911,-810,0,810
Job_143,0,10899,12597,M2,10911,31,10942,-1655,0,1655
Job_125,2,9507,11388,M3,10914,76,10990,-398,0,398
Job_142,0,10798,12499,M1,10914,85,10999,-1500,0,1500
Job_131,7,9856,11100,M7,10920,56,10976,-124,0,124
Job_129,9,9739,10978,M6,10925,53,10978,0,0,0
Job_127,8,9728,11291,M4,10927,6,10933,-358,0,358
Job_137,6,10306,11545,M8,10927,21,10948,-597,0,597
Job_136,2,10271,12334,M0,10929,71,11000,-1334,0,1334
Job_128,3,9733,11797,M4,10933,99,11032,-765,0,765
Job_131,8,9856,11100,M8,10976,44,11020,-80,0,80
Job_130,7,9740,11530,M6,10978,89,11067,-463,0,463
Job_125,3,9507,11388,M5,10990,51,11041,-347,0,347
Job_132,7,9952,11654,M3,10990,52,11042,-612,0,612
Job_140,2,10553,12251,M1,10999,46,11045,-1206,0,1206
Job_142,1,10798,12499,M0,11000,13,11013,-1486,0,1486
Job_145,0,11001,12608,M0,11013,43,11056,-1552,0,1552
Job_123,9,9358,11059,M7,11014,45,11059,0,0,0
Job_136,3,10271,12334,M4,11032,99,11131,-1203,0,1203
Job_125,4,9507,11388,M2,11041,85,11126,-262,0,262
Job_140,3,10553,12251,M5,11045,74,11119,-1132,0,1132
Job_141,1,10767,12647,M1,11045,69,11114,-1533,0,1533
Job_143,1,10899,12597,M0,11056,86,11142,-1455,0,1455
Job_137,7,10306,11545,M7,11059,49,11108,-437,0,437
Job_139,4,10410,11721,M6,11067,32,11099,-622,0,622
Job_124,9,9459,11157,M3,11078,79,11157,0,0,0
Job_131,9,9856,11100,M9,11079,21,11100,0,0,0
Job_128,4,9733,11797,M6,11099,9,11108,-689,0,689
Job_126,9,9561,11168,M8,11103,30,11133,-35,0,35
Job_139,5,10410,11721,M5,11119,21,11140,-581,0,581
Job_125,5,9507,11388,M9,11126,11,11137,-251,0,251
Job_145,1,11001,12608,M2,11126,90,11216,-1392,0,1392
Job_132,8,9952,11654,M4,11131,90,11221,-433,0,433
Job_122,9,9327,11207,M8,11133,74,11207,0,0,0
Job_125,6,9507,11388,M6,11137,40,11177,-211,0,211
Job_137,8,10306,11545,M9,11137,72,11209,-336,0,336
Job_143,2,10899,12597,M1,11142,46,11188,-1409,0,1409
Job_144,0,10947,12828,M0,11142,76,11218,-1610,0,1610
Job_141,2,10767,12647,M3,11157,76,11233,-1414,0,1414
Job_125,7,9507,11388,M7,11177,89,11266,-122,0,122
Job_136,4,10271,12334,M6,11177,9,11186,-1148,0,1148
Job_143,3,10899,12597,M5,11188,74,11262,-1335,0,1335
Job_149,0,11180,12970,M1,11188,91,11279,-1691,0,1691
Job_128,5,9733,11797,M8,11207,52,11259,-538,0,538
Job_130,8,9740,11530,M9,11209,45,11254,-276,0,276
Job_148,0,11179,12418,M2,11216,14,11230,-1188,0,1188
Job_140,4,10553,12251,M4,11221,32,11253,-998,0,998
Job_142,2,10798,12499,M2,11230,61,11291,-1208,0,1208
Job_148,1,11179,12418,M0,11230,6,11236,-1182,0,1182
Job_140,5,10553,12251,M6,11253,88,11341,-910,0,910
Job_139,6,10410,11721,M9,11254,32,11286,-435,0,435
Job_136,5,10271,12334,M8,11259,52,11311,-1023,0,1023
Job_141,3,10767,12647,M5,11262,51,11313,-1334,0,1334
Job_125,8,9507,11388,M4,11266,26,11292,-96,0,96
Job_127,9,9728,11291,M7,11266,25,11291,0,0,0
Job_148,2,11179,12418,M1,11279,22,11301,-1117,0,1117
Job_149,1,11180,12970,M0,11279,85,11364,-1606,0,1606
Job_128,6,9733,11797,M7,11291,85,11376,-421,0,421
Job_146,0,11168,12731,M2,11291,84,11375,-1356,0,1356
Job_145,2,11001,12608,M4,11292,75,11367,-1241,0,1241
Job_133,9,10080,11324,M9,11303,21,11324,0,0,0
Job_148,3,11179,12418,M5,11313,61,11374,-1044,0,1044
Job_125,9,9507,11388,M8,11314,74,11388,0,0,0
Job_142,3,10798,12499,M6,11341,7,11348,-1151,0,1151
Job_138,1,10373,11936,M1,11356,2,11358,-578,0,578
Job_135,0,10220,12009,M1,11358,91,11449,-560,0,560
Job_150,0,11296,12540,M0,11364,29,11393,-1147,0,1147
Job_143,4,10899,12597,M4,11367,32,11399,-1198,0,1198
Job_145,3,11001,12608,M9,11367,11,11378,-1230,0,1230
Job_134,4,10160,11767,M3,11370,69,11439,-328,0,328
Job_141,4,10767,12647,M2,11375,85,11460,-1187,0,1187
Job_136,6,10271,12334,M7,11376,85,11461,-873,0,873
Job_138,2,10373,11936,M5,11387,52,11439,-497,0,497
Job_139,7,10410,11721,M8,11388,89,11477,-244,0,244
Job_143,5,10899,12597,M6,11399,88,11487,-1110,0,1110
Job_138,3,10373,11936,M3,11439,95,11534,-402,0,402
Job_134,5,10160,11767,M1,11449,28,11477,-290,0,290
Job_135,1,10220,12009,M0,11449,85,11534,-475,0,475
Job_141,5,10767,12647,M9,11460,11,11471,-1176,0,1176
Job_139,8,10410,11721,M7,11477,30,11507,-214,0,214
Job_140,6,10553,12251,M8,11477,19,11496,-755,0,755
Job_150,1,11296,12540,M1,11477,78,11555,-985,0,985
Job_137,9,10306,11545,M6,11492,53,11545,0,0,0
Job_140,7,10553,12251,M9,11496,48,11544,-707,0,707
Job_142,4,10798,12499,M8,11496,64,11560,-939,0,939
Job_130,9,9740,11530,M4,11497,33,11530,0,0,0
Job_135,2,10220,12009,M3,11534,39,11573,-436,0,436
Job_152,0,11520,12764,M0,11534,29,11563,-1201,0,1201
Job_140,8,10553,12251,M7,11544,36,11580,-671,0,671
Job_134,6,10160,11767,M6,11545,46,11591,-176,0,176
Job_146,1,11168,12731,M1,11555,2,11557,-1174,0,1174
Job_150,2,11296,12540,M2,11555,9,11564,-976,0,976
Job_144,1,10947,12828,M1,11557,69,11626,-1202,0,1202
Job_146,2,11168,12731,M5,11557,52,11609,-1122,0,1122
Job_138,4,10373,11936,M8,11560,48,11608,-328,0,328
Job_142,5,10798,12499,M9,11560,76,11636,-863,0,863
Job_128,7,9733,11797,M3,11573,98,11671,-126,0,126
Job_135,3,10220,12009,M2,11573,74,11647,-362,0,362
Job_141,6,10767,12647,M6,11591,40,11631,-1016,0,1016
Job_153,0,11600,13207,M0,11600,43,11643,-1564,0,1564
Job_143,6,10899,12597,M8,11608,19,11627,-970,0,970
Job_132,9,9952,11654,M7,11609,45,11654,0,0,0
Job_134,7,10160,11767,M5,11609,46,11655,-112,0,112
Job_151,0,11392,13094,M1,11626,85,11711,-1383,0,1383
Job_138,5,10373,11936,M9,11636,72,11708,-228,0,228
Job_135,4,10220,12009,M8,11647,90,11737,-272,0,272
Job_153,1,11600,13207,M2,11647,90,11737,-1470,0,1470
Job_134,8,10160,11767,M7,11655,72,11727,-40,0,40
Job_142,6,10798,12499,M5,11655,47,11702,-797,0,797
Job_139,9,10410,11721,M4,11666,55,11721,0,0,0
Job_145,4,11001,12608,M3,11671,69,11740,-868,0,868
Job_128,8,9733,11797,M9,11708,22,11730,-67,0,67
Job_138,6,10373,11936,M0,11708,47,11755,-181,0,181
Job_152,1,11520,12764,M1,11711,78,11789,-975,0,975
Job_141,7,10767,12647,M7,11727,89,11816,-831,0,831
Job_143,7,10899,12597,M9,11730,48,11778,-819,0,819
Job_134,9,10160,11767,M8,11737,30,11767,0,0,0
Job_135,5,10220,12009,M5,11737,10,11747,-262,0,262
Job_153,2,11600,13207,M4,11737,75,11812,-1395,0,1395
Job_150,3,11296,12540,M3,11740,36,11776,-764,0,764
Job_156,0,11746,12985,M2,11746,14,11760,-1225,0,1225
Job_128,9,9733,11797,M5,11754,43,11797,0,0,0
Job_138,7,10373,11936,M6,11755,65,11820,-116,0,116
Job_151,1,11392,13094,M0,11755,13,11768,-1326,0,1326
Job_151,2,11392,13094,M2,11768,61,11829,-1265,0,1265
Job_156,1,11746,12985,M0,11768,6,11774,-1211,0,1211
Job_148,4,11179,12418,M3,11776,26,11802,-616,0,616
Job_145,5,11001,12608,M1,11789,28,11817,-791,0,791
Job_146,3,11168,12731,M3,11802,95,11897,-834,0,834
Job_148,5,11179,12418,M4,11812,69,11881,-537,0,537
Job_153,3,11600,13207,M9,11812,11,11823,-1384,0,1384
Job_135,6,10220,12009,M7,11816,12,11828,-181,0,181
Job_156,2,11746,12985,M1,11817,22,11839,-1146,0,1146
Job_135,7,10220,12009,M6,11828,89,11917,-92,0,92
Job_143,8,10899,12597,M7,11828,36,11864,-733,0,733
Job_152,2,11520,12764,M2,11829,9,11838,-926,0,926
Job_157,0,11813,13376,M2,11838,84,11922,-1454,0,1454
Job_147,0,11173,13237,M1,11839,81,11920,-1317,0,1317
Job_156,3,11746,12985,M5,11839,61,11900,-1085,0,1085
Job_138,8,10373,11936,M4,11881,6,11887,-49,0,49
Job_148,6,11179,12418,M8,11881,21,11902,-516,0,516
Job_150,4,11296,12540,M4,11887,49,11936,-604,0,604
Job_142,7,10798,12499,M3,11897,52,11949,-550,0,550
Job_146,4,11168,12731,M8,11902,48,11950,-781,0,781
Job_138,9,10373,11936,M7,11911,25,11936,0,0,0
Job_135,8,10220,12009,M9,11917,45,11962,-47,0,47
Job_145,6,11001,12608,M6,11917,46,11963,-645,0,645
Job_158,0,11850,13161,M1,11920,46,11966,-1195,0,1195
Job_147,1,11173,13237,M2,11922,95,12017,-1220,0,1220
Job_141,8,10767,12647,M4,11936,26,11962,-685,0,685
Job_148,7,11179,12418,M7,11936,49,11985,-433,0,433
Job_150,5,11296,12540,M5,11936,11,11947,-593,0,593
Job_144,2,10947,12828,M3,11949,76,12025,-803,0,803
Job_146,5,11168,12731,M9,11962,72,12034,-697,0,697
Job_145,7,11001,12608,M5,11963,46,12009,-599,0,599
Job_150,6,11296,12540,M6,11963,62,12025,-515,0,515
Job_154,0,11660,13449,M1,11966,91,12057,-1392,0,1392
Job_158,1,11850,13161,M0,11966,37,12003,-1158,0,1158
Job_135,9,10220,12009,M4,11976,33,12009,0,0,0
Job_142,8,10798,12499,M4,12009,90,12099,-400,0,400
Job_145,8,11001,12608,M7,12009,72,12081,-527,0,527
Job_147,2,11173,13237,M0,12017,71,12088,-1149,0,1149
Job_159,0,11993,13691,M2,12017,31,12048,-1643,0,1643
Job_144,3,10947,12828,M5,12025,51,12076,-752,0,752
Job_149,2,11180,12970,M3,12025,39,12064,-906,0,906
Job_151,3,11392,13094,M6,12025,7,12032,-1062,0,1062
Job_151,4,11392,13094,M8,12032,64,12096,-998,0,998
Job_148,8,11179,12418,M9,12034,72,12106,-312,0,312
Job_157,1,11813,13376,M1,12057,2,12059,-1317,0,1317
Job_155,0,11711,13774,M1,12059,81,12140,-1634,0,1634
Job_149,3,11180,12970,M2,12064,74,12138,-832,0,832
Job_136,7,10271,12334,M3,12074,98,12172,-162,0,162
Job_157,2,11813,13376,M5,12076,52,12128,-1248,0,1248
Job_150,7,11296,12540,M7,12081,56,12137,-403,0,403
Job_146,6,11168,12731,M0,12088,47,12135,-596,0,596
Job_147,3,11173,13237,M4,12099,99,12198,-1039,0,1039
Job_151,5,11392,13094,M9,12106,76,12182,-912,0,912
Job_146,7,11168,12731,M6,12135,65,12200,-531,0,531
Job_154,1,11660,13449,M0,12135,85,12220,-1229,0,1229
Job_150,8,11296,12540,M8,12137,44,12181,-359,0,359
Job_144,4,10947,12828,M2,12138,85,12223,-605,0,605
Job_140,9,10553,12251,M3,12172,79,12251,0,0,0
Job_149,4,11180,12970,M8,12181,90,12271,-699,0,699
Job_136,8,10271,12334,M9,12182,22,12204,-130,0,130
Job_151,6,11392,13094,M5,12182,47,12229,-865,0,865
Job_146,8,11168,12731,M4,12200,6,12206,-525,0,525
Job_147,4,11173,13237,M6,12200,9,12209,-1028,0,1028
Job_159,1,11993,13691,M0,12220,86,12306,-1385,0,1385
Job_144,5,10947,12828,M9,12223,11,12234,-594,0,594
Job_155,1,11711,13774,M2,12223,95,12318,-1456,0,1456
Job_144,6,10947,12828,M6,12234,40,12274,-554,0,554
Job_161,0,12238,13939,M1,12238,85,12323,-1616,0,1616
Job_152,3,11520,12764,M3,12251,36,12287,-477,0,477
Job_147,5,11173,13237,M8,12271,52,12323,-914,0,914
Job_149,5,11180,12970,M5,12271,10,12281,-689,0,689
Job_144,7,10947,12828,M7,12274,89,12363,-465,0,465
Job_152,4,11520,12764,M4,12287,49,12336,-428,0,428
Job_156,4,11746,12985,M3,12287,26,12313,-672,0,672
Job_136,9,10271,12334,M5,12291,43,12334,0,0,0
Job_160,0,12207,14087,M0,12306,76,12382,-1705,0,1705
Job_158,2,11850,13161,M3,12313,61,12374,-787,0,787
Job_159,2,11993,13691,M1,12323,46,12369,-1322,0,1322
Job_152,5,11520,12764,M5,12336,11,12347,-417,0,417
Job_156,5,11746,12985,M4,12336,69,12405,-580,0,580
Job_162,0,12339,14037,M2,12339,31,12370,-1667,0,1667
Job_149,6,11180,12970,M7,12363,12,12375,-595,0,595
Job_148,9,11179,12418,M6,12365,53,12418,0,0,0
Job_159,3,11993,13691,M5,12369,74,12443,-1248,0,1248
Job_151,7,11392,13094,M3,12374,52,12426,-668,0,668
Job_158,3,11850,13161,M2,12374,13,12387,-774,0,774
Job_155,2,11711,13774,M0,12382,71,12453,-1321,0,1321
Job_160,1,12207,14087,M1,12382,69,12451,-1636,0,1636
Job_144,8,10947,12828,M4,12405,26,12431,-397,0,397
Job_156,6,11746,12985,M8,12405,21,12426,-559,0,559
Job_152,6,11520,12764,M6,12418,62,12480,-284,0,284
Job_153,4,11600,13207,M3,12426,69,12495,-712,0,712
Job_151,8,11392,13094,M4,12431,90,12521,-573,0,573
Job_164,0,12441,14048,M0,12453,43,12496,-1552,0,1552
Job_142,9,10798,12499,M7,12454,45,12499,0,0,0
Job_149,7,11180,12970,M6,12480,89,12569,-401,0,401
Job_153,5,11600,13207,M1,12495,28,12523,-684,0,684
Job_161,1,12238,13939,M0,12496,13,12509,-1430,0,1430
Job_164,1,12441,14048,M2,12496,90,12586,-1462,0,1462
Job_152,7,11520,12764,M7,12499,56,12555,-209,0,209
Job_162,1,12339,14037,M0,12509,86,12595,-1442,0,1442
Job_143,9,10899,12597,M3,12518,79,12597,0,0,0
Job_150,9,11296,12540,M9,12519,21,12540,0,0,0
Job_155,3,11711,13774,M4,12521,99,12620,-1154,0,1154
Job_145,9,11001,12608,M8,12543,30,12573,-35,0,35
Job_156,7,11746,12985,M7,12555,49,12604,-381,0,381
Job_149,8,11180,12970,M9,12569,45,12614,-356,0,356
Job_158,4,11850,13161,M6,12569,32,12601,-560,0,560
Job_141,9,10767,12647,M8,12573,74,12647,0,0,0
Job_161,2,12238,13939,M2,12586,61,12647,-1292,0,1292
Job_162,2,12339,14037,M1,12595,46,12641,-1396,0,1396
Job_163,0,12387,14268,M0,12595,76,12671,-1597,0,1597
Job_154,2,11660,13449,M3,12597,39,12636,-813,0,813
Job_153,6,11600,13207,M6,12601,46,12647,-560,0,560
Job_158,5,11850,13161,M5,12601,21,12622,-539,0,539
Job_147,6,11173,13237,M7,12604,85,12689,-548,0,548
Job_156,8,11746,12985,M9,12614,72,12686,-299,0,299
Job_159,4,11993,13691,M4,12620,32,12652,-1039,0,1039
Job_157,3,11813,13376,M3,12636,95,12731,-645,0,645
Job_162,3,12339,14037,M5,12641,74,12715,-1322,0,1322
Job_168,0,12620,14410,M1,12641,91,12732,-1678,0,1678
Job_152,8,11520,12764,M8,12647,44,12691,-73,0,73
Job_154,3,11660,13449,M2,12647,74,12721,-728,0,728
Job_155,4,11711,13774,M6,12647,9,12656,-1118,0,1118
Job_164,2,12441,14048,M4,12652,75,12727,-1321,0,1321
Job_159,5,11993,13691,M6,12656,88,12744,-947,0,947
Job_158,6,11850,13161,M9,12686,32,12718,-443,0,443
Job_155,5,11711,13774,M8,12691,52,12743,-1031,0,1031
Job_146,9,11168,12731,M7,12706,25,12731,0,0,0
Job_153,7,11600,13207,M5,12715,46,12761,-446,0,446
Job_167,0,12619,13858,M2,12721,14,12735,-1123,0,1123
Job_162,4,12339,14037,M4,12727,32,12759,-1278,0,1278
Job_164,3,12441,14048,M9,12727,11,12738,-1310,0,1310
Job_147,7,11173,13237,M3,12731,98,12829,-408,0,408
Job_163,1,12387,14268,M1,12732,69,12801,-1467,0,1467
Job_168,1,12620,14410,M0,12732,85,12817,-1593,0,1593
Job_165,0,12608,14171,M2,12735,84,12819,-1352,0,1352
Job_152,9,11520,12764,M9,12743,21,12764,0,0,0
Job_155,6,11711,13774,M7,12743,85,12828,-946,0,946
Job_161,3,12238,13939,M6,12744,7,12751,-1188,0,1188
Job_144,9,10947,12828,M8,12754,74,12828,0,0,0
Job_162,5,12339,14037,M6,12759,88,12847,-1190,0,1190
Job_166,0,12613,14677,M1,12801,81,12882,-1795,0,1795
Job_169,0,12736,13980,M0,12817,29,12846,-1134,0,1134
Job_153,8,11600,13207,M7,12828,72,12900,-307,0,307
Job_158,7,11850,13161,M8,12828,89,12917,-244,0,244
Job_147,8,11173,13237,M9,12829,22,12851,-386,0,386
Job_155,7,11711,13774,M3,12829,98,12927,-847,0,847
Job_167,1,12619,13858,M0,12846,6,12852,-1006,0,1006
Job_166,1,12613,14677,M2,12882,95,12977,-1700,0,1700
Job_167,2,12619,13858,M1,12882,22,12904,-954,0,954
Job_167,3,12619,13858,M5,12904,61,12965,-893,0,893
Job_169,1,12736,13980,M1,12904,78,12982,-998,0,998
Job_154,4,11660,13449,M8,12917,90,13007,-442,0,442
Job_158,8,11850,13161,M7,12917,30,12947,-214,0,214
Job_155,8,11711,13774,M9,12927,22,12949,-825,0,825
Job_160,2,12207,14087,M3,12927,76,13003,-1084,0,1084
Job_156,9,11746,12985,M6,12932,53,12985,0,0,0
Job_149,9,11180,12970,M4,12937,33,12970,0,0,0
Job_166,2,12613,14677,M0,12977,71,13048,-1629,0,1629
Job_165,1,12608,14171,M1,12982,2,12984,-1187,0,1187
Job_169,2,12736,13980,M2,12982,9,12991,-989,0,989
Job_165,2,12608,14171,M5,12984,52,13036,-1135,0,1135
Job_170,0,12832,14534,M1,12984,85,13069,-1465,0,1465
Job_164,4,12441,14048,M3,13003,69,13072,-976,0,976
Job_157,4,11813,13376,M8,13007,48,13055,-321,0,321
Job_154,5,11660,13449,M5,13036,10,13046,-403,0,403
Job_160,3,12207,14087,M5,13046,51,13097,-990,0,990
Job_151,9,11392,13094,M7,13049,45,13094,0,0,0
Job_157,5,11813,13376,M9,13055,72,13127,-249,0,249
Job_159,6,11993,13691,M8,13055,19,13074,-617,0,617
Job_170,1,12832,14534,M0,13069,13,13082,-1452,0,1452
Job_164,5,12441,14048,M1,13072,28,13100,-948,0,948
Job_167,4,12619,13858,M3,13072,26,13098,-760,0,760
Job_161,4,12238,13939,M8,13074,64,13138,-801,0,801
Job_170,2,12832,14534,M2,13082,61,13143,-1391,0,1391
Job_154,6,11660,13449,M7,13094,12,13106,-343,0,343
Job_169,3,12736,13980,M3,13098,36,13134,-846,0,846
Job_164,6,12441,14048,M6,13100,46,13146,-902,0,902
Job_158,9,11850,13161,M4,13106,55,13161,0,0,0
Job_157,6,11813,13376,M0,13127,47,13174,-202,0,202
Job_159,7,11993,13691,M9,13127,48,13175,-516,0,516
Job_165,3,12608,14171,M3,13134,95,13229,-942,0,942
Job_162,6,12339,14037,M8,13138,19,13157,-880,0,880
Job_160,4,12207,14087,M2,13143,85,13228,-859,0,859
Job_154,7,11660,13449,M6,13146,89,13235,-214,0,214
Job_164,7,12441,14048,M5,13146,46,13192,-856,0,856
Job_167,5,12619,13858,M4,13161,69,13230,-628,0,628
Job_159,8,11993,13691,M7,13175,36,13211,-480,0,480
Job_161,5,12238,13939,M9,13175,76,13251,-688,0,688
Job_153,9,11600,13207,M8,13177,30,13207,0,0,0
Job_147,9,11173,13237,M5,13194,43,13237,0,0,0
Job_164,8,12441,14048,M7,13211,72,13283,-765,0,765
Job_163,2,12387,14268,M3,13229,76,13305,-963,0,963
Job_165,4,12608,14171,M8,13229,48,13277,-894,0,894
Job_169,4,12736,13980,M4,13230,49,13279,-701,0,701
Job_157,7,11813,13376,M6,13235,65,13300,-76,0,76
Job_154,8,11660,13449,M9,13251,45,13296,-153,0,153
Job_161,6,12238,13939,M5,13251,47,13298,-641,0,641
Job_167,6,12619,13858,M8,13277,21,13298,-560,0,560
Job_160,5,12207,14087,M9,13296,11,13307,-780,0,780
Job_167,7,12619,13858,M7,13298,49,13347,-511,0,511
Job_169,5,12736,13980,M5,13298,11,13309,-671,0,671
Job_157,8,11813,13376,M4,13300,6,13306,-70,0,70
Job_170,3,12832,14534,M6,13300,7,13307,-1227,0,1227
Job_161,7,12238,13939,M3,13305,52,13357,-582,0,582
Job_166,3,12613,14677,M4,13306,99,13405,-1272,0,1272
Job_160,6,12207,14087,M6,13307,40,13347,-740,0,740
Job_162,7,12339,14037,M9,13307,48,13355,-682,0,682
Job_170,4,12832,14534,M8,13307,64,13371,-1163,0,1163
Job_163,3,12387,14268,M5,13309,51,13360,-908,0,908
Job_169,6,12736,13980,M6,13347,62,13409,-571,0,571
Job_157,9,11813,13376,M7,13351,25,13376,0,0,0
Job_167,8,12619,13858,M9,13355,72,13427,-431,0,431
Job_168,2,12620,14410,M3,13357,39,13396,-1014,0,1014
Job_163,4,12387,14268,M2,13360,85,13445,-823,0,823
Job_160,7,12207,14087,M7,13376,89,13465,-622,0,622
Job_166,4,12613,14677,M6,13409,9,13418,-1259,0,1259
Job_154,9,11660,13449,M4,13416,33,13449,0,0,0
Job_166,5,12613,14677,M8,13418,52,13470,-1207,0,1207
Job_165,5,12608,14171,M9,13427,72,13499,-672,0,672
Job_168,3,12620,14410,M2,13445,74,13519,-891,0,891
Job_161,8,12238,13939,M4,13449,90,13539,-400,0,400
Job_169,7,12736,13980,M7,13465,56,13521,-459,0,459
Job_163,5,12387,14268,M9,13499,11,13510,-758,0,758
Job_165,6,12608,14171,M0,13499,47,13546,-625,0,625
Job_163,6,12387,14268,M6,13510,40,13550,-718,0,718
Job_170,5,12832,14534,M9,13510,76,13586,-948,0,948
Job_168,4,12620,14410,M8,13519,90,13609,-801,0,801
Job_162,8,12339,14037,M7,13521,36,13557,-480,0,480
Job_160,8,12207,14087,M4,13539,26,13565,-522,0,522
Job_165,7,12608,14171,M6,13550,65,13615,-556,0,556
Job_163,7,12387,14268,M7,13557,89,13646,-622,0,622
Job_170,6,12832,14534,M5,13586,47,13633,-901,0,901
Job_169,8,12736,13980,M8,13609,44,13653,-327,0,327
Job_159,9,11993,13691,M3,13612,79,13691,0,0,0
Job_165,8,12608,14171,M4,13615,6,13621,-550,0,550
Job_168,5,12620,14410,M5,13633,10,13643,-767,0,767
Job_163,8,12387,14268,M4,13646,26,13672,-596,0,596
Job_168,6,12620,14410,M7,13646,12,13658,-752,0,752
Job_166,6,12613,14677,M7,13658,85,13743,-934,0,934
Job_168,7,12620,14410,M6,13658,89,13747,-663,0,663
Job_170,7,12832,14534,M3,13691,52,13743,-791,0,791
Job_155,9,11711,13774,M5,13731,43,13774,0,0,0
Job_166,7,12613,14677,M3,13743,98,13841,-836,0,836
Job_170,8,12832,14534,M4,13743,90,13833,-701,0,701
Job_168,8,12620,14410,M9,13747,45,13792,-618,0,618
Job_167,9,12619,13858,M6,13805,53,13858,0,0,0
Job_166,8,12613,14677,M9,13841,22,13863,-814,0,814
Job_161,9,12238,13939,M7,13894,45,13939,0,0,0
Job_162,9,12339,14037,M3,13958,79,14037,0,0,0
Job_169,9,12736,13980,M9,13959,21,13980,0,0,0
Job_164,9,12441,14048,M8,13983,30,14013,-35,0,35
Job_160,9,12207,14087,M8,14013,74,14087,0,0,0
Job_165,9,12608,14171,M7,14146,25,14171,0,0,0
Job_163,9,12387,14268,M8,14194,74,14268,0,0,0
Job_168,9,12620,14410,M4,14377,33,14410,0,0,0
Job_170,9,12832,14534,M7,14489,45,14534,0,0,0
Job_166,9,12613,14677,M5,14634,43,14677,0,0,0
