Job,Operation,Arrival,Deadline,Machine,Start,Processing Time,End,Lateness,Tardiness,Earliness
Job_019,0,1440,2566,M0,1440,29,1469,-1097,0,1097
Job_015,3,1110,2231,M5,1451,61,1512,-719,0,719
Job_012,6,931,2385,M6,1459,46,1505,-880,0,880
Job_017,1,1228,2355,M1,1459,78,1537,-818,0,818
Job_006,9,333,1520,M4,1499,55,1554,34,34,0
Job_001,9,81,1535,M8,1505,30,1535,0,0,0
Job_012,7,931,2385,M5,1512,46,1558,-827,0,827
Job_015,4,1110,2231,M3,1512,26,1538,-693,0,693
Job_020,0,1521,2975,M0,1521,43,1564,-1411,0,1411
Job_011,4,876,2578,M2,1528,85,1613,-965,0,965
Job_013,1,1100,2514,M1,1537,2,1539,-975,0,975
Job_019,1,1440,2566,M1,1539,78,1617,-949,0,949
Job_015,5,1110,2231,M4,1554,69,1623,-608,0,608
Job_012,8,931,2385,M7,1558,72,1630,-755,0,755
Job_013,2,1100,2514,M5,1558,52,1610,-904,0,904
Job_014,2,1104,2972,M0,1564,71,1635,-1337,0,1337
Job_013,3,1100,2514,M3,1610,95,1705,-809,0,809
Job_011,5,876,2578,M9,1613,11,1624,-954,0,954
Job_017,2,1228,2355,M2,1613,9,1622,-733,0,733
Job_018,0,1326,2866,M1,1617,85,1702,-1164,0,1164
Job_019,2,1440,2566,M2,1622,9,1631,-935,0,935
Job_008,8,694,2396,M4,1623,26,1649,-747,0,747
Job_015,6,1110,2231,M8,1623,21,1644,-587,0,587
Job_011,6,876,2578,M6,1624,40,1664,-914,0,914
Job_016,3,1112,2731,M2,1631,74,1705,-1026,0,1026
Job_005,9,296,1710,M7,1685,25,1710,0,0,0
Job_018,1,1326,2866,M0,1702,13,1715,-1151,0,1151
Job_021,0,1581,3201,M1,1702,91,1793,-1408,0,1408
Job_017,3,1228,2355,M3,1705,36,1741,-614,0,614
Job_023,0,1668,2789,M2,1705,14,1719,-1070,0,1070
Job_015,7,1110,2231,M7,1710,49,1759,-472,0,472
Job_018,2,1326,2866,M2,1719,61,1780,-1086,0,1086
Job_023,1,1668,2789,M0,1719,6,1725,-1064,0,1064
Job_013,4,1100,2514,M8,1723,48,1771,-743,0,743
Job_002,9,141,1761,M4,1728,33,1761,0,0,0
Job_019,3,1440,2566,M3,1741,36,1777,-789,0,789
Job_011,7,876,2578,M7,1759,89,1848,-730,0,730
Job_015,8,1110,2231,M9,1759,72,1831,-400,0,400
Job_017,4,1228,2355,M4,1761,49,1810,-545,0,545
Job_016,4,1112,2731,M8,1771,90,1861,-870,0,870
Job_018,3,1326,2866,M6,1780,7,1787,-1079,0,1079
Job_020,1,1521,2975,M2,1780,90,1870,-1105,0,1105
Job_021,1,1581,3201,M0,1793,85,1878,-1323,0,1323
Job_023,2,1668,2789,M1,1793,22,1815,-974,0,974
Job_017,5,1228,2355,M5,1810,11,1821,-534,0,534
Job_019,4,1440,2566,M4,1810,49,1859,-707,0,707
Job_025,0,1773,2960,M1,1815,46,1861,-1099,0,1099
Job_017,6,1228,2355,M6,1821,62,1883,-472,0,472
Job_023,3,1668,2789,M5,1821,61,1882,-907,0,907
Job_013,5,1100,2514,M9,1831,72,1903,-611,0,611
Job_011,8,876,2578,M4,1859,26,1885,-693,0,693
Job_018,4,1326,2866,M8,1861,64,1925,-941,0,941
Job_022,0,1632,3500,M1,1861,81,1942,-1558,0,1558
Job_024,0,1736,3150,M2,1870,84,1954,-1196,0,1196
Job_021,2,1581,3201,M3,1878,39,1917,-1284,0,1284
Job_025,1,1773,2960,M0,1878,37,1915,-1045,0,1045
Job_019,5,1440,2566,M5,1882,11,1893,-673,0,673
Job_017,7,1228,2355,M7,1883,56,1939,-416,0,416
Job_020,2,1521,2975,M4,1885,75,1960,-1015,0,1015
Job_016,5,1112,2731,M5,1893,10,1903,-828,0,828
Job_019,6,1440,2566,M6,1893,62,1955,-611,0,611
Job_013,6,1100,2514,M0,1915,47,1962,-552,0,552
Job_018,5,1326,2866,M9,1925,76,2001,-865,0,865
Job_007,9,478,2015,M3,1936,79,2015,0,0,0
Job_016,6,1112,2731,M7,1939,12,1951,-780,0,780
Job_017,8,1228,2355,M8,1939,44,1983,-372,0,372
Job_021,3,1581,3201,M2,1954,74,2028,-1173,0,1173
Job_024,1,1736,3150,M1,1954,2,1956,-1194,0,1194
Job_016,7,1112,2731,M6,1955,89,2044,-687,0,687
Job_019,7,1440,2566,M7,1955,56,2011,-555,0,555
Job_024,2,1736,3150,M5,1956,52,2008,-1142,0,1142
Job_014,3,1104,2972,M4,1960,99,2059,-913,0,913
Job_020,3,1521,2975,M9,2001,11,2012,-963,0,963
Job_019,8,1440,2566,M8,2011,44,2055,-511,0,511
Job_023,4,1668,2789,M3,2015,26,2041,-748,0,748
Job_003,9,192,2060,M5,2017,43,2060,0,0,0
Job_022,1,1632,3500,M2,2028,95,2123,-1377,0,1377
Job_020,4,1521,2975,M3,2041,69,2110,-865,0,865
Job_013,7,1100,2514,M6,2044,65,2109,-405,0,405
Job_016,8,1112,2731,M9,2044,45,2089,-642,0,642
Job_021,4,1581,3201,M8,2055,90,2145,-1056,0,1056
Job_023,5,1668,2789,M4,2059,69,2128,-661,0,661
Job_018,6,1326,2866,M5,2060,47,2107,-759,0,759
Job_014,4,1104,2972,M6,2109,9,2118,-854,0,854
Job_020,5,1521,2975,M1,2110,28,2138,-837,0,837
Job_025,2,1773,2960,M3,2110,61,2171,-789,0,789
Job_022,2,1632,3500,M0,2123,71,2194,-1306,0,1306
Job_026,0,1918,3455,M2,2123,31,2154,-1301,0,1301
Job_013,8,1100,2514,M4,2128,6,2134,-380,0,380
Job_021,5,1581,3201,M5,2145,10,2155,-1046,0,1046
Job_023,6,1668,2789,M8,2145,21,2166,-623,0,623
Job_021,6,1581,3201,M7,2155,12,2167,-1034,0,1034
Job_028,0,2165,3705,M1,2165,85,2250,-1455,0,1455
Job_014,5,1104,2972,M8,2166,52,2218,-754,0,754
Job_023,7,1668,2789,M7,2167,49,2216,-573,0,573
Job_018,7,1326,2866,M3,2171,52,2223,-643,0,643
Job_025,3,1773,2960,M2,2171,13,2184,-776,0,776
Job_015,9,1110,2231,M6,2178,53,2231,0,0,0
Job_022,3,1632,3500,M4,2194,99,2293,-1207,0,1207
Job_026,1,1918,3455,M0,2194,86,2280,-1175,0,1175
Job_023,8,1668,2789,M9,2216,72,2288,-501,0,501
Job_009,9,725,2265,M7,2220,45,2265,0,0,0
Job_020,6,1521,2975,M6,2231,46,2277,-698,0,698
Job_014,6,1104,2972,M7,2265,85,2350,-622,0,622
Job_029,0,2267,3804,M2,2267,31,2298,-1506,0,1506
Job_020,7,1521,2975,M5,2277,46,2323,-652,0,652
Job_025,4,1773,2960,M6,2277,32,2309,-651,0,651
Job_026,2,1918,3455,M1,2280,46,2326,-1129,0,1129
Job_027,0,2134,3836,M0,2280,76,2356,-1480,0,1480
Job_008,9,694,2396,M8,2281,74,2355,-41,0,41
Job_010,9,827,2364,M3,2285,79,2364,0,0,0
Job_018,8,1326,2866,M4,2293,90,2383,-483,0,483
Job_021,7,1581,3201,M6,2309,89,2398,-803,0,803
Job_025,5,1773,2960,M5,2323,21,2344,-616,0,616
Job_017,9,1228,2355,M9,2334,21,2355,0,0,0
Job_026,3,1918,3455,M5,2344,74,2418,-1037,0,1037
Job_020,8,1521,2975,M7,2350,72,2422,-553,0,553
Job_012,9,931,2385,M8,2355,30,2385,0,0,0
Job_025,6,1773,2960,M9,2355,32,2387,-573,0,573
Job_027,1,2134,3836,M1,2356,69,2425,-1411,0,1411
Job_028,1,2165,3705,M0,2356,13,2369,-1336,0,1336
Job_014,7,1104,2972,M3,2364,98,2462,-510,0,510
Job_028,2,2165,3705,M2,2369,61,2430,-1275,0,1275
Job_029,1,2267,3804,M0,2369,86,2455,-1349,0,1349
Job_025,7,1773,2960,M8,2388,89,2477,-483,0,483
Job_021,8,1581,3201,M9,2398,45,2443,-758,0,758
Job_022,4,1632,3500,M6,2398,9,2407,-1093,0,1093
Job_026,4,1918,3455,M4,2418,32,2450,-1005,0,1005
Job_028,3,2165,3705,M6,2430,7,2437,-1268,0,1268
Job_026,5,1918,3455,M6,2450,88,2538,-917,0,917
Job_029,2,2267,3804,M1,2455,46,2501,-1303,0,1303
Job_031,0,2371,3825,M0,2455,43,2498,-1327,0,1327
Job_014,8,1104,2972,M9,2462,22,2484,-488,0,488
Job_024,3,1736,3150,M3,2462,95,2557,-593,0,593
Job_013,9,1100,2514,M7,2489,25,2514,0,0,0
Job_030,0,2316,4018,M0,2498,76,2574,-1444,0,1444
Job_031,1,2371,3825,M2,2498,90,2588,-1237,0,1237
Job_029,3,2267,3804,M5,2501,74,2575,-1229,0,1229
Job_011,9,876,2578,M8,2504,74,2578,0,0,0
Job_025,8,1773,2960,M7,2514,30,2544,-416,0,416
Job_033,0,2544,4412,M1,2544,81,2625,-1787,0,1787
Job_019,9,1440,2566,M9,2545,21,2566,0,0,0
Job_027,2,2134,3836,M3,2557,76,2633,-1203,0,1203
Job_029,4,2267,3804,M4,2575,32,2607,-1197,0,1197
Job_024,4,1736,3150,M8,2578,48,2626,-524,0,524
Job_034,0,2550,3671,M2,2588,14,2602,-1069,0,1069
Job_032,0,2540,3954,M2,2602,84,2686,-1268,0,1268
Job_034,1,2550,3671,M0,2602,6,2608,-1063,0,1063
Job_029,5,2267,3804,M6,2607,88,2695,-1109,0,1109
Job_031,2,2371,3825,M4,2607,75,2682,-1143,0,1143
Job_034,2,2550,3671,M1,2625,22,2647,-1024,0,1024
Job_022,5,1632,3500,M8,2626,52,2678,-822,0,822
Job_024,5,1736,3150,M9,2626,72,2698,-452,0,452
Job_027,3,2134,3836,M5,2633,51,2684,-1152,0,1152
Job_030,1,2316,4018,M1,2647,69,2716,-1302,0,1302
Job_036,0,2668,3795,M0,2668,29,2697,-1098,0,1098
Job_022,6,1632,3500,M7,2678,85,2763,-737,0,737
Job_028,4,2165,3705,M8,2678,64,2742,-963,0,963
Job_034,3,2550,3671,M5,2684,61,2745,-926,0,926
Job_027,4,2134,3836,M2,2686,85,2771,-1065,0,1065
Job_016,9,1112,2731,M4,2698,33,2731,0,0,0
Job_024,6,1736,3150,M0,2698,47,2745,-405,0,405
Job_031,3,2371,3825,M9,2698,11,2709,-1116,0,1116
Job_031,4,2371,3825,M3,2709,69,2778,-1047,0,1047
Job_036,1,2668,3795,M1,2716,78,2794,-1001,0,1001
Job_023,9,1668,2789,M6,2736,53,2789,0,0,0
Job_026,6,1918,3455,M8,2742,19,2761,-694,0,694
Job_028,5,2165,3705,M9,2742,76,2818,-887,0,887
Job_029,6,2267,3804,M8,2761,19,2780,-1024,0,1024
Job_033,1,2544,4412,M2,2771,95,2866,-1546,0,1546
Job_022,7,1632,3500,M3,2778,98,2876,-624,0,624
Job_024,7,1736,3150,M6,2789,65,2854,-296,0,296
Job_032,1,2540,3954,M1,2794,2,2796,-1158,0,1158
Job_032,2,2540,3954,M5,2796,52,2848,-1106,0,1106
Job_035,0,2552,4171,M1,2796,91,2887,-1284,0,1284
Job_026,7,1918,3455,M9,2818,48,2866,-589,0,589
Job_018,9,1326,2866,M7,2821,45,2866,0,0,0
Job_028,6,2165,3705,M5,2848,47,2895,-810,0,810
Job_024,8,1736,3150,M4,2854,6,2860,-290,0,290
Job_026,8,1918,3455,M7,2866,36,2902,-553,0,553
Job_027,5,2134,3836,M9,2866,11,2877,-959,0,959
Job_033,2,2544,4412,M0,2866,71,2937,-1475,0,1475
Job_036,2,2668,3795,M2,2866,9,2875,-920,0,920
Job_036,3,2668,3795,M3,2876,36,2912,-883,0,883
Job_022,8,1632,3500,M9,2877,22,2899,-601,0,601
Job_027,6,2134,3836,M6,2877,40,2917,-919,0,919
Job_031,5,2371,3825,M1,2887,28,2915,-910,0,910
Job_029,7,2267,3804,M9,2899,48,2947,-857,0,857
Job_025,9,1773,2960,M4,2905,55,2960,0,0,0
Job_034,4,2550,3671,M3,2912,26,2938,-733,0,733
Job_037,0,2766,4306,M1,2915,85,3000,-1306,0,1306
Job_027,7,2134,3836,M7,2917,89,3006,-830,0,830
Job_031,6,2371,3825,M6,2917,46,2963,-862,0,862
Job_014,9,1104,2972,M5,2929,43,2972,0,0,0
Job_038,0,2880,4006,M0,2937,29,2966,-1040,0,1040
Job_028,7,2165,3705,M3,2938,52,2990,-715,0,715
Job_020,9,1521,2975,M8,2945,30,2975,0,0,0
Job_034,5,2550,3671,M4,2960,69,3029,-642,0,642
Job_039,0,2961,4415,M0,2966,43,3009,-1406,0,1406
Job_031,7,2371,3825,M5,2972,46,3018,-807,0,807
Job_030,2,2316,4018,M3,2990,76,3066,-952,0,952
Job_038,1,2880,4006,M1,3000,78,3078,-928,0,928
Job_029,8,2267,3804,M7,3006,36,3042,-762,0,762
Job_034,6,2550,3671,M8,3029,21,3050,-621,0,621
Job_036,4,2668,3795,M4,3029,49,3078,-717,0,717
Job_031,8,2371,3825,M7,3042,72,3114,-711,0,711
Job_037,1,2766,4306,M0,3051,13,3064,-1242,0,1242
Job_035,1,2552,4171,M0,3064,85,3149,-1022,0,1022
Job_037,2,2766,4306,M2,3064,61,3125,-1181,0,1181
Job_030,3,2316,4018,M5,3066,51,3117,-901,0,901
Job_032,3,2540,3954,M3,3066,95,3161,-793,0,793
Job_028,8,2165,3705,M4,3078,90,3168,-537,0,537
Job_040,0,3021,4641,M1,3078,91,3169,-1472,0,1472
Job_036,5,2668,3795,M5,3117,11,3128,-667,0,667
Job_024,9,1736,3150,M7,3125,25,3150,0,0,0
Job_037,3,2766,4306,M6,3125,7,3132,-1174,0,1174
Job_038,2,2880,4006,M2,3125,9,3134,-872,0,872
Job_036,6,2668,3795,M6,3132,62,3194,-601,0,601
Job_037,4,2766,4306,M8,3132,64,3196,-1110,0,1110
Job_030,4,2316,4018,M2,3134,85,3219,-799,0,799
Job_034,7,2550,3671,M7,3150,49,3199,-472,0,472
Job_038,3,2880,4006,M3,3161,36,3197,-809,0,809
Job_021,9,1581,3201,M4,3168,33,3201,0,0,0
Job_040,1,3021,4641,M0,3169,85,3254,-1387,0,1387
Job_041,0,3072,4940,M1,3169,81,3250,-1690,0,1690
Job_032,4,2540,3954,M8,3196,48,3244,-710,0,710
Job_037,5,2766,4306,M9,3196,76,3272,-1034,0,1034
Job_035,2,2552,4171,M3,3197,39,3236,-935,0,935
Job_036,7,2668,3795,M7,3199,56,3255,-540,0,540
Job_027,8,2134,3836,M4,3201,26,3227,-609,0,609
Job_042,0,3108,4229,M2,3219,14,3233,-996,0,996
Job_038,4,2880,4006,M4,3227,49,3276,-730,0,730
Job_039,1,2961,4415,M2,3233,90,3323,-1092,0,1092
Job_044,0,3213,4400,M1,3250,46,3296,-1104,0,1104
Job_040,2,3021,4641,M3,3254,39,3293,-1348,0,1348
Job_042,1,3108,4229,M0,3254,6,3260,-969,0,969
Job_034,8,2550,3671,M9,3272,72,3344,-327,0,327
Job_037,6,2766,4306,M5,3272,47,3319,-987,0,987
Job_033,3,2544,4412,M4,3276,99,3375,-1037,0,1037
Job_042,2,3108,4229,M1,3296,22,3318,-911,0,911
Job_044,1,3213,4400,M0,3296,37,3333,-1067,0,1067
Job_036,8,2668,3795,M8,3318,44,3362,-433,0,433
Job_037,7,2766,4306,M3,3319,52,3371,-935,0,935
Job_038,5,2880,4006,M5,3319,11,3330,-676,0,676
Job_035,3,2552,4171,M2,3323,74,3397,-774,0,774
Job_038,6,2880,4006,M6,3330,62,3392,-614,0,614
Job_042,3,3108,4229,M5,3330,61,3391,-838,0,838
Job_032,5,2540,3954,M9,3344,72,3416,-538,0,538
Job_039,2,2961,4415,M4,3375,75,3450,-965,0,965
Job_026,9,1918,3455,M3,3376,79,3455,0,0,0
Job_033,4,2544,4412,M6,3392,9,3401,-1011,0,1011
Job_038,7,2880,4006,M7,3392,56,3448,-558,0,558
Job_035,4,2552,4171,M8,3397,90,3487,-684,0,684
Job_043,0,3176,4590,M2,3397,84,3481,-1109,0,1109
Job_030,5,2316,4018,M9,3416,11,3427,-591,0,591
Job_032,6,2540,3954,M0,3416,47,3463,-491,0,491
Job_030,6,2316,4018,M6,3427,40,3467,-551,0,551
Job_037,8,2766,4306,M4,3450,90,3540,-766,0,766
Job_039,3,2961,4415,M9,3450,11,3461,-954,0,954
Job_044,2,3213,4400,M3,3455,61,3516,-884,0,884
Job_022,9,1632,3500,M5,3457,43,3500,0,0,0
Job_030,7,2316,4018,M7,3467,89,3556,-462,0,462
Job_032,7,2540,3954,M6,3467,65,3532,-422,0,422
Job_040,3,3021,4641,M2,3481,74,3555,-1086,0,1086
Job_043,1,3176,4590,M1,3481,2,3483,-1107,0,1107
Job_038,8,2880,4006,M8,3487,44,3531,-475,0,475
Job_043,2,3176,4590,M5,3500,52,3552,-1038,0,1038
Job_042,4,3108,4229,M3,3516,26,3542,-687,0,687
Job_033,5,2544,4412,M8,3531,52,3583,-829,0,829
Job_032,8,2540,3954,M4,3540,6,3546,-408,0,408
Job_039,4,2961,4415,M3,3542,69,3611,-804,0,804
Job_042,5,3108,4229,M4,3546,69,3615,-614,0,614
Job_035,5,2552,4171,M5,3552,10,3562,-609,0,609
Job_041,1,3072,4940,M2,3555,95,3650,-1290,0,1290
Job_035,6,2552,4171,M7,3562,12,3574,-597,0,597
Job_046,0,3574,5276,M0,3574,76,3650,-1626,0,1626
Job_040,4,3021,4641,M8,3583,90,3673,-968,0,968
Job_047,0,3605,5145,M1,3605,85,3690,-1455,0,1455
Job_043,3,3176,4590,M3,3611,95,3706,-884,0,884
Job_030,8,2316,4018,M4,3615,26,3641,-377,0,377
Job_034,9,2550,3671,M6,3618,53,3671,0,0,0
Job_041,2,3072,4940,M0,3650,71,3721,-1219,0,1219
Job_044,3,3213,4400,M2,3650,13,3663,-737,0,737
Job_028,9,2165,3705,M7,3660,45,3705,0,0,0
Job_045,0,3358,4895,M2,3663,31,3694,-1201,0,1201
Job_035,7,2552,4171,M6,3671,89,3760,-411,0,411
Job_040,5,3021,4641,M5,3673,10,3683,-958,0,958
Job_042,6,3108,4229,M8,3673,21,3694,-535,0,535
Job_046,1,3574,5276,M1,3690,69,3759,-1517,0,1517
Job_033,6,2544,4412,M7,3705,85,3790,-622,0,622
Job_048,0,3707,5244,M2,3707,31,3738,-1506,0,1506
Job_027,9,2134,3836,M8,3721,74,3795,-41,0,41
Job_041,3,3072,4940,M4,3721,99,3820,-1120,0,1120
Job_045,1,3358,4895,M0,3721,86,3807,-1088,0,1088
Job_029,9,2267,3804,M3,3725,79,3804,0,0,0
Job_039,5,2961,4415,M1,3759,28,3787,-628,0,628
Job_044,4,3213,4400,M6,3760,32,3792,-608,0,608
Job_036,9,2668,3795,M9,3774,21,3795,0,0,0
Job_039,6,2961,4415,M6,3792,46,3838,-577,0,577
Job_044,5,3213,4400,M5,3792,21,3813,-587,0,587
Job_031,9,2371,3825,M8,3795,30,3825,0,0,0
Job_035,8,2552,4171,M9,3795,45,3840,-331,0,331
Job_046,2,3574,5276,M3,3804,76,3880,-1396,0,1396
Job_045,2,3358,4895,M1,3807,46,3853,-1042,0,1042
Job_047,1,3605,5145,M0,3807,13,3820,-1325,0,1325
Job_047,2,3605,5145,M2,3820,61,3881,-1264,0,1264
Job_048,1,3707,5244,M0,3820,86,3906,-1338,0,1338
Job_043,4,3176,4590,M8,3825,48,3873,-717,0,717
Job_039,7,2961,4415,M5,3838,46,3884,-531,0,531
Job_041,4,3072,4940,M6,3838,9,3847,-1093,0,1093
Job_040,6,3021,4641,M7,3839,12,3851,-790,0,790
Job_040,7,3021,4641,M6,3851,89,3940,-701,0,701
Job_042,7,3108,4229,M7,3851,49,3900,-329,0,329
Job_041,5,3072,4940,M8,3873,52,3925,-1015,0,1015
Job_033,7,2544,4412,M3,3880,98,3978,-434,0,434
Job_045,3,3358,4895,M5,3884,74,3958,-937,0,937
Job_048,2,3707,5244,M1,3906,46,3952,-1292,0,1292
Job_050,0,3811,5265,M0,3906,43,3949,-1316,0,1316
Job_043,5,3176,4590,M9,3912,72,3984,-606,0,606
Job_032,9,2540,3954,M7,3929,25,3954,0,0,0
Job_047,3,3605,5145,M6,3940,7,3947,-1198,0,1198
Job_030,9,2316,4018,M8,3944,74,4018,0,0,0
Job_049,0,3756,5458,M0,3949,76,4025,-1433,0,1433
Job_050,1,3811,5265,M2,3949,90,4039,-1226,0,1226
Job_039,8,2961,4415,M7,3954,72,4026,-389,0,389
Job_045,4,3358,4895,M4,3958,32,3990,-905,0,905
Job_048,3,3707,5244,M5,3958,74,4032,-1212,0,1212
Job_052,0,3984,5852,M1,3984,81,4065,-1787,0,1787
Job_038,9,2880,4006,M9,3985,21,4006,0,0,0
Job_045,5,3358,4895,M6,3990,88,4078,-817,0,817
Job_044,6,3213,4400,M9,4006,32,4038,-362,0,362
Job_047,4,3605,5145,M8,4018,64,4082,-1063,0,1063
Job_041,6,3072,4940,M7,4026,85,4111,-829,0,829
Job_046,3,3574,5276,M5,4032,51,4083,-1193,0,1193
Job_033,8,2544,4412,M9,4038,22,4060,-352,0,352
Job_050,2,3811,5265,M4,4039,75,4114,-1151,0,1151
Job_053,0,3990,5111,M2,4039,14,4053,-1058,0,1058
Job_051,0,3980,5394,M2,4053,84,4137,-1257,0,1257
Job_053,1,3990,5111,M0,4053,6,4059,-1052,0,1052
Job_043,6,3176,4590,M0,4059,47,4106,-484,0,484
Job_042,8,3108,4229,M9,4060,72,4132,-97,0,97
Job_053,2,3990,5111,M1,4065,22,4087,-1024,0,1024
Job_044,7,3213,4400,M8,4082,89,4171,-229,0,229
Job_049,1,3756,5458,M1,4087,69,4156,-1302,0,1302
Job_053,3,3990,5111,M5,4087,61,4148,-963,0,963
Job_052,1,3984,5852,M2,4137,95,4232,-1620,0,1620
Job_035,9,2552,4171,M4,4138,33,4171,0,0,0
Job_055,0,4108,5235,M0,4147,29,4176,-1059,0,1059
Job_053,4,3990,5111,M3,4148,26,4174,-937,0,937
Job_051,1,3980,5394,M1,4156,2,4158,-1236,0,1236
Job_051,2,3980,5394,M5,4158,52,4210,-1184,0,1184
Job_054,0,3992,5611,M1,4158,91,4249,-1362,0,1362
Job_050,3,3811,5265,M9,4167,11,4178,-1087,0,1087
Job_044,8,3213,4400,M7,4171,30,4201,-199,0,199
Job_045,6,3358,4895,M8,4171,19,4190,-705,0,705
Job_048,4,3707,5244,M4,4171,32,4203,-1041,0,1041
Job_049,2,3756,5458,M3,4174,76,4250,-1208,0,1208
Job_042,9,3108,4229,M6,4176,53,4229,0,0,0
Job_047,5,3605,5145,M9,4178,76,4254,-891,0,891
Job_053,5,3990,5111,M4,4203,69,4272,-839,0,839
Job_043,7,3176,4590,M6,4229,65,4294,-296,0,296
Job_046,4,3574,5276,M2,4232,85,4317,-959,0,959
Job_054,1,3992,5611,M0,4249,85,4334,-1277,0,1277
Job_055,1,4108,5235,M1,4249,78,4327,-908,0,908
Job_049,3,3756,5458,M5,4250,51,4301,-1157,0,1157
Job_050,4,3811,5265,M3,4250,69,4319,-946,0,946
Job_045,7,3358,4895,M9,4254,48,4302,-593,0,593
Job_037,9,2766,4306,M7,4261,45,4306,0,0,0
Job_053,6,3990,5111,M8,4272,21,4293,-818,0,818
Job_043,8,3176,4590,M4,4294,6,4300,-290,0,290
Job_048,5,3707,5244,M6,4294,88,4382,-862,0,862
Job_047,6,3605,5145,M5,4301,47,4348,-797,0,797
Job_045,8,3358,4895,M7,4306,36,4342,-553,0,553
Job_046,5,3574,5276,M9,4317,11,4328,-948,0,948
Job_049,4,3756,5458,M2,4317,85,4402,-1056,0,1056
Job_051,3,3980,5394,M3,4319,95,4414,-980,0,980
Job_050,5,3811,5265,M1,4327,28,4355,-910,0,910
Job_040,8,3021,4641,M9,4328,45,4373,-268,0,268
Job_057,0,4320,5446,M0,4334,29,4363,-1083,0,1083
Job_053,7,3990,5111,M7,4342,49,4391,-720,0,720
Job_044,9,3213,4400,M4,4345,55,4400,0,0,0
Job_056,0,4206,5746,M1,4355,85,4440,-1306,0,1306
Job_052,2,3984,5852,M0,4363,71,4434,-1418,0,1418
Job_033,9,2544,4412,M5,4369,43,4412,0,0,0
Job_046,6,3574,5276,M6,4382,40,4422,-854,0,854
Job_039,9,2961,4415,M8,4385,30,4415,0,0,0
Job_053,8,3990,5111,M9,4391,72,4463,-648,0,648
Job_055,2,4108,5235,M2,4402,9,4411,-824,0,824
Job_055,3,4108,5235,M3,4414,36,4450,-785,0,785
Job_048,6,3707,5244,M8,4415,19,4434,-810,0,810
Job_046,7,3574,5276,M7,4422,89,4511,-765,0,765
Job_050,6,3811,5265,M6,4422,46,4468,-797,0,797
Job_051,4,3980,5394,M8,4434,48,4482,-912,0,912
Job_052,3,3984,5852,M4,4434,99,4533,-1319,0,1319
Job_058,0,4401,5855,M0,4434,43,4477,-1378,0,1378
Job_057,1,4320,5446,M1,4440,78,4518,-928,0,928
Job_041,7,3072,4940,M3,4450,98,4548,-392,0,392
Job_048,7,3707,5244,M9,4463,48,4511,-733,0,733
Job_050,7,3811,5265,M5,4468,46,4514,-751,0,751
Job_056,1,4206,5746,M0,4477,13,4490,-1256,0,1256
Job_058,1,4401,5855,M2,4477,90,4567,-1288,0,1288
Job_048,8,3707,5244,M7,4511,36,4547,-697,0,697
Job_051,5,3980,5394,M9,4511,72,4583,-811,0,811
Job_059,0,4461,6081,M1,4518,91,4609,-1472,0,1472
Job_052,4,3984,5852,M6,4533,9,4542,-1310,0,1310
Job_055,4,4108,5235,M4,4533,49,4582,-653,0,653
Job_052,5,3984,5852,M8,4542,52,4594,-1258,0,1258
Job_043,9,3176,4590,M7,4565,25,4590,0,0,0
Job_057,2,4320,5446,M2,4567,9,4576,-870,0,870
Job_056,2,4206,5746,M2,4576,61,4637,-1109,0,1109
Job_057,3,4320,5446,M3,4576,36,4612,-834,0,834
Job_046,8,3574,5276,M4,4582,26,4608,-668,0,668
Job_055,5,4108,5235,M5,4582,11,4593,-642,0,642
Job_041,8,3072,4940,M9,4583,22,4605,-335,0,335
Job_051,6,3980,5394,M0,4583,47,4630,-764,0,764
Job_050,8,3811,5265,M7,4590,72,4662,-603,0,603
Job_055,6,4108,5235,M6,4593,62,4655,-580,0,580
Job_049,5,3756,5458,M9,4605,11,4616,-842,0,842
Job_040,9,3021,4641,M4,4608,33,4641,0,0,0
Job_060,0,4512,6380,M1,4609,81,4690,-1690,0,1690
Job_047,7,3605,5145,M3,4612,52,4664,-481,0,481
Job_059,1,4461,6081,M0,4630,85,4715,-1366,0,1366
Job_061,0,4548,5669,M2,4637,14,4651,-1018,0,1018
Job_062,0,4616,6030,M2,4651,84,4735,-1295,0,1295
Job_056,3,4206,5746,M6,4655,7,4662,-1084,0,1084
Job_049,6,3756,5458,M6,4662,40,4702,-756,0,756
Job_055,7,4108,5235,M7,4662,56,4718,-517,0,517
Job_054,2,3992,5611,M3,4664,39,4703,-908,0,908
Job_056,4,4206,5746,M8,4683,64,4747,-999,0,999
Job_063,0,4653,5840,M1,4690,46,4736,-1104,0,1104
Job_051,7,3980,5394,M6,4702,65,4767,-627,0,627
Job_059,2,4461,6081,M3,4715,39,4754,-1327,0,1327
Job_052,6,3984,5852,M7,4718,85,4803,-1049,0,1049
Job_061,1,4548,5669,M0,4725,6,4731,-938,0,938
Job_057,4,4320,5446,M4,4731,49,4780,-666,0,666
Job_054,3,3992,5611,M2,4735,74,4809,-802,0,802
Job_061,2,4548,5669,M1,4736,22,4758,-911,0,911
Job_063,1,4653,5840,M0,4736,37,4773,-1067,0,1067
Job_056,5,4206,5746,M9,4747,76,4823,-923,0,923
Job_061,3,4548,5669,M5,4758,61,4819,-850,0,850
Job_055,8,4108,5235,M8,4766,44,4810,-425,0,425
Job_051,8,3980,5394,M4,4780,6,4786,-608,0,608
Job_058,2,4401,5855,M4,4786,75,4861,-994,0,994
Job_049,7,3756,5458,M7,4803,89,4892,-566,0,566
Job_059,3,4461,6081,M2,4809,74,4883,-1198,0,1198
Job_062,1,4616,6030,M1,4809,2,4811,-1219,0,1219
Job_054,4,3992,5611,M8,4810,90,4900,-711,0,711
Job_045,9,3358,4895,M3,4816,79,4895,0,0,0
Job_057,5,4320,5446,M5,4819,11,4830,-616,0,616
Job_056,6,4206,5746,M5,4830,47,4877,-869,0,869
Job_057,6,4320,5446,M6,4830,62,4892,-554,0,554
Job_047,8,3605,5145,M4,4861,90,4951,-194,0,194
Job_058,3,4401,5855,M9,4861,11,4872,-983,0,983
Job_060,1,4512,6380,M2,4883,95,4978,-1402,0,1402
Job_057,7,4320,5446,M7,4892,56,4948,-498,0,498
Job_061,4,4548,5669,M3,4895,26,4921,-748,0,748
Job_041,9,3072,4940,M5,4897,43,4940,0,0,0
Job_059,4,4461,6081,M8,4900,90,4990,-1091,0,1091
Job_058,4,4401,5855,M3,4921,69,4990,-865,0,865
Job_062,2,4616,6030,M5,4940,52,4992,-1038,0,1038
Job_061,5,4548,5669,M4,4951,69,5020,-649,0,649
Job_060,2,4512,6380,M0,4978,71,5049,-1331,0,1331
Job_064,0,4798,6335,M2,4978,31,5009,-1326,0,1326
Job_057,8,4320,5446,M8,4990,44,5034,-412,0,412
Job_058,5,4401,5855,M1,4990,28,5018,-837,0,837
Job_063,2,4653,5840,M3,4990,61,5051,-789,0,789
Job_059,5,4461,6081,M5,4997,10,5007,-1074,0,1074
Job_059,6,4461,6081,M7,5007,12,5019,-1062,0,1062
Job_049,8,3756,5458,M4,5020,26,5046,-412,0,412
Job_061,6,4548,5669,M8,5034,21,5055,-614,0,614
Job_066,0,5045,6585,M1,5045,85,5130,-1455,0,1455
Job_060,3,4512,6380,M4,5049,99,5148,-1232,0,1232
Job_064,1,4798,6335,M0,5049,86,5135,-1200,0,1200
Job_056,7,4206,5746,M3,5051,52,5103,-643,0,643
Job_053,9,3990,5111,M6,5058,53,5111,0,0,0
Job_063,3,4653,5840,M2,5083,13,5096,-744,0,744
Job_047,9,3605,5145,M7,5100,45,5145,0,0,0
Job_063,4,4653,5840,M6,5111,32,5143,-697,0,697
Job_064,2,4798,6335,M1,5135,46,5181,-1154,0,1154
Job_065,0,5014,6716,M0,5135,76,5211,-1505,0,1505
Job_059,7,4461,6081,M6,5143,89,5232,-849,0,849
Job_063,5,4653,5840,M5,5143,21,5164,-676,0,676
Job_061,7,4548,5669,M7,5145,49,5194,-475,0,475
Job_067,0,5147,6684,M2,5147,31,5178,-1506,0,1506
Job_056,8,4206,5746,M4,5148,90,5238,-508,0,508
Job_046,9,3574,5276,M8,5161,74,5235,-41,0,41
Job_063,6,4653,5840,M9,5164,32,5196,-644,0,644
Job_048,9,3707,5244,M3,5165,79,5244,0,0,0
Job_064,3,4798,6335,M5,5181,74,5255,-1080,0,1080
Job_065,1,5014,6716,M1,5211,69,5280,-1436,0,1436
Job_066,1,5045,6585,M0,5211,13,5224,-1361,0,1361
Job_055,9,4108,5235,M9,5214,21,5235,0,0,0
Job_066,2,5045,6585,M2,5224,61,5285,-1300,0,1300
Job_067,1,5147,6684,M0,5224,86,5310,-1374,0,1374
Job_058,6,4401,5855,M6,5232,46,5278,-577,0,577
Job_050,9,3811,5265,M8,5235,30,5265,0,0,0
Job_061,8,4548,5669,M9,5235,72,5307,-362,0,362
Job_062,3,4616,6030,M3,5244,95,5339,-691,0,691
Job_054,5,3992,5611,M5,5255,10,5265,-346,0,346
Job_064,4,4798,6335,M4,5255,32,5287,-1048,0,1048
Job_054,6,3992,5611,M7,5265,12,5277,-334,0,334
Job_054,7,3992,5611,M6,5278,89,5367,-244,0,244
Job_058,7,4401,5855,M5,5278,46,5324,-531,0,531
Job_059,8,4461,6081,M9,5307,45,5352,-729,0,729
Job_067,2,5147,6684,M1,5310,46,5356,-1328,0,1328
Job_069,0,5251,6705,M0,5310,43,5353,-1352,0,1352
Job_052,7,3984,5852,M3,5339,98,5437,-415,0,415
Job_068,0,5196,6898,M0,5353,76,5429,-1469,0,1469
Job_069,1,5251,6705,M2,5353,90,5443,-1262,0,1262
Job_067,3,5147,6684,M5,5356,74,5430,-1254,0,1254
Job_054,8,3992,5611,M9,5367,45,5412,-199,0,199
Job_064,5,4798,6335,M6,5367,88,5455,-880,0,880
Job_051,9,3980,5394,M7,5369,25,5394,0,0,0
Job_049,9,3756,5458,M8,5384,74,5458,0,0,0
Job_058,8,4401,5855,M7,5394,72,5466,-389,0,389
Job_071,0,5424,7292,M1,5424,81,5505,-1787,0,1787
Job_057,9,4320,5446,M9,5425,21,5446,0,0,0
Job_067,4,5147,6684,M4,5430,32,5462,-1222,0,1222
Job_065,2,5014,6716,M3,5437,76,5513,-1203,0,1203
Job_072,0,5430,6551,M2,5443,14,5457,-1094,0,1094
Job_052,8,3984,5852,M9,5446,22,5468,-384,0,384
Job_066,3,5045,6585,M6,5455,7,5462,-1123,0,1123
Job_070,0,5420,6834,M2,5457,84,5541,-1293,0,1293
Job_072,1,5430,6551,M0,5457,6,5463,-1088,0,1088
Job_063,7,4653,5840,M8,5458,89,5547,-293,0,293
Job_060,4,4512,6380,M6,5462,9,5471,-909,0,909
Job_069,2,5251,6705,M4,5462,75,5537,-1168,0,1168
Job_067,5,5147,6684,M6,5471,88,5559,-1125,0,1125
Job_072,2,5430,6551,M1,5505,22,5527,-1024,0,1024
Job_065,3,5014,6716,M5,5513,51,5564,-1152,0,1152
Job_068,1,5196,6898,M1,5527,69,5596,-1302,0,1302
Job_069,3,5251,6705,M9,5537,11,5548,-1157,0,1157
Job_071,1,5424,7292,M2,5541,95,5636,-1656,0,1656
Job_062,4,4616,6030,M8,5547,48,5595,-435,0,435
Job_063,8,4653,5840,M7,5547,30,5577,-263,0,263
Job_074,0,5548,6675,M0,5548,29,5577,-1098,0,1098
Job_072,3,5430,6551,M5,5564,61,5625,-926,0,926
Job_054,9,3992,5611,M4,5578,33,5611,0,0,0
Job_062,5,4616,6030,M9,5595,72,5667,-363,0,363
Job_066,4,5045,6585,M8,5595,64,5659,-926,0,926
Job_074,1,5548,6675,M1,5596,78,5674,-1001,0,1001
Job_069,4,5251,6705,M3,5611,69,5680,-1025,0,1025
Job_061,9,4548,5669,M6,5616,53,5669,0,0,0
Job_065,4,5014,6716,M2,5636,85,5721,-995,0,995
Job_071,2,5424,7292,M0,5636,71,5707,-1585,0,1585
Job_064,6,4798,6335,M8,5659,19,5678,-657,0,657
Job_066,5,5045,6585,M9,5667,76,5743,-842,0,842
Job_070,1,5420,6834,M1,5674,2,5676,-1158,0,1158
Job_070,2,5420,6834,M5,5676,52,5728,-1106,0,1106
Job_073,0,5432,7051,M1,5676,91,5767,-1284,0,1284
Job_060,5,4512,6380,M8,5678,52,5730,-650,0,650
Job_072,4,5430,6551,M3,5680,26,5706,-845,0,845
Job_056,9,4206,5746,M7,5701,45,5746,0,0,0
Job_068,2,5196,6898,M3,5706,76,5782,-1116,0,1116
Job_072,5,5430,6551,M4,5706,69,5775,-776,0,776
Job_062,6,4616,6030,M0,5707,47,5754,-276,0,276
Job_074,2,5548,6675,M2,5721,9,5730,-945,0,945
Job_067,6,5147,6684,M8,5730,19,5749,-935,0,935
Job_064,7,4798,6335,M9,5743,48,5791,-544,0,544
Job_066,6,5045,6585,M5,5743,47,5790,-795,0,795
Job_062,7,4616,6030,M6,5754,65,5819,-211,0,211
Job_069,5,5251,6705,M1,5767,28,5795,-910,0,910
Job_073,1,5432,7051,M0,5767,85,5852,-1199,0,1199
Job_072,6,5430,6551,M8,5775,21,5796,-755,0,755
Job_074,3,5548,6675,M3,5782,36,5818,-857,0,857
Job_063,9,4653,5840,M4,5785,55,5840,0,0,0
Job_064,8,4798,6335,M7,5791,36,5827,-508,0,508
Job_075,0,5646,7186,M1,5795,85,5880,-1306,0,1306
Job_052,9,3984,5852,M5,5809,43,5852,0,0,0
Job_065,5,5014,6716,M9,5813,11,5824,-892,0,892
Job_066,7,5045,6585,M3,5818,52,5870,-715,0,715
Job_069,6,5251,6705,M6,5819,46,5865,-840,0,840
Job_067,7,5147,6684,M9,5824,48,5872,-812,0,812
Job_058,9,4401,5855,M8,5825,30,5855,0,0,0
Job_072,7,5430,6551,M7,5827,49,5876,-675,0,675
Job_062,8,4616,6030,M4,5840,6,5846,-184,0,184
Job_074,4,5548,6675,M4,5846,49,5895,-780,0,780
Job_068,3,5196,6898,M5,5852,51,5903,-995,0,995
Job_065,6,5014,6716,M6,5865,40,5905,-811,0,811
Job_070,3,5420,6834,M3,5870,95,5965,-869,0,869
Job_060,6,4512,6380,M7,5876,85,5961,-419,0,419
Job_072,8,5430,6551,M9,5876,72,5948,-603,0,603
Job_075,1,5646,7186,M0,5880,13,5893,-1293,0,1293
Job_075,2,5646,7186,M2,5893,61,5954,-1232,0,1232
Job_066,8,5045,6585,M4,5895,90,5985,-600,0,600
Job_074,5,5548,6675,M5,5903,11,5914,-761,0,761
Job_069,7,5251,6705,M5,5914,46,5960,-745,0,745
Job_074,6,5548,6675,M6,5914,62,5976,-699,0,699
Job_068,4,5196,6898,M2,5954,85,6039,-859,0,859
Job_067,8,5147,6684,M7,5961,36,5997,-687,0,687
Job_060,7,4512,6380,M3,5965,98,6063,-317,0,317
Job_070,4,5420,6834,M8,5965,48,6013,-821,0,821
Job_075,3,5646,7186,M6,5976,7,5983,-1203,0,1203
Job_062,9,4616,6030,M7,6005,25,6030,0,0,0
Job_070,5,5420,6834,M9,6013,72,6085,-749,0,749
Job_075,4,5646,7186,M8,6013,64,6077,-1109,0,1109
Job_074,7,5548,6675,M7,6030,56,6086,-589,0,589
Job_059,9,4461,6081,M4,6048,33,6081,0,0,0
Job_073,2,5432,7051,M3,6063,39,6102,-949,0,949
Job_071,3,5424,7292,M4,6081,99,6180,-1112,0,1112
Job_060,8,4512,6380,M9,6085,22,6107,-273,0,273
Job_070,6,5420,6834,M0,6085,47,6132,-702,0,702
Job_065,7,5014,6716,M7,6086,89,6175,-541,0,541
Job_073,3,5432,7051,M2,6102,74,6176,-875,0,875
Job_068,5,5196,6898,M9,6107,11,6118,-780,0,780
Job_075,5,5646,7186,M9,6118,76,6194,-992,0,992
Job_070,7,5420,6834,M6,6136,65,6201,-633,0,633
Job_074,8,5548,6675,M8,6151,44,6195,-480,0,480
Job_069,8,5251,6705,M7,6175,72,6247,-458,0,458
Job_075,6,5646,7186,M5,6194,47,6241,-945,0,945
Job_073,4,5432,7051,M8,6195,90,6285,-766,0,766
Job_068,6,5196,6898,M6,6201,40,6241,-657,0,657
Job_070,8,5420,6834,M4,6201,6,6207,-627,0,627
Job_065,8,5014,6716,M4,6207,26,6233,-483,0,483
Job_071,4,5424,7292,M6,6241,9,6250,-1042,0,1042
Job_068,7,5196,6898,M7,6247,89,6336,-562,0,562
Job_064,9,4798,6335,M3,6256,79,6335,0,0,0
Job_071,5,5424,7292,M8,6285,52,6337,-955,0,955
Job_073,5,5432,7051,M5,6285,10,6295,-756,0,756
Job_075,7,5646,7186,M3,6335,52,6387,-799,0,799
Job_068,8,5196,6898,M4,6336,26,6362,-536,0,536
Job_073,6,5432,7051,M7,6336,12,6348,-703,0,703
Job_060,9,4512,6380,M5,6337,43,6380,0,0,0
Job_071,6,5424,7292,M7,6348,85,6433,-859,0,859
Job_073,7,5432,7051,M6,6348,89,6437,-614,0,614
Job_075,8,5646,7186,M4,6387,90,6477,-709,0,709
Job_071,7,5424,7292,M3,6433,98,6531,-761,0,761
Job_073,8,5432,7051,M9,6437,45,6482,-569,0,569
Job_072,9,5430,6551,M6,6498,53,6551,0,0,0
Job_071,8,5424,7292,M9,6531,22,6553,-739,0,739
Job_066,9,5045,6585,M7,6540,45,6585,0,0,0
Job_065,9,5014,6716,M8,6601,74,6675,-41,0,41
Job_067,9,5147,6684,M3,6605,79,6684,0,0,0
Job_074,9,5548,6675,M9,6654,21,6675,0,0,0
Job_069,9,5251,6705,M8,6675,30,6705,0,0,0
Job_070,9,5420,6834,M7,6809,25,6834,0,0,0
Job_068,9,5196,6898,M8,6824,74,6898,0,0,0
Job_073,9,5432,7051,M4,7018,33,7051,0,0,0
Job_075,9,5646,7186,M7,7141,45,7186,0,0,0
Job_071,9,5424,7292,M5,7249,43,7292,0,0,0
