Job,Operation,Arrival,Deadline,Machine,Start,Processing Time,End,Lateness,Tardiness,Earliness
Job_158,8,11853,13040,M7,12971,30,13001,-39,0,39
Job_154,7,11661,13281,M6,13008,89,13097,-184,0,184
Job_147,9,11184,13052,M5,13009,43,13052,0,0,0
Job_158,9,11853,13040,M4,13013,55,13068,28,28,0
Job_166,1,12624,14492,M2,13017,95,13112,-1380,0,1380
Job_153,9,11601,13055,M8,13025,30,13055,0,0,0
Job_171,0,12960,14086,M0,13029,29,13058,-1028,0,1028
Job_165,2,12620,14034,M5,13052,52,13104,-930,0,930
Job_159,6,11998,13535,M8,13055,19,13074,-461,0,461
Job_163,2,12396,14098,M3,13058,76,13134,-964,0,964
Job_168,1,12632,14251,M0,13058,85,13143,-1108,0,1108
Job_169,1,12748,13875,M1,13058,78,13136,-739,0,739
Job_162,4,12347,13884,M4,13068,32,13100,-784,0,784
Job_159,7,11998,13535,M9,13091,48,13139,-396,0,396
Job_157,7,11816,13230,M6,13097,65,13162,-68,0,68
Job_161,6,12245,13785,M5,13104,47,13151,-634,0,634
Job_165,3,12620,14034,M3,13134,95,13229,-805,0,805
Job_167,2,12630,13751,M1,13136,22,13158,-593,0,593
Job_169,2,12748,13875,M2,13136,9,13145,-730,0,730
Job_154,8,11661,13281,M9,13139,45,13184,-97,0,97
Job_159,8,11998,13535,M7,13139,36,13175,-360,0,360
Job_172,0,13041,14495,M0,13143,43,13186,-1309,0,1309
Job_163,3,12396,14098,M5,13151,51,13202,-896,0,896
Job_171,1,12960,14086,M1,13158,78,13236,-850,0,850
Job_157,8,11816,13230,M4,13162,6,13168,-62,0,62
Job_162,5,12347,13884,M6,13162,88,13250,-634,0,634
Job_155,8,11712,13580,M9,13184,22,13206,-374,0,374
Job_166,2,12624,14492,M0,13186,71,13257,-1235,0,1235
Job_172,1,13041,14495,M2,13186,90,13276,-1219,0,1219
Job_167,3,12630,13751,M5,13202,61,13263,-488,0,488
Job_157,9,11816,13230,M7,13205,25,13230,0,0,0
Job_164,3,12451,13905,M9,13206,11,13217,-688,0,688
Job_160,5,12214,13916,M9,13217,11,13228,-688,0,688
Job_165,4,12620,14034,M8,13229,48,13277,-757,0,757
Job_169,3,12748,13875,M3,13229,36,13265,-610,0,610
Job_170,0,12846,14386,M1,13236,85,13321,-1065,0,1065
Job_154,9,11661,13281,M4,13248,33,13281,0,0,0
Job_160,6,12214,13916,M6,13250,40,13290,-626,0,626
Job_167,4,12630,13751,M3,13265,26,13291,-460,0,460
Job_171,2,12960,14086,M2,13276,9,13285,-801,0,801
Job_162,6,12347,13884,M8,13277,19,13296,-588,0,588
Job_165,5,12620,14034,M9,13277,72,13349,-685,0,685
Job_169,4,12748,13875,M4,13281,49,13330,-545,0,545
Job_163,4,12396,14098,M2,13285,85,13370,-728,0,728
Job_160,7,12214,13916,M7,13290,89,13379,-537,0,537
Job_164,4,12451,13905,M3,13291,69,13360,-545,0,545
Job_170,1,12846,14386,M0,13321,13,13334,-1052,0,1052
Job_177,0,13293,14480,M1,13321,46,13367,-1113,0,1113
Job_167,5,12630,13751,M4,13330,69,13399,-352,0,352
Job_169,5,12748,13875,M5,13330,11,13341,-534,0,534
Job_169,6,12748,13875,M6,13341,62,13403,-472,0,472
Job_162,7,12347,13884,M9,13349,48,13397,-487,0,487
Job_165,6,12620,14034,M0,13349,47,13396,-638,0,638
Job_161,7,12245,13785,M3,13360,52,13412,-373,0,373
Job_164,5,12451,13905,M1,13367,28,13395,-510,0,510
Job_170,2,12846,14386,M2,13370,61,13431,-955,0,955
Job_173,0,13101,14721,M1,13395,91,13486,-1235,0,1235
Job_177,1,13293,14480,M0,13396,37,13433,-1047,0,1047
Job_162,8,12347,13884,M7,13397,36,13433,-451,0,451
Job_163,5,12396,14098,M9,13397,11,13408,-690,0,690
Job_160,8,12214,13916,M4,13399,26,13425,-491,0,491
Job_167,6,12630,13751,M8,13399,21,13420,-331,0,331
Job_164,6,12451,13905,M6,13403,46,13449,-456,0,456
Job_171,3,12960,14086,M3,13412,36,13448,-638,0,638
Job_161,8,12245,13785,M4,13425,90,13515,-270,0,270
Job_175,0,13188,14309,M2,13431,14,13445,-864,0,864
Job_167,7,12630,13751,M7,13433,49,13482,-269,0,269
Job_175,1,13188,14309,M0,13445,6,13451,-858,0,858
Job_176,0,13256,14670,M2,13445,84,13529,-1141,0,1141
Job_163,6,12396,14098,M6,13449,40,13489,-609,0,609
Job_164,7,12451,13905,M5,13449,46,13495,-410,0,410
Job_159,9,11998,13535,M3,13456,79,13535,0,0,0
Job_167,8,12630,13751,M9,13482,72,13554,-197,0,197
Job_169,7,12748,13875,M7,13482,56,13538,-337,0,337
Job_173,1,13101,14721,M0,13486,85,13571,-1150,0,1150
Job_175,2,13188,14309,M1,13486,22,13508,-801,0,801
Job_170,3,12846,14386,M6,13489,7,13496,-890,0,890
Job_165,7,12620,14034,M6,13496,65,13561,-473,0,473
Job_170,4,12846,14386,M8,13496,64,13560,-826,0,826
Job_174,0,13152,15020,M1,13508,81,13589,-1431,0,1431
Job_171,4,12960,14086,M4,13515,49,13564,-522,0,522
Job_178,0,13438,14975,M2,13529,31,13560,-1415,0,1415
Job_168,2,12632,14251,M3,13535,39,13574,-677,0,677
Job_155,9,11712,13580,M5,13537,43,13580,0,0,0
Job_163,7,12396,14098,M7,13538,89,13627,-471,0,471
Job_169,8,12748,13875,M8,13560,44,13604,-271,0,271
Job_170,5,12846,14386,M9,13560,76,13636,-750,0,750
Job_165,8,12620,14034,M4,13564,6,13570,-464,0,464
Job_172,2,13041,14495,M4,13570,75,13645,-850,0,850
Job_178,1,13438,14975,M0,13571,86,13657,-1318,0,1318
Job_168,3,12632,14251,M2,13574,74,13648,-603,0,603
Job_173,2,13101,14721,M3,13574,39,13613,-1108,0,1108
Job_175,3,13188,14309,M5,13580,61,13641,-668,0,668
Job_176,1,13256,14670,M1,13589,2,13591,-1079,0,1079
Job_164,8,12451,13905,M7,13627,72,13699,-206,0,206
Job_170,6,12846,14386,M5,13641,47,13688,-698,0,698
Job_175,4,13188,14309,M3,13641,26,13667,-642,0,642
Job_163,8,12396,14098,M4,13645,26,13671,-427,0,427
Job_172,3,13041,14495,M9,13645,11,13656,-839,0,839
Job_168,4,12632,14251,M8,13648,90,13738,-513,0,513
Job_174,1,13152,15020,M2,13648,95,13743,-1277,0,1277
Job_178,2,13438,14975,M1,13657,46,13703,-1272,0,1272
Job_179,0,13654,15356,M0,13657,76,13733,-1623,0,1623
Job_172,4,13041,14495,M3,13667,69,13736,-759,0,759
Job_175,5,13188,14309,M4,13671,69,13740,-569,0,569
Job_176,2,13256,14670,M5,13688,52,13740,-930,0,930
Job_167,9,12630,13751,M6,13698,53,13751,0,0,0
Job_180,0,13685,15225,M1,13703,85,13788,-1437,0,1437
Job_177,2,13293,14480,M3,13736,61,13797,-683,0,683
Job_161,9,12245,13785,M7,13740,45,13785,0,0,0
Job_166,3,12624,14492,M4,13740,99,13839,-653,0,653
Job_171,5,12960,14086,M5,13740,11,13751,-335,0,335
Job_175,6,13188,14309,M8,13740,21,13761,-548,0,548
Job_173,3,13101,14721,M2,13743,74,13817,-904,0,904
Job_174,2,13152,15020,M0,13743,71,13814,-1206,0,1206
Job_168,5,12632,14251,M5,13751,10,13761,-490,0,490
Job_171,6,12960,14086,M6,13751,62,13813,-273,0,273
Job_178,3,13438,14975,M5,13761,74,13835,-1140,0,1140
Job_168,6,12632,14251,M7,13785,12,13797,-454,0,454
Job_172,5,13041,14495,M1,13788,28,13816,-679,0,679
Job_175,7,13188,14309,M7,13797,49,13846,-463,0,463
Job_160,9,12214,13916,M8,13801,74,13875,-41,0,41
Job_162,9,12347,13884,M3,13805,79,13884,0,0,0
Job_180,1,13685,15225,M0,13814,13,13827,-1398,0,1398
Job_172,6,13041,14495,M6,13816,46,13862,-633,0,633
Job_179,1,13654,15356,M1,13816,69,13885,-1471,0,1471
Job_181,0,13787,15324,M2,13817,31,13848,-1476,0,1476
Job_182,0,13836,15538,M0,13836,76,13912,-1626,0,1626
Job_174,3,13152,15020,M4,13839,99,13938,-1082,0,1082
Job_171,7,12960,14086,M7,13846,56,13902,-184,0,184
Job_180,2,13685,15225,M2,13848,61,13909,-1316,0,1316
Job_169,9,12748,13875,M9,13854,21,13875,0,0,0
Job_166,4,12624,14492,M6,13862,9,13871,-621,0,621
Job_172,7,13041,14495,M5,13862,46,13908,-587,0,587
Job_168,7,12632,14251,M6,13871,89,13960,-291,0,291
Job_164,9,12451,13905,M8,13875,30,13905,0,0,0
Job_175,8,13188,14309,M9,13875,72,13947,-362,0,362
Job_170,7,12846,14386,M3,13884,52,13936,-450,0,450
Job_171,8,12960,14086,M8,13905,44,13949,-137,0,137
Job_172,8,13041,14495,M7,13908,72,13980,-515,0,515
Job_177,3,13293,14480,M2,13909,13,13922,-558,0,558
Job_181,1,13787,15324,M0,13912,86,13998,-1326,0,1326
Job_182,1,13836,15538,M1,13912,69,13981,-1557,0,1557
Job_176,3,13256,14670,M3,13936,95,14031,-639,0,639
Job_170,8,12846,14386,M4,13938,90,14028,-358,0,358
Job_166,5,12624,14492,M8,13949,52,14001,-491,0,491
Job_168,8,12632,14251,M9,13960,45,14005,-246,0,246
Job_180,3,13685,15225,M6,13960,7,13967,-1258,0,1258
Job_177,4,13293,14480,M6,13967,32,13999,-481,0,481
Job_181,2,13787,15324,M1,13998,46,14044,-1280,0,1280
Job_183,0,13891,15345,M0,13998,43,14041,-1304,0,1304
Job_174,4,13152,15020,M6,13999,9,14008,-1012,0,1012
Job_177,5,13293,14480,M5,13999,21,14020,-460,0,460
Job_165,9,12620,14034,M7,14009,25,14034,0,0,0
Job_177,6,13293,14480,M9,14020,32,14052,-428,0,428
Job_163,9,12396,14098,M8,14024,74,14098,0,0,0
Job_178,4,13438,14975,M4,14028,32,14060,-915,0,915
Job_179,2,13654,15356,M3,14031,76,14107,-1249,0,1249
Job_166,6,12624,14492,M7,14034,85,14119,-373,0,373
Job_183,1,13891,15345,M2,14041,90,14131,-1214,0,1214
Job_181,3,13787,15324,M5,14044,74,14118,-1206,0,1206
Job_178,5,13438,14975,M6,14060,88,14148,-827,0,827
Job_185,0,14064,15932,M1,14064,81,14145,-1787,0,1787
Job_171,9,12960,14086,M9,14065,21,14086,0,0,0
Job_173,4,13101,14721,M8,14098,90,14188,-533,0,533
Job_182,2,13836,15538,M3,14107,76,14183,-1355,0,1355
Job_179,3,13654,15356,M5,14118,51,14169,-1187,0,1187
Job_181,4,13787,15324,M4,14118,32,14150,-1174,0,1174
Job_186,0,14070,15191,M2,14131,14,14145,-1046,0,1046
Job_184,0,14060,15474,M2,14145,84,14229,-1245,0,1245
Job_186,1,14070,15191,M0,14145,6,14151,-1040,0,1040
Job_187,0,14072,15691,M1,14145,91,14236,-1455,0,1455
Job_181,5,13787,15324,M6,14150,88,14238,-1086,0,1086
Job_166,7,12624,14492,M3,14183,98,14281,-211,0,211
Job_182,3,13836,15538,M5,14183,51,14234,-1304,0,1304
Job_174,5,13152,15020,M8,14188,52,14240,-780,0,780
Job_188,0,14188,15315,M0,14188,29,14217,-1098,0,1098
Job_168,9,12632,14251,M4,14218,33,14251,0,0,0
Job_179,4,13654,15356,M2,14229,85,14314,-1042,0,1042
Job_173,5,13101,14721,M5,14234,10,14244,-477,0,477
Job_187,1,14072,15691,M0,14236,85,14321,-1370,0,1370
Job_188,1,14188,15315,M1,14236,78,14314,-1001,0,1001
Job_180,4,13685,15225,M8,14240,64,14304,-921,0,921
Job_173,6,13101,14721,M7,14244,12,14256,-465,0,465
Job_183,2,13891,15345,M4,14251,75,14326,-1019,0,1019
Job_174,6,13152,15020,M7,14256,85,14341,-679,0,679
Job_175,9,13188,14309,M6,14256,53,14309,0,0,0
Job_166,8,12624,14492,M9,14281,22,14303,-189,0,189
Job_177,7,13293,14480,M8,14304,89,14393,-87,0,87
Job_173,7,13101,14721,M6,14309,89,14398,-323,0,323
Job_179,5,13654,15356,M9,14314,11,14325,-1031,0,1031
Job_186,2,14070,15191,M1,14314,22,14336,-855,0,855
Job_188,2,14188,15315,M2,14314,9,14323,-992,0,992
Job_187,2,14072,15691,M3,14321,39,14360,-1331,0,1331
Job_182,4,13836,15538,M2,14323,85,14408,-1130,0,1130
Job_183,3,13891,15345,M9,14326,11,14337,-1008,0,1008
Job_184,1,14060,15474,M1,14336,2,14338,-1136,0,1136
Job_186,3,14070,15191,M5,14336,61,14397,-794,0,794
Job_180,5,13685,15225,M9,14337,76,14413,-812,0,812
Job_189,0,14286,15826,M1,14338,85,14423,-1403,0,1403
Job_170,9,12846,14386,M7,14341,45,14386,0,0,0
Job_188,3,14188,15315,M3,14360,36,14396,-919,0,919
Job_176,4,13256,14670,M8,14393,48,14441,-229,0,229
Job_177,8,13293,14480,M7,14393,30,14423,-57,0,57
Job_183,4,13891,15345,M3,14396,69,14465,-880,0,880
Job_184,2,14060,15474,M5,14397,52,14449,-1025,0,1025
Job_179,6,13654,15356,M6,14398,40,14438,-918,0,918
Job_190,0,14400,15526,M0,14400,29,14429,-1097,0,1097
Job_187,3,14072,15691,M2,14408,74,14482,-1209,0,1209
Job_182,5,13836,15538,M9,14413,11,14424,-1114,0,1114
Job_177,9,13293,14480,M4,14425,55,14480,0,0,0
Job_189,1,14286,15826,M0,14429,13,14442,-1384,0,1384
Job_190,1,14400,15526,M1,14429,78,14507,-1019,0,1019
Job_179,7,13654,15356,M7,14438,89,14527,-829,0,829
Job_182,6,13836,15538,M6,14438,40,14478,-1060,0,1060
Job_176,5,13256,14670,M9,14441,72,14513,-157,0,157
Job_181,6,13787,15324,M8,14441,19,14460,-864,0,864
Job_166,9,12624,14492,M5,14449,43,14492,0,0,0
Job_172,9,13041,14495,M8,14465,30,14495,0,0,0
Job_186,4,14070,15191,M3,14465,26,14491,-700,0,700
Job_188,4,14188,15315,M4,14480,49,14529,-786,0,786
Job_191,0,14481,15935,M0,14481,43,14524,-1411,0,1411
Job_189,2,14286,15826,M2,14482,61,14543,-1283,0,1283
Job_174,7,13152,15020,M3,14491,98,14589,-431,0,431
Job_180,6,13685,15225,M5,14492,47,14539,-686,0,686
Job_187,4,14072,15691,M8,14495,90,14585,-1106,0,1106
Job_183,5,13891,15345,M1,14507,28,14535,-810,0,810
Job_181,7,13787,15324,M9,14513,48,14561,-763,0,763
Job_176,6,13256,14670,M0,14524,47,14571,-99,0,99
Job_186,5,14070,15191,M4,14529,69,14598,-593,0,593
Job_188,5,14188,15315,M5,14539,11,14550,-765,0,765
Job_192,0,14541,16161,M1,14541,91,14632,-1529,0,1529
Job_189,3,14286,15826,M6,14543,7,14550,-1276,0,1276
Job_190,2,14400,15526,M2,14543,9,14552,-974,0,974
Job_185,1,14064,15932,M2,14552,95,14647,-1285,0,1285
Job_181,8,13787,15324,M7,14561,36,14597,-727,0,727
Job_176,7,13256,14670,M6,14571,65,14636,-34,0,34
Job_178,6,13438,14975,M8,14585,19,14604,-371,0,371
Job_187,5,14072,15691,M5,14585,10,14595,-1096,0,1096
Job_174,8,13152,15020,M9,14589,22,14611,-409,0,409
Job_180,7,13685,15225,M3,14589,52,14641,-584,0,584
Job_187,6,14072,15691,M7,14597,12,14609,-1082,0,1082
Job_179,8,13654,15356,M4,14598,26,14624,-732,0,732
Job_186,6,14070,15191,M8,14604,21,14625,-566,0,566
Job_173,8,13101,14721,M9,14611,45,14656,-65,0,65
Job_189,4,14286,15826,M8,14625,64,14689,-1137,0,1137
Job_192,1,14541,16161,M0,14632,85,14717,-1444,0,1444
Job_193,0,14592,16460,M1,14632,81,14713,-1747,0,1747
Job_176,8,13256,14670,M4,14636,6,14642,-28,0,28
Job_183,6,13891,15345,M6,14636,46,14682,-663,0,663
Job_184,3,14060,15474,M3,14641,95,14736,-738,0,738
Job_176,9,13256,14670,M7,14645,25,14670,0,0,0
Job_194,0,14628,15749,M2,14647,14,14661,-1088,0,1088
Job_178,7,13438,14975,M9,14656,48,14704,-271,0,271
Job_191,1,14481,15935,M2,14661,90,14751,-1184,0,1184
Job_186,7,14070,15191,M7,14670,49,14719,-472,0,472
Job_183,7,13891,15345,M5,14682,46,14728,-617,0,617
Job_188,6,14188,15315,M6,14682,62,14744,-571,0,571
Job_173,9,13101,14721,M4,14688,33,14721,0,0,0
Job_194,1,14628,15749,M0,14717,6,14723,-1026,0,1026
Job_178,8,13438,14975,M7,14719,36,14755,-220,0,220
Job_186,8,14070,15191,M9,14719,72,14791,-400,0,400
Job_180,8,13685,15225,M4,14721,90,14811,-414,0,414
Job_185,2,14064,15932,M0,14723,71,14794,-1138,0,1138
Job_194,2,14628,15749,M1,14723,22,14745,-1004,0,1004
Job_184,4,14060,15474,M8,14736,48,14784,-690,0,690
Job_190,3,14400,15526,M3,14736,36,14772,-754,0,754
Job_187,7,14072,15691,M6,14744,89,14833,-858,0,858
Job_194,3,14628,15749,M5,14745,61,14806,-943,0,943
Job_196,0,14733,15920,M1,14745,46,14791,-1129,0,1129
Job_195,0,14696,16110,M2,14751,84,14835,-1275,0,1275
Job_188,7,14188,15315,M7,14755,56,14811,-504,0,504
Job_192,2,14541,16161,M3,14772,39,14811,-1350,0,1350
Job_189,5,14286,15826,M9,14791,76,14867,-959,0,959
Job_196,1,14733,15920,M0,14794,37,14831,-1089,0,1089
Job_183,8,13891,15345,M7,14811,72,14883,-462,0,462
Job_188,8,14188,15315,M8,14811,44,14855,-460,0,460
Job_190,4,14400,15526,M4,14811,49,14860,-666,0,666
Job_194,4,14628,15749,M3,14811,26,14837,-912,0,912
Job_192,3,14541,16161,M2,14835,74,14909,-1252,0,1252
Job_195,1,14696,16110,M1,14835,2,14837,-1273,0,1273
Job_195,2,14696,16110,M5,14837,52,14889,-1221,0,1221
Job_191,2,14481,15935,M4,14860,75,14935,-1000,0,1000
Job_184,5,14060,15474,M9,14867,72,14939,-535,0,535
Job_182,7,13836,15538,M7,14883,89,14972,-566,0,566
Job_190,5,14400,15526,M5,14889,11,14900,-626,0,626
Job_178,9,13438,14975,M3,14896,79,14975,0,0,0
Job_189,6,14286,15826,M5,14900,47,14947,-879,0,879
Job_190,6,14400,15526,M6,14900,62,14962,-564,0,564
Job_192,4,14541,16161,M8,14909,90,14999,-1162,0,1162
Job_193,1,14592,16460,M2,14909,95,15004,-1456,0,1456
Job_194,5,14628,15749,M4,14935,69,15004,-745,0,745
Job_184,6,14060,15474,M0,14939,47,14986,-488,0,488
Job_191,3,14481,15935,M9,14939,11,14950,-985,0,985
Job_187,8,14072,15691,M9,14950,45,14995,-696,0,696
Job_190,7,14400,15526,M7,14972,56,15028,-498,0,498
Job_191,4,14481,15935,M3,14975,69,15044,-891,0,891
Job_174,9,13152,15020,M5,14977,43,15020,0,0,0
Job_184,7,14060,15474,M6,14986,65,15051,-423,0,423
Job_182,8,13836,15538,M4,15004,26,15030,-508,0,508
Job_193,2,14592,16460,M0,15004,71,15075,-1385,0,1385
Job_194,6,14628,15749,M8,15004,21,15025,-724,0,724
Job_197,0,14878,16415,M2,15004,31,15035,-1380,0,1380
Job_192,5,14541,16161,M5,15020,10,15030,-1131,0,1131
Job_190,8,14400,15526,M8,15028,44,15072,-454,0,454
Job_194,7,14628,15749,M7,15028,49,15077,-672,0,672
Job_185,3,14064,15932,M4,15030,99,15129,-803,0,803
Job_191,5,14481,15935,M1,15044,28,15072,-863,0,863
Job_196,2,14733,15920,M3,15044,61,15105,-815,0,815
Job_191,6,14481,15935,M6,15072,46,15118,-817,0,817
Job_197,1,14878,16415,M0,15075,86,15161,-1254,0,1254
Job_192,6,14541,16161,M7,15077,12,15089,-1072,0,1072
Job_194,8,14628,15749,M9,15077,72,15149,-600,0,600
Job_189,7,14286,15826,M3,15105,52,15157,-669,0,669
Job_196,3,14733,15920,M2,15105,13,15118,-802,0,802
Job_191,7,14481,15935,M5,15118,46,15164,-771,0,771
Job_199,0,15125,16665,M1,15125,85,15210,-1455,0,1455
Job_184,8,14060,15474,M4,15129,6,15135,-339,0,339
Job_185,4,14064,15932,M6,15129,9,15138,-794,0,794
Job_193,3,14592,16460,M4,15135,99,15234,-1226,0,1226
Job_185,5,14064,15932,M8,15138,52,15190,-742,0,742
Job_186,9,14070,15191,M6,15138,53,15191,0,0,0
Job_198,0,15094,16796,M0,15161,76,15237,-1559,0,1559
Job_180,9,13685,15225,M7,15180,45,15225,0,0,0
Job_196,4,14733,15920,M6,15191,32,15223,-697,0,697
Job_197,2,14878,16415,M1,15210,46,15256,-1159,0,1159
Job_192,7,14541,16161,M6,15223,89,15312,-849,0,849
Job_196,5,14733,15920,M5,15223,21,15244,-676,0,676
Job_185,6,14064,15932,M7,15225,85,15310,-622,0,622
Job_200,0,15227,16764,M2,15227,31,15258,-1506,0,1506
Job_189,8,14286,15826,M4,15234,90,15324,-502,0,502
Job_199,1,15125,16665,M0,15237,13,15250,-1415,0,1415
Job_179,9,13654,15356,M8,15241,74,15315,-41,0,41
Job_196,6,14733,15920,M9,15244,32,15276,-644,0,644
Job_181,9,13787,15324,M3,15245,79,15324,0,0,0
Job_197,3,14878,16415,M5,15256,74,15330,-1085,0,1085
Job_198,1,15094,16796,M1,15256,69,15325,-1471,0,1471
Job_199,2,15125,16665,M2,15258,61,15319,-1346,0,1346
Job_200,1,15227,16764,M0,15258,86,15344,-1420,0,1420
Job_188,9,14188,15315,M9,15294,21,15315,0,0,0
Job_191,8,14481,15935,M7,15310,72,15382,-553,0,553
Job_193,4,14592,16460,M6,15312,9,15321,-1139,0,1139
Job_183,9,13891,15345,M8,15315,30,15345,0,0,0
Job_192,8,14541,16161,M9,15315,45,15360,-801,0,801
Job_199,3,15125,16665,M6,15321,7,15328,-1337,0,1337
Job_195,3,14696,16110,M3,15324,95,15419,-691,0,691
Job_197,4,14878,16415,M4,15330,32,15362,-1053,0,1053
Job_200,2,15227,16764,M1,15344,46,15390,-1374,0,1374
Job_202,0,15331,16785,M0,15344,43,15387,-1398,0,1398
Job_193,5,14592,16460,M8,15345,52,15397,-1063,0,1063
Job_197,5,14878,16415,M6,15362,88,15450,-965,0,965
Job_201,0,15276,16978,M0,15387,76,15463,-1515,0,1515
Job_202,1,15331,16785,M2,15387,90,15477,-1308,0,1308
Job_200,3,15227,16764,M5,15390,74,15464,-1300,0,1300
Job_199,4,15125,16665,M8,15397,64,15461,-1204,0,1204
Job_185,7,14064,15932,M3,15419,98,15517,-415,0,415
Job_184,9,14060,15474,M7,15449,25,15474,0,0,0
Job_201,1,15276,16978,M1,15463,69,15532,-1446,0,1446
Job_182,9,13836,15538,M8,15464,74,15538,0,0,0
Job_200,4,15227,16764,M4,15464,32,15496,-1268,0,1268
Job_193,6,14592,16460,M7,15474,85,15559,-901,0,901
Job_200,5,15227,16764,M6,15496,88,15584,-1180,0,1180
Job_202,2,15331,16785,M4,15496,75,15571,-1214,0,1214
Job_203,0,15500,16914,M2,15500,84,15584,-1330,0,1330
Job_190,9,14400,15526,M9,15505,21,15526,0,0,0
Job_198,2,15094,16796,M3,15517,76,15593,-1203,0,1203
Job_185,8,14064,15932,M9,15526,22,15548,-384,0,384
Job_206,0,15512,17131,M1,15532,91,15623,-1508,0,1508
Job_196,7,14733,15920,M8,15538,89,15627,-293,0,293
Job_202,3,15331,16785,M9,15571,11,15582,-1203,0,1203
Job_199,5,15125,16665,M9,15582,76,15658,-1007,0,1007
Job_205,0,15510,16631,M2,15584,14,15598,-1033,0,1033
Job_193,7,14592,16460,M3,15593,98,15691,-769,0,769
Job_198,3,15094,16796,M5,15593,51,15644,-1152,0,1152
Job_205,1,15510,16631,M0,15598,6,15604,-1027,0,1027
Job_205,2,15510,16631,M1,15623,22,15645,-986,0,986
Job_206,1,15512,17131,M0,15623,85,15708,-1423,0,1423
Job_195,4,14696,16110,M8,15627,48,15675,-435,0,435
Job_196,8,14733,15920,M7,15627,30,15657,-263,0,263
Job_198,4,15094,16796,M2,15644,85,15729,-1067,0,1067
Job_203,1,15500,16914,M1,15645,2,15647,-1267,0,1267
Job_205,3,15510,16631,M5,15645,61,15706,-925,0,925
Job_204,0,15504,17372,M1,15647,81,15728,-1644,0,1644
Job_187,9,14072,15691,M4,15658,33,15691,0,0,0
Job_195,5,14696,16110,M9,15675,72,15747,-363,0,363
Job_197,6,14878,16415,M8,15675,19,15694,-721,0,721
Job_202,4,15331,16785,M3,15691,69,15760,-1025,0,1025
Job_200,6,15227,16764,M8,15694,19,15713,-1051,0,1051
Job_194,9,14628,15749,M6,15696,53,15749,0,0,0
Job_203,2,15500,16914,M5,15706,52,15758,-1156,0,1156
Job_207,0,15628,16755,M0,15708,29,15737,-1018,0,1018
Job_208,0,15726,17266,M1,15728,85,15813,-1453,0,1453
Job_204,1,15504,17372,M2,15729,95,15824,-1548,0,1548
Job_195,6,14696,16110,M0,15747,47,15794,-316,0,316
Job_197,7,14878,16415,M9,15747,48,15795,-620,0,620
Job_199,6,15125,16665,M5,15758,47,15805,-860,0,860
Job_205,4,15510,16631,M3,15760,26,15786,-845,0,845
Job_189,9,14286,15826,M7,15781,45,15826,0,0,0
Job_201,2,15276,16978,M3,15786,76,15862,-1116,0,1116
Job_205,5,15510,16631,M4,15786,69,15855,-776,0,776
Job_195,7,14696,16110,M6,15794,65,15859,-251,0,251
Job_193,8,14592,16460,M9,15795,22,15817,-643,0,643
Job_207,1,15628,16755,M1,15813,78,15891,-864,0,864
Job_208,1,15726,17266,M0,15813,13,15826,-1440,0,1440
Job_198,5,15094,16796,M9,15817,11,15828,-968,0,968
Job_197,8,14878,16415,M7,15826,36,15862,-553,0,553
Job_204,2,15504,17372,M0,15826,71,15897,-1475,0,1475
Job_208,2,15726,17266,M2,15826,61,15887,-1379,0,1379
Job_200,7,15227,16764,M9,15828,48,15876,-888,0,888
Job_205,6,15510,16631,M8,15855,21,15876,-755,0,755
Job_195,8,14696,16110,M4,15859,6,15865,-245,0,245
Job_203,3,15500,16914,M3,15862,95,15957,-957,0,957
Job_196,9,14733,15920,M4,15865,55,15920,0,0,0
Job_205,7,15510,16631,M7,15876,49,15925,-706,0,706
Job_208,3,15726,17266,M6,15887,7,15894,-1372,0,1372
Job_185,9,14064,15932,M5,15889,43,15932,0,0,0
Job_202,5,15331,16785,M1,15891,28,15919,-866,0,866
Job_207,2,15628,16755,M2,15891,9,15900,-855,0,855
Job_198,6,15094,16796,M6,15894,40,15934,-862,0,862
Job_209,0,15840,16966,M0,15897,29,15926,-1040,0,1040
Job_191,9,14481,15935,M8,15905,30,15935,0,0,0
Job_204,3,15504,17372,M4,15920,99,16019,-1353,0,1353
Job_205,8,15510,16631,M9,15925,72,15997,-634,0,634
Job_209,1,15840,16966,M1,15926,78,16004,-962,0,962
Job_210,0,15921,17375,M0,15926,43,15969,-1406,0,1406
Job_201,3,15276,16978,M5,15932,51,15983,-995,0,995
Job_198,7,15094,16796,M7,15934,89,16023,-773,0,773
Job_202,6,15331,16785,M6,15934,46,15980,-805,0,805
Job_208,4,15726,17266,M8,15935,64,15999,-1267,0,1267
Job_207,3,15628,16755,M3,15957,36,15993,-762,0,762
Job_210,1,15921,17375,M2,15969,90,16059,-1316,0,1316
Job_202,7,15331,16785,M5,15983,46,16029,-756,0,756
Job_199,7,15125,16665,M3,15993,52,16045,-620,0,620
Job_203,4,15500,16914,M8,15999,48,16047,-867,0,867
Job_208,5,15726,17266,M9,15999,76,16075,-1191,0,1191
Job_211,0,15981,17601,M1,16004,91,16095,-1506,0,1506
Job_204,4,15504,17372,M6,16019,9,16028,-1344,0,1344
Job_207,4,15628,16755,M4,16019,49,16068,-687,0,687
Job_200,8,15227,16764,M7,16023,36,16059,-705,0,705
Job_206,2,15512,17131,M3,16045,39,16084,-1047,0,1047
Job_204,5,15504,17372,M8,16047,52,16099,-1273,0,1273
Job_209,2,15840,16966,M2,16059,9,16068,-898,0,898
Job_198,8,15094,16796,M4,16068,26,16094,-702,0,702
Job_201,4,15276,16978,M2,16068,85,16153,-825,0,825
Job_207,5,15628,16755,M5,16068,11,16079,-676,0,676
Job_203,5,15500,16914,M9,16075,72,16147,-767,0,767
Job_207,6,15628,16755,M6,16079,62,16141,-614,0,614
Job_208,6,15726,17266,M5,16079,47,16126,-1140,0,1140
Job_209,3,15840,16966,M3,16084,36,16120,-846,0,846
Job_195,9,14696,16110,M7,16085,25,16110,0,0,0
Job_211,1,15981,17601,M0,16095,85,16180,-1421,0,1421
Job_212,0,16032,17900,M1,16095,81,16176,-1724,0,1724
Job_202,8,15331,16785,M7,16110,72,16182,-603,0,603
Job_208,7,15726,17266,M3,16126,52,16178,-1088,0,1088
Job_192,9,14541,16161,M4,16128,33,16161,0,0,0
Job_201,5,15276,16978,M9,16153,11,16164,-814,0,814
Job_206,3,15512,17131,M2,16153,74,16227,-904,0,904
Job_199,8,15125,16665,M4,16161,90,16251,-414,0,414
Job_201,6,15276,16978,M6,16164,40,16204,-774,0,774
Job_215,0,16173,17360,M1,16176,46,16222,-1138,0,1138
Job_203,6,15500,16914,M0,16180,47,16227,-687,0,687
Job_211,2,15981,17601,M3,16180,39,16219,-1382,0,1382
Job_207,7,15628,16755,M7,16182,56,16238,-517,0,517
Job_203,7,15500,16914,M6,16227,65,16292,-622,0,622
Job_206,4,15512,17131,M8,16227,90,16317,-814,0,814
Job_213,0,16068,17189,M2,16227,14,16241,-948,0,948
Job_215,1,16173,17360,M0,16227,37,16264,-1096,0,1096
Job_201,7,15276,16978,M7,16238,89,16327,-651,0,651
Job_214,0,16136,17550,M2,16241,84,16325,-1225,0,1225
Job_209,4,15840,16966,M4,16251,49,16300,-666,0,666
Job_213,1,16068,17189,M0,16264,6,16270,-919,0,919
Job_215,2,16173,17360,M3,16264,61,16325,-1035,0,1035
Job_213,2,16068,17189,M1,16270,22,16292,-897,0,897
Job_213,3,16068,17189,M5,16292,61,16353,-836,0,836
Job_203,8,15500,16914,M4,16300,6,16306,-608,0,608
Job_210,2,15921,17375,M4,16306,75,16381,-994,0,994
Job_207,8,15628,16755,M8,16317,44,16361,-394,0,394
Job_214,1,16136,17550,M1,16325,2,16327,-1223,0,1223
Job_215,3,16173,17360,M2,16325,13,16338,-1022,0,1022
Job_204,6,15504,17372,M7,16327,85,16412,-960,0,960
Job_197,9,14878,16415,M3,16336,79,16415,0,0,0
Job_211,3,15981,17601,M2,16338,74,16412,-1189,0,1189
Job_215,4,16173,17360,M6,16338,32,16370,-990,0,990
Job_209,5,15840,16966,M5,16353,11,16364,-602,0,602
Job_206,5,15512,17131,M5,16364,10,16374,-757,0,757
Job_209,6,15840,16966,M6,16370,62,16432,-534,0,534
Job_215,5,16173,17360,M5,16374,21,16395,-965,0,965
Job_201,8,15276,16978,M4,16381,26,16407,-571,0,571
Job_210,3,15921,17375,M9,16381,11,16392,-983,0,983
Job_215,6,16173,17360,M9,16395,32,16427,-933,0,933
Job_208,8,15726,17266,M4,16407,90,16497,-769,0,769
Job_206,6,15512,17131,M7,16412,12,16424,-707,0,707
Job_211,4,15981,17601,M8,16412,90,16502,-1099,0,1099
Job_212,1,16032,17900,M2,16412,95,16507,-1393,0,1393
Job_213,4,16068,17189,M3,16415,26,16441,-748,0,748
Job_193,9,14592,16460,M5,16417,43,16460,0,0,0
Job_206,7,15512,17131,M6,16432,89,16521,-610,0,610
Job_209,7,15840,16966,M7,16432,56,16488,-478,0,478
Job_210,4,15921,17375,M3,16441,69,16510,-865,0,865
Job_214,2,16136,17550,M5,16460,52,16512,-1038,0,1038
Job_213,5,16068,17189,M4,16497,69,16566,-623,0,623
Job_209,8,15840,16966,M8,16502,44,16546,-420,0,420
Job_212,2,16032,17900,M0,16507,71,16578,-1322,0,1322
Job_216,0,16318,17855,M2,16507,31,16538,-1317,0,1317
Job_204,7,15504,17372,M3,16510,98,16608,-764,0,764
Job_210,5,15921,17375,M1,16510,28,16538,-837,0,837
Job_211,5,15981,17601,M5,16512,10,16522,-1079,0,1079
Job_206,8,15512,17131,M9,16521,45,16566,-565,0,565
Job_211,6,15981,17601,M7,16522,12,16534,-1067,0,1067
Job_215,7,16173,17360,M8,16546,89,16635,-725,0,725
Job_218,0,16565,18105,M1,16565,85,16650,-1455,0,1455
Job_205,9,15510,16631,M6,16578,53,16631,0,0,0
Job_212,3,16032,17900,M4,16578,99,16677,-1223,0,1223
Job_216,1,16318,17855,M0,16578,86,16664,-1191,0,1191
Job_204,8,15504,17372,M9,16608,22,16630,-742,0,742
Job_199,9,15125,16665,M7,16620,45,16665,0,0,0
Job_210,6,15921,17375,M6,16631,46,16677,-698,0,698
Job_213,6,16068,17189,M8,16635,21,16656,-533,0,533
Job_216,2,16318,17855,M1,16664,46,16710,-1145,0,1145
Job_217,0,16534,18236,M0,16664,76,16740,-1496,0,1496
Job_213,7,16068,17189,M7,16665,49,16714,-475,0,475
Job_219,0,16667,18204,M2,16667,31,16698,-1506,0,1506
Job_210,7,15921,17375,M5,16677,46,16723,-652,0,652
Job_211,7,15981,17601,M6,16677,89,16766,-835,0,835
Job_198,9,15094,16796,M8,16681,74,16755,-41,0,41
Job_200,9,15227,16764,M3,16685,79,16764,0,0,0
Job_215,8,16173,17360,M7,16714,30,16744,-616,0,616
Job_216,3,16318,17855,M5,16723,74,16797,-1058,0,1058
Job_207,9,15628,16755,M9,16734,21,16755,0,0,0
Job_217,1,16534,18236,M1,16740,69,16809,-1427,0,1427
Job_218,1,16565,18105,M0,16740,13,16753,-1352,0,1352
Job_210,8,15921,17375,M7,16744,72,16816,-559,0,559
Job_218,2,16565,18105,M2,16753,61,16814,-1291,0,1291
Job_219,1,16667,18204,M0,16753,86,16839,-1365,0,1365
Job_202,9,15331,16785,M8,16755,30,16785,0,0,0
Job_213,8,16068,17189,M9,16755,72,16827,-362,0,362
Job_214,3,16136,17550,M3,16764,95,16859,-691,0,691
Job_212,4,16032,17900,M6,16766,9,16775,-1125,0,1125
Job_212,5,16032,17900,M8,16785,52,16837,-1063,0,1063
Job_216,4,16318,17855,M4,16797,32,16829,-1026,0,1026
Job_218,3,16565,18105,M6,16814,7,16821,-1284,0,1284
Job_211,8,15981,17601,M9,16827,45,16872,-729,0,729
Job_216,5,16318,17855,M6,16829,88,16917,-938,0,938
Job_218,4,16565,18105,M8,16837,64,16901,-1204,0,1204
Job_219,2,16667,18204,M1,16839,46,16885,-1319,0,1319
Job_221,0,16771,18225,M0,16839,43,16882,-1343,0,1343
Job_217,2,16534,18236,M3,16859,76,16935,-1301,0,1301
Job_220,0,16716,18418,M0,16882,76,16958,-1460,0,1460
Job_221,1,16771,18225,M2,16882,90,16972,-1253,0,1253
Job_219,3,16667,18204,M5,16885,74,16959,-1245,0,1245
Job_203,9,15500,16914,M7,16889,25,16914,0,0,0
Job_201,9,15276,16978,M8,16904,74,16978,0,0,0
Job_212,6,16032,17900,M7,16914,85,16999,-901,0,901
Job_223,0,16944,18812,M1,16944,81,17025,-1787,0,1787
Job_209,9,15840,16966,M9,16945,21,16966,0,0,0
Job_217,3,16534,18236,M5,16959,51,17010,-1226,0,1226
Job_219,4,16667,18204,M4,16959,32,16991,-1213,0,1213
Job_218,5,16565,18105,M9,16966,76,17042,-1063,0,1063
Job_224,0,16950,18071,M2,16972,14,16986,-1085,0,1085
Job_214,4,16136,17550,M8,16978,48,17026,-524,0,524
Job_222,0,16940,18354,M2,16986,84,17070,-1284,0,1284
Job_224,1,16950,18071,M0,16986,6,16992,-1079,0,1079
Job_219,5,16667,18204,M6,16991,88,17079,-1125,0,1125
Job_221,2,16771,18225,M4,16991,75,17066,-1159,0,1159
Job_212,7,16032,17900,M3,16999,98,17097,-803,0,803
Job_224,2,16950,18071,M1,17025,22,17047,-1024,0,1024
Job_216,6,16318,17855,M8,17026,19,17045,-810,0,810
Job_214,5,16136,17550,M9,17042,72,17114,-436,0,436
Job_218,6,16565,18105,M5,17042,47,17089,-1016,0,1016
Job_220,1,16716,18418,M1,17047,69,17116,-1302,0,1302
Job_226,0,17068,18195,M0,17068,29,17097,-1098,0,1098
Job_217,4,16534,18236,M2,17070,85,17155,-1081,0,1081
Job_219,6,16667,18204,M8,17079,19,17098,-1106,0,1106
Job_224,3,16950,18071,M5,17089,61,17150,-921,0,921
Job_218,7,16565,18105,M3,17097,52,17149,-956,0,956
Job_206,9,15512,17131,M4,17098,33,17131,0,0,0
Job_214,6,16136,17550,M0,17114,47,17161,-389,0,389
Job_216,7,16318,17855,M9,17114,48,17162,-693,0,693
Job_226,1,17068,18195,M1,17116,78,17194,-1001,0,1001
Job_213,9,16068,17189,M6,17136,53,17189,0,0,0
Job_218,8,16565,18105,M4,17149,90,17239,-866,0,866
Job_220,2,16716,18418,M3,17149,76,17225,-1193,0,1193
Job_223,1,16944,18812,M2,17155,95,17250,-1562,0,1562
Job_212,8,16032,17900,M9,17162,22,17184,-716,0,716
Job_216,8,16318,17855,M7,17162,36,17198,-657,0,657
Job_221,3,16771,18225,M9,17184,11,17195,-1030,0,1030
Job_214,7,16136,17550,M6,17189,65,17254,-296,0,296
Job_222,1,16940,18354,M1,17194,2,17196,-1158,0,1158
Job_217,5,16534,18236,M9,17195,11,17206,-1030,0,1030
Job_222,2,16940,18354,M5,17196,52,17248,-1106,0,1106
Job_225,0,16952,18571,M1,17196,91,17287,-1284,0,1284
Job_219,7,16667,18204,M9,17206,48,17254,-950,0,950
Job_208,9,15726,17266,M7,17221,45,17266,0,0,0
Job_224,4,16950,18071,M3,17225,26,17251,-820,0,820
Job_220,3,16716,18418,M5,17248,51,17299,-1119,0,1119
Job_223,2,16944,18812,M0,17250,71,17321,-1491,0,1491
Job_226,2,17068,18195,M2,17250,9,17259,-936,0,936
Job_221,4,16771,18225,M3,17251,69,17320,-905,0,905
Job_214,8,16136,17550,M4,17254,6,17260,-290,0,290
Job_217,6,16534,18236,M6,17254,40,17294,-942,0,942
Job_219,8,16667,18204,M7,17266,36,17302,-902,0,902
Job_227,0,17166,18706,M1,17287,85,17372,-1334,0,1334
Job_220,4,16716,18418,M2,17299,85,17384,-1034,0,1034
Job_217,7,16534,18236,M7,17302,89,17391,-845,0,845
Job_215,9,16173,17360,M4,17305,55,17360,0,0,0
Job_226,3,17068,18195,M3,17320,36,17356,-839,0,839
Job_225,1,16952,18571,M0,17321,85,17406,-1165,0,1165
Job_204,9,15504,17372,M5,17329,43,17372,0,0,0
Job_210,9,15921,17375,M8,17345,30,17375,0,0,0
Job_222,3,16940,18354,M3,17356,95,17451,-903,0,903
Job_224,5,16950,18071,M4,17360,69,17429,-642,0,642
Job_221,5,16771,18225,M1,17372,28,17400,-825,0,825
Job_220,5,16716,18418,M9,17384,11,17395,-1023,0,1023
Job_220,6,16716,18418,M6,17395,40,17435,-983,0,983
Job_227,1,17166,18706,M0,17406,13,17419,-1287,0,1287
Job_227,2,17166,18706,M2,17419,61,17480,-1226,0,1226
Job_224,6,16950,18071,M8,17429,21,17450,-621,0,621
Job_226,4,17068,18195,M4,17429,49,17478,-717,0,717
Job_220,7,16716,18418,M7,17435,89,17524,-894,0,894
Job_221,6,16771,18225,M6,17435,46,17481,-744,0,744
Job_222,4,16940,18354,M8,17451,48,17499,-855,0,855
Job_225,2,16952,18571,M3,17451,39,17490,-1081,0,1081
Job_217,8,16534,18236,M4,17478,26,17504,-732,0,732
Job_226,5,17068,18195,M5,17478,11,17489,-706,0,706
Job_227,3,17166,18706,M6,17481,7,17488,-1218,0,1218
Job_221,7,16771,18225,M5,17489,46,17535,-690,0,690
Job_226,6,17068,18195,M6,17489,62,17551,-644,0,644
Job_225,3,16952,18571,M2,17490,74,17564,-1007,0,1007
Job_222,5,16940,18354,M9,17499,72,17571,-783,0,783
Job_227,4,17166,18706,M8,17499,64,17563,-1143,0,1143
Job_220,8,16716,18418,M4,17524,26,17550,-868,0,868
Job_214,9,16136,17550,M7,17525,25,17550,0,0,0
Job_224,7,16950,18071,M7,17550,49,17599,-472,0,472
Job_225,4,16952,18571,M8,17564,90,17654,-917,0,917
Job_211,9,15981,17601,M4,17568,33,17601,0,0,0
Job_222,6,16940,18354,M0,17571,47,17618,-736,0,736
Job_227,5,17166,18706,M9,17571,76,17647,-1059,0,1059
Job_226,7,17068,18195,M7,17599,56,17655,-540,0,540
Job_223,3,16944,18812,M4,17601,99,17700,-1112,0,1112
Job_222,7,16940,18354,M6,17618,65,17683,-671,0,671
Job_224,8,16950,18071,M9,17647,72,17719,-352,0,352
Job_227,6,17166,18706,M5,17647,47,17694,-1012,0,1012
Job_221,8,16771,18225,M7,17655,72,17727,-498,0,498
Job_226,8,17068,18195,M8,17655,44,17699,-496,0,496
Job_225,5,16952,18571,M5,17694,10,17704,-867,0,867
Job_227,7,17166,18706,M3,17694,52,17746,-960,0,960
Job_222,8,16940,18354,M4,17700,6,17706,-648,0,648
Job_223,4,16944,18812,M6,17700,9,17709,-1103,0,1103
Job_223,5,16944,18812,M8,17709,52,17761,-1051,0,1051
Job_225,6,16952,18571,M7,17727,12,17739,-832,0,832
Job_225,7,16952,18571,M6,17739,89,17828,-743,0,743
Job_227,8,17166,18706,M4,17746,90,17836,-870,0,870
Job_223,6,16944,18812,M7,17761,85,17846,-966,0,966
Job_216,9,16318,17855,M3,17776,79,17855,0,0,0
Job_225,8,16952,18571,M9,17828,45,17873,-698,0,698
Job_223,7,16944,18812,M3,17855,98,17953,-859,0,859
Job_212,9,16032,17900,M5,17857,43,17900,0,0,0
Job_223,8,16944,18812,M9,17953,22,17975,-837,0,837
Job_224,9,16950,18071,M6,18018,53,18071,0,0,0
Job_218,9,16565,18105,M7,18060,45,18105,0,0,0
Job_217,9,16534,18236,M8,18121,74,18195,-41,0,41
Job_219,9,16667,18204,M3,18125,79,18204,0,0,0
Job_226,9,17068,18195,M9,18174,21,18195,0,0,0
Job_221,9,16771,18225,M8,18195,30,18225,0,0,0
Job_222,9,16940,18354,M7,18329,25,18354,0,0,0
Job_220,9,16716,18418,M8,18344,74,18418,0,0,0
Job_225,9,16952,18571,M4,18538,33,18571,0,0,0
Job_227,9,17166,18706,M7,18661,45,18706,0,0,0
Job_223,9,16944,18812,M5,18769,43,18812,0,0,0
