Job,Operation,Arrival,Deadline,Machine,Start,Processing Time,End,Lateness,Tardiness,Earliness
Job_019,0,1440,2684,M0,1440,29,1469,-1215,0,1215
Job_017,1,1216,2460,M1,1450,78,1528,-932,0,932
Job_015,3,1099,2338,M5,1456,61,1517,-821,0,821
Job_008,8,687,2567,M4,1472,26,1498,-1069,0,1069
Job_004,9,226,1465,M6,1473,53,1526,61,61,0
Job_010,6,819,2517,M8,1473,19,1492,-1025,0,1025
Job_010,7,819,2517,M9,1492,48,1540,-977,0,977
Job_015,4,1099,2338,M3,1517,26,1543,-795,0,795
Job_020,0,1520,3127,M0,1520,43,1563,-1564,0,1564
Job_013,1,1088,2651,M1,1528,2,1530,-1121,0,1121
Job_012,5,921,2528,M1,1530,28,1558,-970,0,970
Job_013,2,1088,2651,M5,1530,52,1582,-1069,0,1069
Job_017,2,1216,2460,M2,1534,9,1543,-917,0,917
Job_010,8,819,2517,M7,1540,36,1576,-941,0,941
Job_011,4,867,2748,M2,1543,85,1628,-1120,0,1120
Job_017,3,1216,2460,M3,1543,36,1579,-881,0,881
Job_012,6,921,2528,M6,1558,46,1604,-924,0,924
Job_018,0,1312,3014,M1,1558,85,1643,-1371,0,1371
Job_014,2,1093,3157,M0,1563,71,1634,-1523,0,1523
Job_013,3,1088,2651,M3,1582,95,1677,-974,0,974
Job_006,9,330,1641,M4,1586,55,1641,0,0,0
Job_012,7,921,2528,M5,1604,46,1650,-878,0,878
Job_011,5,867,2748,M9,1628,11,1639,-1109,0,1109
Job_016,3,1100,2890,M2,1628,74,1702,-1188,0,1188
Job_011,6,867,2748,M6,1639,40,1679,-1069,0,1069
Job_017,4,1216,2460,M4,1641,49,1690,-770,0,770
Job_018,1,1312,3014,M0,1643,13,1656,-1358,0,1358
Job_019,1,1440,2684,M1,1643,78,1721,-963,0,963
Job_012,8,921,2528,M7,1650,72,1722,-806,0,806
Job_001,9,80,1687,M8,1657,30,1687,0,0,0
Job_013,4,1088,2651,M8,1687,48,1735,-916,0,916
Job_014,3,1093,3157,M4,1690,99,1789,-1368,0,1368
Job_017,5,1216,2460,M5,1690,11,1701,-759,0,759
Job_017,6,1216,2460,M6,1701,62,1763,-697,0,697
Job_018,2,1312,3014,M2,1702,61,1763,-1251,0,1251
Job_021,0,1580,3369,M1,1721,91,1812,-1557,0,1557
Job_011,7,867,2748,M7,1722,89,1811,-937,0,937
Job_013,5,1088,2651,M9,1735,72,1807,-844,0,844
Job_018,3,1312,3014,M6,1763,7,1770,-1244,0,1244
Job_019,2,1440,2684,M2,1763,9,1772,-912,0,912
Job_019,3,1440,2684,M3,1772,36,1808,-876,0,876
Job_023,0,1666,2905,M2,1772,14,1786,-1119,0,1119
Job_020,1,1520,3127,M2,1786,90,1876,-1251,0,1251
Job_023,1,1666,2905,M0,1786,6,1792,-1113,0,1113
Job_014,4,1093,3157,M6,1789,9,1798,-1359,0,1359
Job_015,5,1099,2338,M4,1789,69,1858,-480,0,480
Job_014,5,1093,3157,M8,1798,52,1850,-1307,0,1307
Job_021,1,1580,3369,M0,1812,85,1897,-1472,0,1472
Job_023,2,1666,2905,M1,1812,22,1834,-1071,0,1071
Job_005,9,293,1856,M7,1831,25,1856,0,0,0
Job_023,3,1666,2905,M5,1834,61,1895,-1010,0,1010
Job_025,0,1770,3081,M1,1834,46,1880,-1201,0,1201
Job_018,4,1312,3014,M8,1850,64,1914,-1100,0,1100
Job_014,6,1093,3157,M7,1856,85,1941,-1216,0,1216
Job_011,8,867,2748,M4,1858,26,1884,-864,0,864
Job_024,0,1733,3296,M2,1876,84,1960,-1336,0,1336
Job_022,0,1631,3694,M1,1880,81,1961,-1733,0,1733
Job_002,9,140,1929,M4,1896,33,1929,0,0,0
Job_013,6,1088,2651,M0,1897,47,1944,-707,0,707
Job_021,2,1580,3369,M3,1897,39,1936,-1433,0,1433
Job_016,4,1100,2890,M8,1914,90,2004,-886,0,886
Job_018,5,1312,3014,M9,1914,76,1990,-1024,0,1024
Job_019,4,1440,2684,M4,1929,49,1978,-706,0,706
Job_014,7,1093,3157,M3,1941,98,2039,-1118,0,1118
Job_017,7,1216,2460,M7,1941,56,1997,-463,0,463
Job_013,7,1088,2651,M6,1944,65,2009,-642,0,642
Job_025,1,1770,3081,M0,1944,37,1981,-1100,0,1100
Job_026,0,1913,3611,M2,1960,31,1991,-1620,0,1620
Job_024,1,1733,3296,M1,1961,2,1963,-1333,0,1333
Job_019,5,1440,2684,M5,1978,11,1989,-695,0,695
Job_018,6,1312,3014,M5,1990,47,2037,-977,0,977
Job_021,3,1580,3369,M2,1991,74,2065,-1304,0,1304
Job_026,1,1913,3611,M0,1991,86,2077,-1534,0,1534
Job_015,6,1099,2338,M8,2004,21,2025,-313,0,313
Job_013,8,1088,2651,M4,2009,6,2015,-636,0,636
Job_019,6,1440,2684,M6,2009,62,2071,-613,0,613
Job_020,2,1520,3127,M4,2015,75,2090,-1037,0,1037
Job_015,7,1099,2338,M7,2025,49,2074,-264,0,264
Job_024,2,1733,3296,M5,2037,52,2089,-1207,0,1207
Job_014,8,1093,3157,M9,2039,22,2061,-1096,0,1096
Job_018,7,1312,3014,M3,2039,52,2091,-923,0,923
Job_021,4,1580,3369,M8,2065,90,2155,-1214,0,1214
Job_022,1,1631,3694,M2,2065,95,2160,-1534,0,1534
Job_015,8,1099,2338,M9,2074,72,2146,-192,0,192
Job_019,7,1440,2684,M7,2074,56,2130,-554,0,554
Job_026,2,1913,3611,M1,2077,46,2123,-1488,0,1488
Job_016,5,1100,2890,M5,2089,10,2099,-791,0,791
Job_018,8,1312,3014,M4,2091,90,2181,-833,0,833
Job_007,9,473,2171,M3,2092,79,2171,0,0,0
Job_026,3,1913,3611,M5,2123,74,2197,-1414,0,1414
Job_027,0,2127,4007,M0,2127,76,2203,-1804,0,1804
Job_016,6,1100,2890,M7,2130,12,2142,-748,0,748
Job_016,7,1100,2890,M6,2142,89,2231,-659,0,659
Job_020,3,1520,3127,M9,2146,11,2157,-970,0,970
Job_019,8,1440,2684,M8,2155,44,2199,-485,0,485
Job_028,0,2158,3859,M1,2158,85,2243,-1616,0,1616
Job_024,3,1733,3296,M3,2171,95,2266,-1030,0,1030
Job_021,5,1580,3369,M5,2197,10,2207,-1162,0,1162
Job_026,4,1913,3611,M4,2197,32,2229,-1382,0,1382
Job_017,8,1216,2460,M8,2199,44,2243,-217,0,217
Job_022,2,1631,3694,M0,2203,71,2274,-1420,0,1420
Job_021,6,1580,3369,M7,2207,12,2219,-1150,0,1150
Job_003,9,191,2254,M5,2211,43,2254,0,0,0
Job_016,8,1100,2890,M9,2231,45,2276,-614,0,614
Job_027,1,2127,4007,M1,2243,69,2312,-1695,0,1695
Job_029,0,2259,3957,M2,2259,31,2290,-1667,0,1667
Job_020,4,1520,3127,M3,2266,69,2335,-792,0,792
Job_024,4,1733,3296,M8,2266,48,2314,-982,0,982
Job_022,3,1631,3694,M4,2274,99,2373,-1321,0,1321
Job_028,1,2158,3859,M0,2274,13,2287,-1572,0,1572
Job_015,9,1099,2338,M6,2285,53,2338,0,0,0
Job_028,2,2158,3859,M2,2290,61,2351,-1508,0,1508
Job_029,1,2259,3957,M0,2290,86,2376,-1581,0,1581
Job_024,5,1733,3296,M9,2314,72,2386,-910,0,910
Job_020,5,1520,3127,M1,2335,28,2363,-764,0,764
Job_023,4,1666,2905,M3,2335,26,2361,-544,0,544
Job_028,3,2158,3859,M6,2351,7,2358,-1501,0,1501
Job_025,2,1770,3081,M3,2361,61,2422,-659,0,659
Job_022,4,1631,3694,M6,2373,9,2382,-1312,0,1312
Job_023,5,1666,2905,M4,2373,69,2442,-463,0,463
Job_009,9,718,2419,M7,2374,45,2419,0,0,0
Job_029,2,2259,3957,M1,2376,46,2422,-1535,0,1535
Job_031,0,2361,3968,M0,2376,43,2419,-1549,0,1549
Job_020,6,1520,3127,M6,2382,46,2428,-699,0,699
Job_022,5,1631,3694,M8,2382,52,2434,-1260,0,1260
Job_030,0,2307,4188,M0,2419,76,2495,-1693,0,1693
Job_025,3,1770,3081,M2,2422,13,2435,-646,0,646
Job_020,7,1520,3127,M5,2428,46,2474,-653,0,653
Job_026,5,1913,3611,M6,2428,88,2516,-1095,0,1095
Job_022,6,1631,3694,M7,2434,85,2519,-1175,0,1175
Job_031,1,2361,3968,M2,2435,90,2525,-1443,0,1443
Job_010,9,819,2517,M3,2438,79,2517,0,0,0
Job_017,9,1216,2460,M9,2439,21,2460,0,0,0
Job_023,6,1666,2905,M8,2442,21,2463,-442,0,442
Job_012,9,921,2528,M8,2463,30,2493,-35,0,35
Job_008,9,687,2567,M8,2493,74,2567,0,0,0
Job_030,1,2307,4188,M1,2495,69,2564,-1624,0,1624
Job_024,6,1733,3296,M0,2496,47,2543,-753,0,753
Job_025,4,1770,3081,M6,2516,32,2548,-533,0,533
Job_027,2,2127,4007,M3,2517,76,2593,-1414,0,1414
Job_020,8,1520,3127,M7,2519,72,2591,-536,0,536
Job_031,2,2361,3968,M4,2525,75,2600,-1368,0,1368
Job_032,0,2528,4091,M2,2528,84,2612,-1479,0,1479
Job_024,7,1733,3296,M6,2548,65,2613,-683,0,683
Job_025,5,1770,3081,M5,2548,21,2569,-512,0,512
Job_035,0,2540,4330,M1,2564,91,2655,-1675,0,1675
Job_026,6,1913,3611,M8,2567,19,2586,-1025,0,1025
Job_026,7,1913,3611,M9,2586,48,2634,-977,0,977
Job_028,4,2158,3859,M8,2586,64,2650,-1209,0,1209
Job_027,3,2127,4007,M5,2593,51,2644,-1363,0,1363
Job_030,2,2307,4188,M3,2593,76,2669,-1519,0,1519
Job_034,0,2539,3778,M2,2612,14,2626,-1152,0,1152
Job_021,7,1580,3369,M6,2613,89,2702,-667,0,667
Job_024,8,1733,3296,M4,2613,6,2619,-677,0,677
Job_013,9,1088,2651,M7,2626,25,2651,0,0,0
Job_034,1,2539,3778,M0,2626,6,2632,-1146,0,1146
Job_031,3,2361,3968,M9,2634,11,2645,-1323,0,1323
Job_027,4,2127,4007,M2,2644,85,2729,-1278,0,1278
Job_023,7,1666,2905,M7,2651,49,2700,-205,0,205
Job_034,2,2539,3778,M1,2655,22,2677,-1101,0,1101
Job_035,1,2540,4330,M0,2655,85,2740,-1590,0,1590
Job_019,9,1440,2684,M9,2663,21,2684,0,0,0
Job_031,4,2361,3968,M3,2669,69,2738,-1230,0,1230
Job_011,9,867,2748,M8,2674,74,2748,0,0,0
Job_032,1,2528,4091,M1,2677,2,2679,-1412,0,1412
Job_034,3,2539,3778,M5,2677,61,2738,-1040,0,1040
Job_033,0,2533,4597,M1,2679,81,2760,-1837,0,1837
Job_025,6,1770,3081,M9,2684,32,2716,-365,0,365
Job_026,8,1913,3611,M7,2700,36,2736,-875,0,875
Job_023,8,1666,2905,M9,2716,72,2788,-117,0,117
Job_032,2,2528,4091,M5,2738,52,2790,-1301,0,1301
Job_036,0,2656,3900,M0,2740,29,2769,-1131,0,1131
Job_025,7,1770,3081,M8,2748,89,2837,-244,0,244
Job_031,5,2361,3968,M1,2760,28,2788,-1180,0,1180
Job_033,1,2533,4597,M2,2760,95,2855,-1742,0,1742
Job_034,4,2539,3778,M3,2760,26,2786,-992,0,992
Job_034,5,2539,3778,M4,2786,69,2855,-923,0,923
Job_035,2,2540,4330,M3,2787,39,2826,-1504,0,1504
Job_028,5,2158,3859,M9,2788,76,2864,-995,0,995
Job_031,6,2361,3968,M6,2788,46,2834,-1134,0,1134
Job_036,1,2656,3900,M1,2788,78,2866,-1034,0,1034
Job_029,3,2259,3957,M5,2790,74,2864,-1093,0,1093
Job_032,3,2528,4091,M3,2826,95,2921,-1170,0,1170
Job_025,8,1770,3081,M7,2837,30,2867,-214,0,214
Job_023,9,1666,2905,M6,2852,53,2905,0,0,0
Job_033,2,2533,4597,M0,2855,71,2926,-1671,0,1671
Job_034,6,2539,3778,M8,2855,21,2876,-902,0,902
Job_016,9,1100,2890,M4,2857,33,2890,0,0,0
Job_021,8,1580,3369,M9,2864,45,2909,-460,0,460
Job_031,7,2361,3968,M5,2864,46,2910,-1058,0,1058
Job_037,0,2752,4454,M1,2866,85,2951,-1503,0,1503
Job_036,2,2656,3900,M2,2867,9,2876,-1024,0,1024
Job_034,7,2539,3778,M7,2876,49,2925,-853,0,853
Job_035,3,2540,4330,M2,2880,74,2954,-1376,0,1376
Job_029,4,2259,3957,M4,2890,32,2922,-1035,0,1035
Job_027,5,2127,4007,M9,2909,11,2920,-1087,0,1087
Job_028,6,2158,3859,M5,2910,47,2957,-902,0,902
Job_027,6,2127,4007,M6,2920,40,2960,-1047,0,1047
Job_032,4,2528,4091,M8,2921,48,2969,-1122,0,1122
Job_036,3,2656,3900,M3,2921,36,2957,-943,0,943
Job_034,8,2539,3778,M9,2925,72,2997,-781,0,781
Job_033,3,2533,4597,M4,2926,99,3025,-1572,0,1572
Job_038,0,2880,4124,M0,2926,29,2955,-1169,0,1169
Job_037,1,2752,4454,M0,2955,13,2968,-1486,0,1486
Job_038,1,2880,4124,M1,2955,78,3033,-1091,0,1091
Job_028,7,2158,3859,M3,2957,52,3009,-850,0,850
Job_030,3,2307,4188,M5,2957,51,3008,-1180,0,1180
Job_037,2,2752,4454,M2,2968,61,3029,-1425,0,1425
Job_039,0,2960,4567,M0,2968,43,3011,-1556,0,1556
Job_018,9,1312,3014,M7,2969,45,3014,0,0,0
Job_035,4,2540,4330,M8,2969,90,3059,-1271,0,1271
Job_032,5,2528,4091,M9,2997,72,3069,-1022,0,1022
Job_027,7,2127,4007,M7,3014,89,3103,-904,0,904
Job_022,7,1631,3694,M3,3019,98,3117,-577,0,577
Job_025,9,1770,3081,M4,3026,55,3081,0,0,0
Job_037,3,2752,4454,M6,3029,7,3036,-1418,0,1418
Job_039,1,2960,4567,M2,3029,90,3119,-1448,0,1448
Job_040,0,3020,4809,M1,3033,91,3124,-1685,0,1685
Job_029,5,2259,3957,M6,3036,88,3124,-833,0,833
Job_035,5,2540,4330,M5,3059,10,3069,-1261,0,1261
Job_032,6,2528,4091,M0,3069,47,3116,-975,0,975
Job_036,4,2656,3900,M4,3081,49,3130,-770,0,770
Job_020,9,1520,3127,M8,3097,30,3127,0,0,0
Job_031,8,2361,3968,M7,3103,72,3175,-793,0,793
Job_014,9,1093,3157,M5,3114,43,3157,0,0,0
Job_022,8,1631,3694,M9,3117,22,3139,-555,0,555
Job_038,2,2880,4124,M2,3119,9,3128,-996,0,996
Job_032,7,2528,4091,M6,3124,65,3189,-902,0,902
Job_041,0,3071,5134,M1,3124,81,3205,-1929,0,1929
Job_037,4,2752,4454,M8,3127,64,3191,-1263,0,1263
Job_038,3,2880,4124,M3,3128,36,3164,-960,0,960
Job_042,0,3106,4345,M2,3128,14,3142,-1203,0,1203
Job_028,8,2158,3859,M4,3130,90,3220,-639,0,639
Job_042,1,3106,4345,M0,3142,6,3148,-1197,0,1197
Job_040,1,3020,4809,M0,3148,85,3233,-1576,0,1576
Job_036,5,2656,3900,M5,3157,11,3168,-732,0,732
Job_043,0,3173,4736,M2,3173,84,3257,-1479,0,1479
Job_035,6,2540,4330,M7,3175,12,3187,-1143,0,1143
Job_036,6,2656,3900,M6,3189,62,3251,-649,0,649
Job_029,6,2259,3957,M8,3191,19,3210,-747,0,747
Job_037,5,2752,4454,M9,3191,76,3267,-1187,0,1187
Job_042,2,3106,4345,M1,3205,22,3227,-1118,0,1118
Job_027,8,2127,4007,M4,3220,26,3246,-761,0,761
Job_042,3,3106,4345,M5,3227,61,3288,-1057,0,1057
Job_044,0,3210,4521,M1,3227,46,3273,-1248,0,1248
Job_040,2,3020,4809,M3,3233,39,3272,-1537,0,1537
Job_038,4,2880,4124,M4,3246,49,3295,-829,0,829
Job_035,7,2540,4330,M6,3251,89,3340,-990,0,990
Job_041,1,3071,5134,M2,3257,95,3352,-1782,0,1782
Job_029,7,2259,3957,M9,3267,48,3315,-642,0,642
Job_024,9,1733,3296,M7,3271,25,3296,0,0,0
Job_043,1,3173,4736,M1,3273,2,3275,-1461,0,1461
Job_044,1,3210,4521,M0,3273,37,3310,-1211,0,1211
Job_037,6,2752,4454,M5,3288,47,3335,-1119,0,1119
Job_042,4,3106,4345,M3,3288,26,3314,-1031,0,1031
Job_032,8,2528,4091,M4,3295,6,3301,-790,0,790
Job_036,7,2656,3900,M7,3296,56,3352,-548,0,548
Job_044,2,3210,4521,M3,3314,61,3375,-1146,0,1146
Job_038,5,2880,4124,M5,3335,11,3346,-778,0,778
Job_021,9,1580,3369,M4,3336,33,3369,0,0,0
Job_033,4,2533,4597,M6,3340,9,3349,-1248,0,1248
Job_035,8,2540,4330,M9,3340,45,3385,-945,0,945
Job_043,2,3173,4736,M5,3346,52,3398,-1338,0,1338
Job_038,6,2880,4124,M6,3349,62,3411,-713,0,713
Job_029,8,2259,3957,M7,3352,36,3388,-569,0,569
Job_036,8,2656,3900,M8,3352,44,3396,-504,0,504
Job_041,2,3071,5134,M0,3352,71,3423,-1711,0,1711
Job_045,0,3353,5051,M2,3353,31,3384,-1667,0,1667
Job_042,5,3106,4345,M4,3369,69,3438,-907,0,907
Job_037,7,2752,4454,M3,3375,52,3427,-1027,0,1027
Job_044,3,3210,4521,M2,3384,13,3397,-1124,0,1124
Job_033,5,2533,4597,M8,3396,52,3448,-1149,0,1149
Job_040,3,3020,4809,M2,3397,74,3471,-1338,0,1338
Job_038,7,2880,4124,M7,3411,56,3467,-657,0,657
Job_044,4,3210,4521,M6,3411,32,3443,-1078,0,1078
Job_045,1,3353,5051,M0,3423,86,3509,-1542,0,1542
Job_043,3,3173,4736,M3,3427,95,3522,-1214,0,1214
Job_039,2,2960,4567,M4,3438,75,3513,-1054,0,1054
Job_044,5,3210,4521,M5,3443,21,3464,-1057,0,1057
Job_042,6,3106,4345,M8,3448,21,3469,-876,0,876
Job_044,6,3210,4521,M9,3464,32,3496,-1025,0,1025
Job_033,6,2533,4597,M7,3467,85,3552,-1045,0,1045
Job_038,8,2880,4124,M8,3469,44,3513,-611,0,611
Job_030,4,2307,4188,M2,3471,85,3556,-632,0,632
Job_045,2,3353,5051,M1,3509,46,3555,-1496,0,1496
Job_039,3,2960,4567,M9,3513,11,3524,-1043,0,1043
Job_040,4,3020,4809,M8,3513,90,3603,-1206,0,1206
Job_037,8,2752,4454,M4,3517,90,3607,-847,0,847
Job_026,9,1913,3611,M3,3532,79,3611,0,0,0
Job_042,7,3106,4345,M7,3552,49,3601,-744,0,744
Job_030,5,2307,4188,M9,3556,11,3567,-621,0,621
Job_030,6,2307,4188,M6,3567,40,3607,-581,0,581
Job_046,0,3567,5447,M0,3567,76,3643,-1804,0,1804
Job_047,0,3598,5299,M1,3598,85,3683,-1616,0,1616
Job_042,8,3106,4345,M9,3601,72,3673,-672,0,672
Job_040,5,3020,4809,M5,3603,10,3613,-1196,0,1196
Job_044,7,3210,4521,M8,3603,89,3692,-829,0,829
Job_041,3,3071,5134,M4,3607,99,3706,-1428,0,1428
Job_039,4,2960,4567,M3,3611,69,3680,-887,0,887
Job_040,6,3020,4809,M7,3613,12,3625,-1184,0,1184
Job_040,7,3020,4809,M6,3625,89,3714,-1095,0,1095
Job_022,9,1631,3694,M5,3651,43,3694,0,0,0
Job_033,7,2533,4597,M3,3680,98,3778,-819,0,819
Job_046,1,3567,5447,M1,3683,69,3752,-1695,0,1695
Job_047,1,3598,5299,M0,3683,13,3696,-1603,0,1603
Job_043,4,3173,4736,M8,3692,48,3740,-996,0,996
Job_044,8,3210,4521,M7,3692,30,3722,-799,0,799
Job_045,3,3353,5051,M5,3694,74,3768,-1283,0,1283
Job_048,0,3699,5397,M2,3699,31,3730,-1667,0,1667
Job_040,8,3020,4809,M9,3714,45,3759,-1050,0,1050
Job_041,4,3071,5134,M6,3714,9,3723,-1411,0,1411
Job_030,7,2307,4188,M7,3722,89,3811,-377,0,377
Job_034,9,2539,3778,M6,3725,53,3778,0,0,0
Job_047,2,3598,5299,M2,3730,61,3791,-1508,0,1508
Job_041,5,3071,5134,M8,3740,52,3792,-1342,0,1342
Job_039,5,2960,4567,M1,3752,28,3780,-787,0,787
Job_045,4,3353,5051,M4,3768,32,3800,-1251,0,1251
Job_033,8,2533,4597,M9,3778,22,3800,-797,0,797
Job_046,2,3567,5447,M3,3778,76,3854,-1593,0,1593
Job_039,6,2960,4567,M6,3780,46,3826,-741,0,741
Job_043,5,3173,4736,M9,3800,72,3872,-864,0,864
Job_050,0,3801,5408,M0,3801,43,3844,-1564,0,1564
Job_030,8,2307,4188,M4,3811,26,3837,-351,0,351
Job_028,9,2158,3859,M7,3814,45,3859,0,0,0
Job_039,7,2960,4567,M5,3826,46,3872,-695,0,695
Job_047,3,3598,5299,M6,3826,7,3833,-1466,0,1466
Job_045,5,3353,5051,M6,3833,88,3921,-1130,0,1130
Job_047,4,3598,5299,M8,3833,64,3897,-1402,0,1402
Job_048,1,3699,5397,M0,3844,86,3930,-1467,0,1467
Job_050,1,3801,5408,M2,3844,90,3934,-1474,0,1474
Job_039,8,2960,4567,M7,3872,72,3944,-623,0,623
Job_046,3,3567,5447,M5,3872,51,3923,-1524,0,1524
Job_029,9,2259,3957,M3,3878,79,3957,0,0,0
Job_036,9,2656,3900,M9,3879,21,3900,0,0,0
Job_047,5,3598,5299,M9,3900,76,3976,-1323,0,1323
Job_031,9,2361,3968,M8,3903,30,3933,-35,0,35
Job_048,2,3699,5397,M1,3930,46,3976,-1421,0,1421
Job_049,0,3747,5628,M0,3930,76,4006,-1622,0,1622
Job_027,9,2127,4007,M8,3933,74,4007,0,0,0
Job_050,2,3801,5408,M4,3934,75,4009,-1399,0,1399
Job_041,6,3071,5134,M7,3944,85,4029,-1105,0,1105
Job_051,0,3968,5531,M2,3968,84,4052,-1479,0,1479
Job_048,3,3699,5397,M5,3976,74,4050,-1347,0,1347
Job_054,0,3980,5770,M1,3980,91,4071,-1699,0,1699
Job_043,6,3173,4736,M0,4006,47,4053,-683,0,683
Job_045,6,3353,5051,M8,4007,19,4026,-1025,0,1025
Job_050,3,3801,5408,M9,4009,11,4020,-1388,0,1388
Job_050,4,3801,5408,M3,4020,69,4089,-1319,0,1319
Job_045,7,3353,5051,M9,4026,48,4074,-977,0,977
Job_047,6,3598,5299,M5,4050,47,4097,-1202,0,1202
Job_048,4,3699,5397,M4,4050,32,4082,-1315,0,1315
Job_053,0,3979,5218,M2,4052,14,4066,-1152,0,1152
Job_043,7,3173,4736,M6,4053,65,4118,-618,0,618
Job_032,9,2528,4091,M7,4066,25,4091,0,0,0
Job_046,4,3567,5447,M2,4066,85,4151,-1296,0,1296
Job_053,1,3979,5218,M0,4066,6,4072,-1146,0,1146
Job_051,1,3968,5531,M1,4071,2,4073,-1458,0,1458
Job_054,1,3980,5770,M0,4072,85,4157,-1613,0,1613
Job_053,2,3979,5218,M1,4073,22,4095,-1123,0,1123
Job_045,8,3353,5051,M7,4091,36,4127,-924,0,924
Job_049,1,3747,5628,M1,4095,69,4164,-1464,0,1464
Job_047,7,3598,5299,M3,4097,52,4149,-1150,0,1150
Job_053,3,3979,5218,M5,4097,61,4158,-1060,0,1060
Job_038,9,2880,4124,M9,4103,21,4124,0,0,0
Job_030,9,2307,4188,M8,4114,74,4188,0,0,0
Job_043,8,3173,4736,M4,4118,6,4124,-612,0,612
Job_048,5,3699,5397,M6,4118,88,4206,-1191,0,1191
Job_047,8,3598,5299,M4,4149,90,4239,-1060,0,1060
Job_046,5,3567,5447,M9,4151,11,4162,-1285,0,1285
Job_054,2,3980,5770,M3,4157,39,4196,-1574,0,1574
Job_055,0,4096,5340,M0,4157,29,4186,-1154,0,1154
Job_051,2,3968,5531,M5,4158,52,4210,-1321,0,1321
Job_050,5,3801,5408,M1,4164,28,4192,-1216,0,1216
Job_055,1,4096,5340,M1,4192,78,4270,-1070,0,1070
Job_041,7,3071,5134,M3,4196,98,4294,-840,0,840
Job_054,3,3980,5770,M2,4196,74,4270,-1500,0,1500
Job_048,6,3699,5397,M8,4206,19,4225,-1172,0,1172
Job_050,6,3801,5408,M6,4206,46,4252,-1156,0,1156
Job_048,7,3699,5397,M9,4225,48,4273,-1124,0,1124
Job_046,6,3567,5447,M6,4252,40,4292,-1155,0,1155
Job_050,7,3801,5408,M5,4252,46,4298,-1110,0,1110
Job_054,4,3980,5770,M8,4270,90,4360,-1410,0,1410
Job_055,2,4096,5340,M2,4270,9,4279,-1061,0,1061
Job_056,0,4192,5894,M1,4270,85,4355,-1539,0,1539
Job_048,8,3699,5397,M7,4273,36,4309,-1088,0,1088
Job_042,9,3106,4345,M6,4292,53,4345,0,0,0
Job_041,8,3071,5134,M9,4294,22,4316,-818,0,818
Job_053,4,3979,5218,M3,4294,26,4320,-898,0,898
Job_035,9,2540,4330,M4,4297,33,4330,0,0,0
Job_055,3,4096,5340,M3,4320,36,4356,-984,0,984
Job_057,0,4320,5564,M0,4320,29,4349,-1215,0,1215
Job_053,5,3979,5218,M4,4330,69,4399,-819,0,819
Job_056,1,4192,5894,M0,4355,13,4368,-1526,0,1526
Job_057,1,4320,5564,M1,4355,78,4433,-1131,0,1131
Job_051,3,3968,5531,M3,4356,95,4451,-1080,0,1080
Job_054,5,3980,5770,M5,4360,10,4370,-1400,0,1400
Job_056,2,4192,5894,M2,4368,61,4429,-1465,0,1465
Job_054,6,3980,5770,M7,4370,12,4382,-1388,0,1388
Job_054,7,3980,5770,M6,4382,89,4471,-1299,0,1299
Job_053,6,3979,5218,M8,4399,21,4420,-798,0,798
Job_055,4,4096,5340,M4,4399,49,4448,-892,0,892
Job_058,0,4400,6007,M0,4400,43,4443,-1564,0,1564
Job_037,9,2752,4454,M7,4409,45,4454,0,0,0
Job_052,0,3973,6037,M1,4433,81,4514,-1523,0,1523
Job_057,2,4320,5564,M2,4433,9,4442,-1122,0,1122
Job_058,1,4400,6007,M2,4443,90,4533,-1474,0,1474
Job_055,5,4096,5340,M5,4448,11,4459,-881,0,881
Job_049,2,3747,5628,M3,4451,76,4527,-1101,0,1101
Job_051,4,3968,5531,M8,4451,48,4499,-1032,0,1032
Job_053,7,3979,5218,M7,4454,49,4503,-715,0,715
Job_044,9,3210,4521,M4,4466,55,4521,0,0,0
Job_054,8,3980,5770,M9,4471,45,4516,-1254,0,1254
Job_055,6,4096,5340,M6,4471,62,4533,-807,0,807
Job_046,7,3567,5447,M7,4503,89,4592,-855,0,855
Job_059,0,4460,6249,M1,4514,91,4605,-1644,0,1644
Job_053,8,3979,5218,M9,4516,72,4588,-630,0,630
Job_057,3,4320,5564,M3,4527,36,4563,-1001,0,1001
Job_052,1,3973,6037,M2,4533,95,4628,-1409,0,1409
Job_056,3,4192,5894,M6,4533,7,4540,-1354,0,1354
Job_058,2,4400,6007,M4,4533,75,4608,-1399,0,1399
Job_039,9,2960,4567,M8,4537,30,4567,0,0,0
Job_033,9,2533,4597,M5,4554,43,4597,0,0,0
Job_056,4,4192,5894,M8,4567,64,4631,-1263,0,1263
Job_051,5,3968,5531,M9,4588,72,4660,-871,0,871
Job_055,7,4096,5340,M7,4592,56,4648,-692,0,692
Job_049,3,3747,5628,M5,4597,51,4648,-980,0,980
Job_059,1,4460,6249,M0,4605,85,4690,-1559,0,1559
Job_060,0,4511,6574,M1,4605,81,4686,-1888,0,1888
Job_046,8,3567,5447,M4,4608,26,4634,-813,0,813
Job_061,0,4546,5785,M2,4628,14,4642,-1143,0,1143
Job_057,4,4320,5564,M4,4634,49,4683,-881,0,881
Job_049,4,3747,5628,M2,4648,85,4733,-895,0,895
Job_055,8,4096,5340,M8,4648,44,4692,-648,0,648
Job_056,5,4192,5894,M9,4660,76,4736,-1158,0,1158
Job_057,5,4320,5564,M5,4683,11,4694,-870,0,870
Job_063,0,4650,5961,M1,4686,46,4732,-1229,0,1229
Job_059,2,4460,6249,M3,4690,39,4729,-1520,0,1520
Job_061,1,4546,5785,M0,4690,6,4696,-1089,0,1089
Job_057,6,4320,5564,M6,4694,62,4756,-808,0,808
Job_051,6,3968,5531,M0,4696,47,4743,-788,0,788
Job_043,9,3173,4736,M7,4711,25,4736,0,0,0
Job_061,2,4546,5785,M1,4732,22,4754,-1031,0,1031
Job_062,0,4613,6176,M2,4733,84,4817,-1359,0,1359
Job_049,5,3747,5628,M9,4736,11,4747,-881,0,881
Job_050,8,3801,5408,M7,4736,72,4808,-600,0,600
Job_056,6,4192,5894,M5,4736,47,4783,-1111,0,1111
Job_052,2,3973,6037,M0,4743,71,4814,-1223,0,1223
Job_058,3,4400,6007,M9,4747,11,4758,-1249,0,1249
Job_049,6,3747,5628,M6,4756,40,4796,-832,0,832
Job_058,4,4400,6007,M3,4758,69,4827,-1180,0,1180
Job_040,9,3020,4809,M4,4776,33,4809,0,0,0
Job_061,3,4546,5785,M5,4783,61,4844,-941,0,941
Job_051,7,3968,5531,M6,4796,65,4861,-670,0,670
Job_049,7,3747,5628,M7,4808,89,4897,-731,0,731
Job_052,3,3973,6037,M4,4814,99,4913,-1124,0,1124
Job_063,1,4650,5961,M0,4814,37,4851,-1110,0,1110
Job_060,1,4511,6574,M2,4817,95,4912,-1662,0,1662
Job_062,1,4613,6176,M1,4817,2,4819,-1357,0,1357
Job_056,7,4192,5894,M3,4827,52,4879,-1015,0,1015
Job_058,5,4400,6007,M1,4827,28,4855,-1152,0,1152
Job_062,2,4613,6176,M5,4844,52,4896,-1280,0,1280
Job_058,6,4400,6007,M6,4861,46,4907,-1100,0,1100
Job_061,4,4546,5785,M3,4879,26,4905,-880,0,880
Job_057,7,4320,5564,M7,4897,56,4953,-611,0,611
Job_063,2,4650,5961,M3,4905,61,4966,-995,0,995
Job_058,7,4400,6007,M5,4907,46,4953,-1054,0,1054
Job_060,2,4511,6574,M0,4912,71,4983,-1591,0,1591
Job_064,0,4793,6491,M2,4912,31,4943,-1548,0,1548
Job_052,4,3973,6037,M6,4913,9,4922,-1115,0,1115
Job_061,5,4546,5785,M4,4913,69,4982,-803,0,803
Job_052,5,3973,6037,M8,4922,52,4974,-1063,0,1063
Job_058,8,4400,6007,M7,4953,72,5025,-982,0,982
Job_063,3,4650,5961,M2,4966,13,4979,-982,0,982
Job_045,9,3353,5051,M3,4972,79,5051,0,0,0
Job_057,8,4320,5564,M8,4974,44,5018,-546,0,546
Job_059,3,4460,6249,M2,4979,74,5053,-1196,0,1196
Job_063,4,4650,5961,M6,4979,32,5011,-950,0,950
Job_051,8,3968,5531,M4,4982,6,4988,-543,0,543
Job_064,1,4793,6491,M0,4983,86,5069,-1422,0,1422
Job_049,8,3747,5628,M4,4988,26,5014,-614,0,614
Job_063,5,4650,5961,M5,5011,21,5032,-929,0,929
Job_056,8,4192,5894,M4,5014,90,5104,-790,0,790
Job_061,6,4546,5785,M8,5018,21,5039,-746,0,746
Job_063,6,4650,5961,M9,5032,32,5064,-897,0,897
Job_066,0,5038,6739,M1,5038,85,5123,-1616,0,1616
Job_061,7,4546,5785,M7,5039,49,5088,-697,0,697
Job_062,3,4613,6176,M3,5051,95,5146,-1030,0,1030
Job_063,7,4650,5961,M8,5064,89,5153,-808,0,808
Job_065,0,5007,6887,M0,5069,76,5145,-1742,0,1742
Job_052,6,3973,6037,M7,5088,85,5173,-864,0,864
Job_061,8,4546,5785,M9,5088,72,5160,-625,0,625
Job_041,9,3071,5134,M5,5091,43,5134,0,0,0
Job_060,3,4511,6574,M4,5104,99,5203,-1371,0,1371
Job_064,2,4793,6491,M1,5123,46,5169,-1322,0,1322
Job_067,0,5139,6837,M2,5139,31,5170,-1667,0,1667
Job_066,1,5038,6739,M0,5145,13,5158,-1581,0,1581
Job_062,4,4613,6176,M8,5153,48,5201,-975,0,975
Job_053,9,3979,5218,M6,5165,53,5218,0,0,0
Job_064,3,4793,6491,M5,5169,74,5243,-1248,0,1248
Job_065,1,5007,6887,M1,5169,69,5238,-1649,0,1649
Job_066,2,5038,6739,M2,5170,61,5231,-1508,0,1508
Job_067,1,5139,6837,M0,5170,86,5256,-1581,0,1581
Job_052,7,3973,6037,M3,5173,98,5271,-766,0,766
Job_063,8,4650,5961,M7,5173,30,5203,-758,0,758
Job_062,5,4613,6176,M9,5201,72,5273,-903,0,903
Job_060,4,4511,6574,M6,5218,9,5227,-1347,0,1347
Job_060,5,4511,6574,M8,5227,52,5279,-1295,0,1295
Job_066,3,5038,6739,M6,5231,7,5238,-1501,0,1501
Job_064,4,4793,6491,M4,5243,32,5275,-1216,0,1216
Job_047,9,3598,5299,M7,5254,45,5299,0,0,0
Job_067,2,5139,6837,M1,5256,46,5302,-1535,0,1535
Job_069,0,5241,6848,M0,5256,43,5299,-1549,0,1549
Job_052,8,3973,6037,M9,5273,22,5295,-742,0,742
Job_064,5,4793,6491,M6,5275,88,5363,-1128,0,1128
Job_066,4,5038,6739,M8,5279,64,5343,-1396,0,1396
Job_060,6,4511,6574,M7,5299,85,5384,-1190,0,1190
Job_068,0,5187,7068,M0,5299,76,5375,-1693,0,1693
Job_069,1,5241,6848,M2,5299,90,5389,-1459,0,1459
Job_067,3,5139,6837,M5,5302,74,5376,-1461,0,1461
Job_048,9,3699,5397,M3,5318,79,5397,0,0,0
Job_055,9,4096,5340,M9,5319,21,5340,0,0,0
Job_050,9,3801,5408,M8,5343,30,5373,-35,0,35
Job_066,5,5038,6739,M9,5343,76,5419,-1320,0,1320
Job_046,9,3567,5447,M8,5373,74,5447,0,0,0
Job_062,6,4613,6176,M0,5375,47,5422,-754,0,754
Job_067,4,5139,6837,M4,5376,32,5408,-1429,0,1429
Job_060,7,4511,6574,M3,5397,98,5495,-1079,0,1079
Job_067,5,5139,6837,M6,5408,88,5496,-1341,0,1341
Job_069,2,5241,6848,M4,5408,75,5483,-1365,0,1365
Job_071,0,5413,7477,M1,5413,81,5494,-1983,0,1983
Job_066,6,5038,6739,M5,5419,47,5466,-1273,0,1273
Job_072,0,5419,6658,M2,5419,14,5433,-1225,0,1225
Job_070,0,5408,6971,M2,5433,84,5517,-1454,0,1454
Job_072,1,5419,6658,M0,5433,6,5439,-1219,0,1219
Job_064,6,4793,6491,M8,5447,19,5466,-1025,0,1025
Job_069,3,5241,6848,M9,5483,11,5494,-1354,0,1354
Job_072,2,5419,6658,M1,5494,22,5516,-1142,0,1142
Job_060,8,4511,6574,M9,5495,22,5517,-1057,0,1057
Job_065,2,5007,6887,M3,5495,76,5571,-1316,0,1316
Job_062,7,4613,6176,M6,5496,65,5561,-615,0,615
Job_067,6,5139,6837,M8,5496,19,5515,-1322,0,1322
Job_051,9,3968,5531,M7,5506,25,5531,0,0,0
Job_068,1,5187,7068,M1,5516,69,5585,-1483,0,1483
Job_072,3,5419,6658,M5,5516,61,5577,-1081,0,1081
Job_071,1,5413,7477,M2,5517,95,5612,-1865,0,1865
Job_074,0,5536,6780,M0,5536,29,5565,-1215,0,1215
Job_057,9,4320,5564,M9,5543,21,5564,0,0,0
Job_049,9,3747,5628,M8,5554,74,5628,0,0,0
Job_062,8,4613,6176,M4,5561,6,5567,-609,0,609
Job_064,7,4793,6491,M9,5564,48,5612,-879,0,879
Job_066,7,5038,6739,M3,5571,52,5623,-1116,0,1116
Job_065,3,5007,6887,M5,5577,51,5628,-1259,0,1259
Job_074,1,5536,6780,M1,5585,78,5663,-1117,0,1117
Job_064,8,4793,6491,M7,5612,36,5648,-843,0,843
Job_067,7,5139,6837,M9,5612,48,5660,-1177,0,1177
Job_071,2,5413,7477,M0,5612,71,5683,-1794,0,1794
Job_066,8,5038,6739,M4,5623,90,5713,-1026,0,1026
Job_069,4,5241,6848,M3,5623,69,5692,-1156,0,1156
Job_059,4,4460,6249,M8,5628,90,5718,-531,0,531
Job_067,8,5139,6837,M7,5660,36,5696,-1141,0,1141
Job_070,1,5408,6971,M1,5663,2,5665,-1306,0,1306
Job_074,2,5536,6780,M2,5663,9,5672,-1108,0,1108
Job_070,2,5408,6971,M5,5665,52,5717,-1254,0,1254
Job_073,0,5420,7210,M1,5665,91,5756,-1454,0,1454
Job_065,4,5007,6887,M2,5672,85,5757,-1130,0,1130
Job_072,4,5419,6658,M3,5692,26,5718,-940,0,940
Job_059,5,4460,6249,M5,5718,10,5728,-521,0,521
Job_074,3,5536,6780,M3,5718,36,5754,-1026,0,1026
Job_059,6,4460,6249,M7,5728,12,5740,-509,0,509
Job_061,9,4546,5785,M6,5732,53,5785,0,0,0
Job_054,9,3980,5770,M4,5737,33,5770,0,0,0
Job_070,3,5408,6971,M3,5754,95,5849,-1122,0,1122
Job_069,5,5241,6848,M1,5756,28,5784,-1064,0,1064
Job_073,1,5420,7210,M0,5756,85,5841,-1369,0,1369
Job_065,5,5007,6887,M9,5757,11,5768,-1119,0,1119
Job_072,5,5419,6658,M4,5770,69,5839,-819,0,819
Job_075,0,5632,7334,M1,5784,85,5869,-1465,0,1465
Job_059,7,4460,6249,M6,5785,89,5874,-375,0,375
Job_072,6,5419,6658,M8,5839,21,5860,-798,0,798
Job_074,4,5536,6780,M4,5839,49,5888,-892,0,892
Job_056,9,4192,5894,M7,5849,45,5894,0,0,0
Job_068,2,5187,7068,M3,5849,76,5925,-1143,0,1143
Job_070,4,5408,6971,M8,5860,48,5908,-1063,0,1063
Job_075,1,5632,7334,M0,5869,13,5882,-1452,0,1452
Job_075,2,5632,7334,M2,5882,61,5943,-1391,0,1391
Job_074,5,5536,6780,M5,5888,11,5899,-881,0,881
Job_072,7,5419,6658,M7,5894,49,5943,-715,0,715
Job_074,6,5536,6780,M6,5899,62,5961,-819,0,819
Job_063,9,4650,5961,M4,5906,55,5961,0,0,0
Job_070,5,5408,6971,M9,5908,72,5980,-991,0,991
Job_068,3,5187,7068,M5,5925,51,5976,-1092,0,1092
Job_073,2,5420,7210,M3,5925,39,5964,-1246,0,1246
Job_071,3,5413,7477,M4,5961,99,6060,-1417,0,1417
Job_074,7,5536,6780,M7,5961,56,6017,-763,0,763
Job_075,3,5632,7334,M6,5961,7,5968,-1366,0,1366
Job_073,3,5420,7210,M2,5964,74,6038,-1172,0,1172
Job_069,6,5241,6848,M6,5968,46,6014,-834,0,834
Job_058,9,4400,6007,M8,5977,30,6007,0,0,0
Job_070,6,5408,6971,M0,5980,47,6027,-944,0,944
Job_072,8,5419,6658,M9,5980,72,6052,-606,0,606
Job_052,9,3973,6037,M5,5994,43,6037,0,0,0
Job_075,4,5632,7334,M8,6007,64,6071,-1263,0,1263
Job_070,7,5408,6971,M6,6027,65,6092,-879,0,879
Job_069,7,5241,6848,M5,6037,46,6083,-765,0,765
Job_068,4,5187,7068,M2,6038,85,6123,-945,0,945
Job_073,4,5420,7210,M8,6071,90,6161,-1049,0,1049
Job_075,5,5632,7334,M9,6071,76,6147,-1187,0,1187
Job_070,8,5408,6971,M4,6092,6,6098,-873,0,873
Job_071,4,5413,7477,M6,6092,9,6101,-1376,0,1376
Job_065,6,5007,6887,M6,6101,40,6141,-746,0,746
Job_068,5,5187,7068,M9,6147,11,6158,-910,0,910
Job_075,6,5632,7334,M5,6147,47,6194,-1140,0,1140
Job_062,9,4613,6176,M7,6151,25,6176,0,0,0
Job_059,8,4460,6249,M9,6158,45,6203,-46,0,46
Job_068,6,5187,7068,M6,6158,40,6198,-870,0,870
Job_074,8,5536,6780,M8,6161,44,6205,-575,0,575
Job_069,8,5241,6848,M7,6176,72,6248,-600,0,600
Job_073,5,5420,7210,M5,6194,10,6204,-1006,0,1006
Job_075,7,5632,7334,M3,6194,52,6246,-1088,0,1088
Job_071,5,5413,7477,M8,6205,52,6257,-1220,0,1220
Job_059,9,4460,6249,M4,6216,33,6249,0,0,0
Job_068,7,5187,7068,M7,6248,89,6337,-731,0,731
Job_075,8,5632,7334,M4,6249,90,6339,-995,0,995
Job_073,6,5420,7210,M7,6337,12,6349,-861,0,861
Job_068,8,5187,7068,M4,6339,26,6365,-703,0,703
Job_071,6,5413,7477,M7,6349,85,6434,-1043,0,1043
Job_073,7,5420,7210,M6,6349,89,6438,-772,0,772
Job_064,9,4793,6491,M3,6412,79,6491,0,0,0
Job_065,7,5007,6887,M7,6434,89,6523,-364,0,364
Job_073,8,5420,7210,M9,6438,45,6483,-727,0,727
Job_071,7,5413,7477,M3,6491,98,6589,-888,0,888
Job_065,8,5007,6887,M4,6523,26,6549,-338,0,338
Job_060,9,4511,6574,M5,6531,43,6574,0,0,0
Job_071,8,5413,7477,M9,6589,22,6611,-866,0,866
Job_072,9,5419,6658,M6,6605,53,6658,0,0,0
Job_066,9,5038,6739,M7,6694,45,6739,0,0,0
Job_067,9,5139,6837,M3,6758,79,6837,0,0,0
Job_074,9,5536,6780,M9,6759,21,6780,0,0,0
Job_069,9,5241,6848,M8,6783,30,6813,-35,0,35
Job_065,9,5007,6887,M8,6813,74,6887,0,0,0
Job_070,9,5408,6971,M7,6946,25,6971,0,0,0
Job_068,9,5187,7068,M8,6994,74,7068,0,0,0
Job_073,9,5420,7210,M4,7177,33,7210,0,0,0
Job_075,9,5632,7334,M7,7289,45,7334,0,0,0
Job_071,9,5413,7477,M5,7434,43,7477,0,0,0
