Job,Operation,Arrival,Deadline,Machine,Start,Processing Time,End,Lateness,Tardiness,Earliness
Job_038,0,2880,4124,M0,2880,29,2909,-1215,0,1215
Job_023,8,1666,2905,M9,2893,72,2965,60,60,0
Job_037,0,2752,4454,M1,2903,85,2988,-1466,0,1466
Job_025,8,1770,3081,M7,2923,30,2953,-128,0,128
Job_026,6,1913,3611,M8,2923,19,2942,-669,0,669
Job_033,2,2533,4597,M0,2923,71,2994,-1603,0,1603
Job_036,2,2656,3900,M2,2923,9,2932,-968,0,968
Job_035,3,2540,4330,M2,2932,74,3006,-1324,0,1324
Job_036,3,2656,3900,M3,2932,36,2968,-932,0,932
Job_029,4,2259,3957,M4,2936,32,2968,-989,0,989
Job_034,3,2539,3778,M5,2936,61,2997,-781,0,781
Job_021,8,1580,3369,M9,2965,45,3010,-359,0,359
Job_023,9,1666,2905,M6,2965,53,3018,113,113,0
Job_024,8,1733,3296,M4,2968,6,2974,-322,0,322
Job_018,9,1312,3014,M7,2969,45,3014,0,0,0
Job_036,4,2656,3900,M4,2974,49,3023,-877,0,877
Job_038,1,2880,4124,M1,2988,78,3066,-1058,0,1058
Job_037,1,2752,4454,M0,2994,13,3007,-1447,0,1447
Job_028,6,2158,3859,M5,2997,47,3044,-815,0,815
Job_034,4,2539,3778,M3,2997,26,3023,-755,0,755
Job_035,4,2540,4330,M8,3006,90,3096,-1234,0,1234
Job_037,2,2752,4454,M2,3007,61,3068,-1386,0,1386
Job_039,0,2960,4567,M0,3007,43,3050,-1517,0,1517
Job_026,7,1913,3611,M9,3010,48,3058,-553,0,553
Job_029,5,2259,3957,M6,3018,88,3106,-851,0,851
Job_032,3,2528,4091,M3,3023,95,3118,-973,0,973
Job_025,9,1770,3081,M4,3026,55,3081,0,0,0
Job_030,3,2307,4188,M5,3044,51,3095,-1093,0,1093
Job_026,8,1913,3611,M7,3058,36,3094,-517,0,517
Job_027,5,2127,4007,M9,3058,11,3069,-938,0,938
Job_040,0,3020,4809,M1,3066,91,3157,-1652,0,1652
Job_038,2,2880,4124,M2,3068,9,3077,-1047,0,1047
Job_034,5,2539,3778,M4,3081,69,3150,-628,0,628
Job_030,4,2307,4188,M2,3095,85,3180,-1008,0,1008
Job_035,5,2540,4330,M5,3096,10,3106,-1224,0,1224
Job_020,9,1520,3127,M8,3097,30,3127,0,0,0
Job_027,6,2127,4007,M6,3106,40,3146,-861,0,861
Job_035,6,2540,4330,M7,3106,12,3118,-1212,0,1212
Job_014,9,1093,3157,M5,3114,43,3157,0,0,0
Job_038,3,2880,4124,M3,3118,36,3154,-970,0,970
Job_029,6,2259,3957,M8,3127,19,3146,-811,0,811
Job_027,7,2127,4007,M7,3146,89,3235,-772,0,772
Job_029,7,2259,3957,M9,3146,48,3194,-763,0,763
Job_031,6,2361,3968,M6,3146,46,3192,-776,0,776
Job_032,4,2528,4091,M8,3146,48,3194,-897,0,897
Job_033,3,2533,4597,M4,3150,99,3249,-1348,0,1348
Job_022,7,1631,3694,M3,3154,98,3252,-442,0,442
Job_036,5,2656,3900,M5,3157,11,3168,-732,0,732
Job_040,1,3020,4809,M0,3157,85,3242,-1567,0,1567
Job_041,0,3071,5134,M1,3157,81,3238,-1896,0,1896
Job_042,0,3106,4345,M2,3180,14,3194,-1151,0,1151
Job_031,7,2361,3968,M5,3192,46,3238,-730,0,730
Job_037,3,2752,4454,M6,3192,7,3199,-1255,0,1255
Job_032,5,2528,4091,M9,3194,72,3266,-825,0,825
Job_034,6,2539,3778,M8,3194,21,3215,-563,0,563
Job_043,0,3173,4736,M2,3194,84,3278,-1458,0,1458
Job_035,7,2540,4330,M6,3199,89,3288,-1042,0,1042
Job_037,4,2752,4454,M8,3215,64,3279,-1175,0,1175
Job_029,8,2259,3957,M7,3235,36,3271,-686,0,686
Job_044,0,3210,4521,M1,3238,46,3284,-1237,0,1237
Job_042,1,3106,4345,M0,3242,6,3248,-1097,0,1097
Job_038,4,2880,4124,M4,3249,49,3298,-826,0,826
Job_040,2,3020,4809,M3,3252,39,3291,-1518,0,1518
Job_030,5,2307,4188,M9,3266,11,3277,-911,0,911
Job_032,6,2528,4091,M0,3266,47,3313,-778,0,778
Job_024,9,1733,3296,M7,3271,25,3296,0,0,0
Job_037,5,2752,4454,M9,3279,76,3355,-1099,0,1099
Job_042,2,3106,4345,M1,3284,22,3306,-1039,0,1039
Job_036,6,2656,3900,M6,3288,62,3350,-550,0,550
Job_028,7,2158,3859,M3,3291,52,3343,-516,0,516
Job_040,3,3020,4809,M2,3291,74,3365,-1444,0,1444
Job_034,7,2539,3778,M7,3296,49,3345,-433,0,433
Job_027,8,2127,4007,M4,3298,26,3324,-683,0,683
Job_042,3,3106,4345,M5,3306,61,3367,-978,0,978
Job_043,1,3173,4736,M1,3306,2,3308,-1428,0,1428
Job_044,1,3210,4521,M0,3313,37,3350,-1171,0,1171
Job_021,9,1580,3369,M4,3336,33,3369,0,0,0
Job_031,8,2361,3968,M7,3345,72,3417,-551,0,551
Job_030,6,2307,4188,M6,3350,40,3390,-798,0,798
Job_044,2,3210,4521,M3,3350,61,3411,-1110,0,1110
Job_034,8,2539,3778,M9,3355,72,3427,-351,0,351
Job_040,4,3020,4809,M8,3365,90,3455,-1354,0,1354
Job_045,0,3353,5051,M2,3365,31,3396,-1655,0,1655
Job_037,6,2752,4454,M5,3367,47,3414,-1040,0,1040
Job_028,8,2158,3859,M4,3369,90,3459,-400,0,400
Job_032,7,2528,4091,M6,3390,65,3455,-636,0,636
Job_045,1,3353,5051,M0,3396,86,3482,-1569,0,1569
Job_042,4,3106,4345,M3,3411,26,3437,-908,0,908
Job_044,3,3210,4521,M2,3411,13,3424,-1097,0,1097
Job_043,2,3173,4736,M5,3414,52,3466,-1270,0,1270
Job_036,7,2656,3900,M7,3417,56,3473,-427,0,427
Job_041,1,3071,5134,M2,3424,95,3519,-1615,0,1615
Job_035,8,2540,4330,M9,3427,45,3472,-858,0,858
Job_037,7,2752,4454,M3,3437,52,3489,-965,0,965
Job_044,4,3210,4521,M6,3455,32,3487,-1034,0,1034
Job_042,5,3106,4345,M4,3459,69,3528,-817,0,817
Job_038,5,2880,4124,M5,3466,11,3477,-647,0,647
Job_022,8,1631,3694,M9,3472,22,3494,-200,0,200
Job_030,7,2307,4188,M7,3473,89,3562,-626,0,626
Job_036,8,2656,3900,M8,3473,44,3517,-383,0,383
Job_040,5,3020,4809,M5,3477,10,3487,-1322,0,1322
Job_045,2,3353,5051,M1,3482,46,3528,-1523,0,1523
Job_038,6,2880,4124,M6,3487,62,3549,-575,0,575
Job_044,5,3210,4521,M5,3487,21,3508,-1013,0,1013
Job_044,6,3210,4521,M9,3508,32,3540,-981,0,981
Job_039,1,2960,4567,M2,3519,90,3609,-958,0,958
Job_041,2,3071,5134,M0,3519,71,3590,-1544,0,1544
Job_037,8,2752,4454,M4,3528,90,3618,-836,0,836
Job_042,6,3106,4345,M8,3528,21,3549,-796,0,796
Job_045,3,3353,5051,M5,3528,74,3602,-1449,0,1449
Job_026,9,1913,3611,M3,3532,79,3611,0,0,0
Job_033,4,2533,4597,M6,3549,9,3558,-1039,0,1039
Job_044,7,3210,4521,M8,3549,89,3638,-883,0,883
Job_040,6,3020,4809,M7,3562,12,3574,-1235,0,1235
Job_038,7,2880,4124,M7,3574,56,3630,-494,0,494
Job_040,7,3020,4809,M6,3574,89,3663,-1146,0,1146
Job_046,0,3567,5447,M0,3590,76,3666,-1781,0,1781
Job_047,0,3598,5299,M1,3598,85,3683,-1616,0,1616
Job_043,3,3173,4736,M3,3611,95,3706,-1030,0,1030
Job_039,2,2960,4567,M4,3618,75,3693,-874,0,874
Job_042,7,3106,4345,M7,3630,49,3679,-666,0,666
Job_033,5,2533,4597,M8,3638,52,3690,-907,0,907
Job_022,9,1631,3694,M5,3651,43,3694,0,0,0
Job_044,8,3210,4521,M7,3679,30,3709,-812,0,812
Job_046,1,3567,5447,M1,3683,69,3752,-1695,0,1695
Job_047,1,3598,5299,M0,3683,13,3696,-1603,0,1603
Job_038,8,2880,4124,M8,3690,44,3734,-390,0,390
Job_030,8,2307,4188,M4,3693,26,3719,-469,0,469
Job_039,3,2960,4567,M9,3693,11,3704,-863,0,863
Job_048,0,3699,5397,M2,3699,31,3730,-1667,0,1667
Job_042,8,3106,4345,M9,3704,72,3776,-569,0,569
Job_039,4,2960,4567,M3,3706,69,3775,-792,0,792
Job_033,6,2533,4597,M7,3709,85,3794,-803,0,803
Job_041,3,3071,5134,M4,3719,99,3818,-1316,0,1316
Job_034,9,2539,3778,M6,3725,53,3778,0,0,0
Job_047,2,3598,5299,M2,3730,61,3791,-1508,0,1508
Job_048,1,3699,5397,M0,3730,86,3816,-1581,0,1581
Job_043,4,3173,4736,M8,3734,48,3782,-954,0,954
Job_039,5,2960,4567,M1,3775,28,3803,-764,0,764
Job_046,2,3567,5447,M3,3775,76,3851,-1596,0,1596
Job_040,8,3020,4809,M9,3776,45,3821,-988,0,988
Job_047,3,3598,5299,M6,3791,7,3798,-1501,0,1501
Job_028,9,2158,3859,M7,3814,45,3859,0,0,0
Job_048,2,3699,5397,M1,3816,46,3862,-1535,0,1535
Job_050,0,3801,5408,M0,3816,43,3859,-1549,0,1549
Job_041,4,3071,5134,M6,3818,9,3827,-1307,0,1307
Job_045,4,3353,5051,M4,3818,32,3850,-1201,0,1201
Job_039,6,2960,4567,M6,3827,46,3873,-694,0,694
Job_041,5,3071,5134,M8,3827,52,3879,-1255,0,1255
Job_032,8,2528,4091,M4,3850,6,3856,-235,0,235
Job_046,3,3567,5447,M5,3851,51,3902,-1545,0,1545
Job_049,0,3747,5628,M0,3859,76,3935,-1693,0,1693
Job_050,1,3801,5408,M2,3859,90,3949,-1459,0,1459
Job_045,5,3353,5051,M6,3873,88,3961,-1090,0,1090
Job_029,9,2259,3957,M3,3878,79,3957,0,0,0
Job_036,9,2656,3900,M9,3879,21,3900,0,0,0
Job_041,6,3071,5134,M7,3879,85,3964,-1170,0,1170
Job_043,5,3173,4736,M9,3900,72,3972,-764,0,764
Job_048,3,3699,5397,M5,3902,74,3976,-1421,0,1421
Job_031,9,2361,3968,M8,3903,30,3933,-35,0,35
Job_027,9,2127,4007,M8,3933,74,4007,0,0,0
Job_049,1,3747,5628,M1,3935,69,4004,-1624,0,1624
Job_033,7,2533,4597,M3,3957,98,4055,-542,0,542
Job_043,6,3173,4736,M0,3972,47,4019,-717,0,717
Job_039,7,2960,4567,M5,3976,46,4022,-545,0,545
Job_048,4,3699,5397,M4,3976,32,4008,-1389,0,1389
Job_053,0,3979,5218,M2,3979,14,3993,-1225,0,1225
Job_051,0,3968,5531,M2,3993,84,4077,-1454,0,1454
Job_052,0,3973,6037,M1,4004,81,4085,-1952,0,1952
Job_047,4,3598,5299,M8,4007,64,4071,-1228,0,1228
Job_048,5,3699,5397,M6,4008,88,4096,-1301,0,1301
Job_050,2,3801,5408,M4,4008,75,4083,-1325,0,1325
Job_053,1,3979,5218,M0,4019,6,4025,-1193,0,1193
Job_033,8,2533,4597,M9,4055,22,4077,-520,0,520
Job_049,2,3747,5628,M3,4055,76,4131,-1497,0,1497
Job_032,9,2528,4091,M7,4066,25,4091,0,0,0
Job_045,6,3353,5051,M8,4071,19,4090,-961,0,961
Job_050,3,3801,5408,M9,4083,11,4094,-1314,0,1314
Job_052,1,3973,6037,M2,4085,95,4180,-1857,0,1857
Job_053,2,3979,5218,M1,4085,22,4107,-1111,0,1111
Job_039,8,2960,4567,M7,4091,72,4163,-404,0,404
Job_043,7,3173,4736,M6,4096,65,4161,-575,0,575
Job_055,0,4096,5340,M0,4096,29,4125,-1215,0,1215
Job_038,9,2880,4124,M9,4103,21,4124,0,0,0
Job_051,1,3968,5531,M1,4107,2,4109,-1422,0,1422
Job_053,3,3979,5218,M5,4107,61,4168,-1050,0,1050
Job_030,9,2307,4188,M8,4114,74,4188,0,0,0
Job_045,7,3353,5051,M9,4124,48,4172,-879,0,879
Job_055,1,4096,5340,M1,4125,78,4203,-1137,0,1137
Job_050,4,3801,5408,M3,4131,69,4200,-1208,0,1208
Job_043,8,3173,4736,M4,4161,6,4167,-569,0,569
Job_051,2,3968,5531,M5,4168,52,4220,-1311,0,1311
Job_045,8,3353,5051,M7,4172,36,4208,-843,0,843
Job_047,5,3598,5299,M9,4172,76,4248,-1051,0,1051
Job_046,4,3567,5447,M2,4180,85,4265,-1182,0,1182
Job_052,2,3973,6037,M0,4180,71,4251,-1786,0,1786
Job_048,6,3699,5397,M8,4188,19,4207,-1190,0,1190
Job_053,4,3979,5218,M3,4200,26,4226,-992,0,992
Job_050,5,3801,5408,M1,4203,28,4231,-1177,0,1177
Job_049,3,3747,5628,M5,4220,51,4271,-1357,0,1357
Job_041,7,3071,5134,M3,4226,98,4324,-810,0,810
Job_053,5,3979,5218,M4,4226,69,4295,-923,0,923
Job_050,6,3801,5408,M6,4231,46,4277,-1131,0,1131
Job_054,0,3980,5770,M1,4231,91,4322,-1448,0,1448
Job_048,7,3699,5397,M9,4248,48,4296,-1101,0,1101
Job_055,2,4096,5340,M2,4265,9,4274,-1066,0,1066
Job_047,6,3598,5299,M5,4271,47,4318,-981,0,981
Job_049,4,3747,5628,M2,4274,85,4359,-1269,0,1269
Job_042,9,3106,4345,M6,4292,53,4345,0,0,0
Job_053,6,3979,5218,M8,4295,21,4316,-902,0,902
Job_046,5,3567,5447,M9,4296,11,4307,-1140,0,1140
Job_048,8,3699,5397,M7,4296,36,4332,-1065,0,1065
Job_035,9,2540,4330,M4,4297,33,4330,0,0,0
Job_050,7,3801,5408,M5,4318,46,4364,-1044,0,1044
Job_057,0,4320,5564,M0,4320,29,4349,-1215,0,1215
Job_056,0,4192,5894,M1,4322,85,4407,-1487,0,1487
Job_041,8,3071,5134,M9,4324,22,4346,-788,0,788
Job_055,3,4096,5340,M3,4324,36,4360,-980,0,980
Job_052,3,3973,6037,M4,4330,99,4429,-1608,0,1608
Job_053,7,3979,5218,M7,4332,49,4381,-837,0,837
Job_046,6,3567,5447,M6,4345,40,4385,-1062,0,1062
Job_049,5,3747,5628,M9,4359,11,4370,-1258,0,1258
Job_051,3,3968,5531,M3,4360,95,4455,-1076,0,1076
Job_053,8,3979,5218,M9,4381,72,4453,-765,0,765
Job_049,6,3747,5628,M6,4385,40,4425,-1203,0,1203
Job_056,1,4192,5894,M0,4407,13,4420,-1474,0,1474
Job_057,1,4320,5564,M1,4407,78,4485,-1079,0,1079
Job_037,9,2752,4454,M7,4409,45,4454,0,0,0
Job_056,2,4192,5894,M2,4420,61,4481,-1413,0,1413
Job_058,0,4400,6007,M0,4420,43,4463,-1544,0,1544
Job_052,4,3973,6037,M6,4429,9,4438,-1599,0,1599
Job_052,5,3973,6037,M8,4438,52,4490,-1547,0,1547
Job_046,7,3567,5447,M7,4454,89,4543,-904,0,904
Job_047,7,3598,5299,M3,4455,52,4507,-792,0,792
Job_054,1,3980,5770,M0,4463,85,4548,-1222,0,1222
Job_044,9,3210,4521,M4,4466,55,4521,0,0,0
Job_056,3,4192,5894,M6,4481,7,4488,-1406,0,1406
Job_057,2,4320,5564,M2,4485,9,4494,-1070,0,1070
Job_059,0,4460,6249,M1,4485,91,4576,-1673,0,1673
Job_058,1,4400,6007,M2,4494,90,4584,-1423,0,1423
Job_057,3,4320,5564,M3,4507,36,4543,-1021,0,1021
Job_055,4,4096,5340,M4,4521,49,4570,-770,0,770
Job_039,9,2960,4567,M8,4537,30,4567,0,0,0
Job_050,8,3801,5408,M7,4543,72,4615,-793,0,793
Job_054,2,3980,5770,M3,4548,39,4587,-1183,0,1183
Job_033,9,2533,4597,M5,4554,43,4597,0,0,0
Job_051,4,3968,5531,M8,4567,48,4615,-916,0,916
Job_046,8,3567,5447,M4,4570,26,4596,-851,0,851
Job_059,1,4460,6249,M0,4576,85,4661,-1588,0,1588
Job_060,0,4511,6574,M1,4576,81,4657,-1917,0,1917
Job_061,0,4546,5785,M2,4584,14,4598,-1187,0,1187
Job_058,2,4400,6007,M4,4596,75,4671,-1336,0,1336
Job_055,5,4096,5340,M5,4597,11,4608,-732,0,732
Job_054,3,3980,5770,M2,4598,74,4672,-1098,0,1098
Job_055,6,4096,5340,M6,4608,62,4670,-670,0,670
Job_049,7,3747,5628,M7,4615,89,4704,-924,0,924
Job_051,5,3968,5531,M9,4615,72,4687,-844,0,844
Job_056,4,4192,5894,M8,4615,64,4679,-1215,0,1215
Job_063,0,4650,5961,M1,4657,46,4703,-1258,0,1258
Job_059,2,4460,6249,M3,4661,39,4700,-1549,0,1549
Job_061,1,4546,5785,M0,4661,6,4667,-1118,0,1118
Job_057,4,4320,5564,M4,4671,49,4720,-844,0,844
Job_062,0,4613,6176,M2,4672,84,4756,-1420,0,1420
Job_054,4,3980,5770,M8,4679,90,4769,-1001,0,1001
Job_051,6,3968,5531,M0,4687,47,4734,-797,0,797
Job_058,3,4400,6007,M9,4687,11,4698,-1309,0,1309
Job_056,5,4192,5894,M9,4698,76,4774,-1120,0,1120
Job_058,4,4400,6007,M3,4700,69,4769,-1238,0,1238
Job_061,2,4546,5785,M1,4703,22,4725,-1060,0,1060
Job_043,9,3173,4736,M7,4711,25,4736,0,0,0
Job_049,8,3747,5628,M4,4720,26,4746,-882,0,882
Job_057,5,4320,5564,M5,4720,11,4731,-833,0,833
Job_061,3,4546,5785,M5,4731,61,4792,-993,0,993
Job_051,7,3968,5531,M6,4734,65,4799,-732,0,732
Job_063,1,4650,5961,M0,4734,37,4771,-1190,0,1190
Job_055,7,4096,5340,M7,4736,56,4792,-548,0,548
Job_059,3,4460,6249,M2,4756,74,4830,-1419,0,1419
Job_062,1,4613,6176,M1,4756,2,4758,-1418,0,1418
Job_058,5,4400,6007,M1,4769,28,4797,-1210,0,1210
Job_063,2,4650,5961,M3,4771,61,4832,-1129,0,1129
Job_040,9,3020,4809,M4,4776,33,4809,0,0,0
Job_052,6,3973,6037,M7,4792,85,4877,-1160,0,1160
Job_055,8,4096,5340,M8,4792,44,4836,-504,0,504
Job_062,2,4613,6176,M5,4792,52,4844,-1332,0,1332
Job_057,6,4320,5564,M6,4799,62,4861,-703,0,703
Job_051,8,3968,5531,M4,4809,6,4815,-716,0,716
Job_061,4,4546,5785,M3,4832,26,4858,-927,0,927
Job_063,3,4650,5961,M2,4832,13,4845,-1116,0,1116
Job_059,4,4460,6249,M8,4836,90,4926,-1323,0,1323
Job_056,6,4192,5894,M5,4844,47,4891,-1003,0,1003
Job_064,0,4793,6491,M2,4845,31,4876,-1615,0,1615
Job_061,5,4546,5785,M4,4858,69,4927,-858,0,858
Job_062,3,4613,6176,M3,4858,95,4953,-1223,0,1223
Job_063,4,4650,5961,M6,4861,32,4893,-1068,0,1068
Job_060,1,4511,6574,M2,4876,95,4971,-1603,0,1603
Job_064,1,4793,6491,M0,4876,86,4962,-1529,0,1529
Job_057,7,4320,5564,M7,4877,56,4933,-631,0,631
Job_054,5,3980,5770,M5,4891,10,4901,-869,0,869
Job_058,6,4400,6007,M6,4893,46,4939,-1068,0,1068
Job_063,5,4650,5961,M5,4901,21,4922,-1039,0,1039
Job_063,6,4650,5961,M9,4922,32,4954,-1007,0,1007
Job_059,5,4460,6249,M5,4926,10,4936,-1313,0,1313
Job_047,8,3598,5299,M4,4927,90,5017,-282,0,282
Job_061,6,4546,5785,M8,4927,21,4948,-837,0,837
Job_054,6,3980,5770,M7,4933,12,4945,-825,0,825
Job_058,7,4400,6007,M5,4939,46,4985,-1022,0,1022
Job_054,7,3980,5770,M6,4945,89,5034,-736,0,736
Job_059,6,4460,6249,M7,4945,12,4957,-1292,0,1292
Job_057,8,4320,5564,M8,4948,44,4992,-572,0,572
Job_061,7,4546,5785,M7,4957,49,5006,-779,0,779
Job_064,2,4793,6491,M1,4962,46,5008,-1483,0,1483
Job_060,2,4511,6574,M0,4971,71,5042,-1532,0,1532
Job_045,9,3353,5051,M3,4972,79,5051,0,0,0
Job_063,7,4650,5961,M8,4992,89,5081,-880,0,880
Job_058,8,4400,6007,M7,5006,72,5078,-929,0,929
Job_064,3,4793,6491,M5,5008,74,5082,-1409,0,1409
Job_054,8,3980,5770,M9,5034,45,5079,-691,0,691
Job_059,7,4460,6249,M6,5034,89,5123,-1126,0,1126
Job_066,0,5038,6739,M1,5038,85,5123,-1616,0,1616
Job_060,3,4511,6574,M4,5042,99,5141,-1433,0,1433
Job_065,0,5007,6887,M0,5042,76,5118,-1769,0,1769
Job_056,7,4192,5894,M3,5051,52,5103,-791,0,791
Job_061,8,4546,5785,M9,5079,72,5151,-634,0,634
Job_062,4,4613,6176,M8,5081,48,5129,-1047,0,1047
Job_063,8,4650,5961,M7,5081,30,5111,-850,0,850
Job_041,9,3071,5134,M5,5091,43,5134,0,0,0
Job_052,7,3973,6037,M3,5103,98,5201,-836,0,836
Job_065,1,5007,6887,M1,5123,69,5192,-1695,0,1695
Job_066,1,5038,6739,M0,5123,13,5136,-1603,0,1603
Job_067,0,5139,6837,M2,5139,31,5170,-1667,0,1667
Job_060,4,4511,6574,M6,5141,9,5150,-1424,0,1424
Job_064,4,4793,6491,M4,5141,32,5173,-1318,0,1318
Job_060,5,4511,6574,M8,5150,52,5202,-1372,0,1372
Job_059,8,4460,6249,M9,5151,45,5196,-1053,0,1053
Job_053,9,3979,5218,M6,5165,53,5218,0,0,0
Job_066,2,5038,6739,M2,5170,61,5231,-1508,0,1508
Job_067,1,5139,6837,M0,5170,86,5256,-1581,0,1581
Job_056,8,4192,5894,M4,5173,90,5263,-631,0,631
Job_062,5,4613,6176,M9,5196,72,5268,-908,0,908
Job_065,2,5007,6887,M3,5201,76,5277,-1610,0,1610
Job_064,5,4793,6491,M6,5218,88,5306,-1185,0,1185
Job_047,9,3598,5299,M7,5254,45,5299,0,0,0
Job_067,2,5139,6837,M1,5256,46,5302,-1535,0,1535
Job_069,0,5241,6848,M0,5256,43,5299,-1549,0,1549
Job_052,8,3973,6037,M9,5268,22,5290,-747,0,747
Job_065,3,5007,6887,M5,5277,51,5328,-1559,0,1559
Job_060,6,4511,6574,M7,5299,85,5384,-1190,0,1190
Job_062,6,4613,6176,M0,5299,47,5346,-830,0,830
Job_069,1,5241,6848,M2,5299,90,5389,-1459,0,1459
Job_064,6,4793,6491,M8,5306,19,5325,-1166,0,1166
Job_066,3,5038,6739,M6,5306,7,5313,-1426,0,1426
Job_048,9,3699,5397,M3,5318,79,5397,0,0,0
Job_055,9,4096,5340,M9,5319,21,5340,0,0,0
Job_067,3,5139,6837,M5,5328,74,5402,-1435,0,1435
Job_064,7,4793,6491,M9,5340,48,5388,-1103,0,1103
Job_050,9,3801,5408,M8,5343,30,5373,-35,0,35
Job_062,7,4613,6176,M6,5346,65,5411,-765,0,765
Job_068,0,5187,7068,M0,5346,76,5422,-1646,0,1646
Job_046,9,3567,5447,M8,5373,74,5447,0,0,0
Job_064,8,4793,6491,M7,5388,36,5424,-1067,0,1067
Job_065,4,5007,6887,M2,5389,85,5474,-1413,0,1413
Job_060,7,4511,6574,M3,5397,98,5495,-1079,0,1079
Job_067,4,5139,6837,M4,5402,32,5434,-1403,0,1403
Job_071,0,5413,7477,M1,5413,81,5494,-1983,0,1983
Job_062,8,4613,6176,M4,5434,6,5440,-736,0,736
Job_067,5,5139,6837,M6,5434,88,5522,-1315,0,1315
Job_069,2,5241,6848,M4,5440,75,5515,-1333,0,1333
Job_066,4,5038,6739,M8,5447,64,5511,-1228,0,1228
Job_065,5,5007,6887,M9,5474,11,5485,-1402,0,1402
Job_072,0,5419,6658,M2,5474,14,5488,-1170,0,1170
Job_070,0,5408,6971,M2,5488,84,5572,-1399,0,1399
Job_072,1,5419,6658,M0,5488,6,5494,-1164,0,1164
Job_068,1,5187,7068,M1,5494,69,5563,-1505,0,1505
Job_060,8,4511,6574,M9,5495,22,5517,-1057,0,1057
Job_051,9,3968,5531,M7,5506,25,5531,0,0,0
Job_069,3,5241,6848,M9,5517,11,5528,-1320,0,1320
Job_065,6,5007,6887,M6,5522,40,5562,-1325,0,1325
Job_067,6,5139,6837,M8,5522,19,5541,-1296,0,1296
Job_069,4,5241,6848,M3,5528,69,5597,-1251,0,1251
Job_074,0,5536,6780,M0,5536,29,5565,-1215,0,1215
Job_057,9,4320,5564,M9,5543,21,5564,0,0,0
Job_049,9,3747,5628,M8,5554,74,5628,0,0,0
Job_065,7,5007,6887,M7,5562,89,5651,-1236,0,1236
Job_072,2,5419,6658,M1,5563,22,5585,-1073,0,1073
Job_067,7,5139,6837,M9,5564,48,5612,-1225,0,1225
Job_071,1,5413,7477,M2,5572,95,5667,-1810,0,1810
Job_072,3,5419,6658,M5,5585,61,5646,-1012,0,1012
Job_074,1,5536,6780,M1,5585,78,5663,-1117,0,1117
Job_068,2,5187,7068,M3,5597,76,5673,-1395,0,1395
Job_066,5,5038,6739,M9,5612,76,5688,-1051,0,1051
Job_065,8,5007,6887,M4,5651,26,5677,-1210,0,1210
Job_067,8,5139,6837,M7,5651,36,5687,-1150,0,1150
Job_070,1,5408,6971,M1,5663,2,5665,-1306,0,1306
Job_070,2,5408,6971,M5,5665,52,5717,-1254,0,1254
Job_073,0,5420,7210,M1,5665,91,5756,-1454,0,1454
Job_071,2,5413,7477,M0,5667,71,5738,-1739,0,1739
Job_074,2,5536,6780,M2,5667,9,5676,-1104,0,1104
Job_072,4,5419,6658,M3,5673,26,5699,-959,0,959
Job_074,3,5536,6780,M3,5699,36,5735,-1045,0,1045
Job_068,3,5187,7068,M5,5717,51,5768,-1300,0,1300
Job_061,9,4546,5785,M6,5732,53,5785,0,0,0
Job_070,3,5408,6971,M3,5735,95,5830,-1141,0,1141
Job_054,9,3980,5770,M4,5737,33,5770,0,0,0
Job_069,5,5241,6848,M1,5756,28,5784,-1064,0,1064
Job_073,1,5420,7210,M0,5756,85,5841,-1369,0,1369
Job_066,6,5038,6739,M5,5768,47,5815,-924,0,924
Job_068,4,5187,7068,M2,5768,85,5853,-1215,0,1215
Job_072,5,5419,6658,M4,5770,69,5839,-819,0,819
Job_075,0,5632,7334,M1,5784,85,5869,-1465,0,1465
Job_069,6,5241,6848,M6,5785,46,5831,-1017,0,1017
Job_066,7,5038,6739,M3,5830,52,5882,-857,0,857
Job_069,7,5241,6848,M5,5831,46,5877,-971,0,971
Job_072,6,5419,6658,M8,5839,21,5860,-798,0,798
Job_074,4,5536,6780,M4,5839,49,5888,-892,0,892
Job_076,0,5760,7004,M0,5841,29,5870,-1134,0,1134
Job_056,9,4192,5894,M7,5849,45,5894,0,0,0
Job_068,5,5187,7068,M9,5853,11,5864,-1204,0,1204
Job_070,4,5408,6971,M8,5860,48,5908,-1063,0,1063
Job_075,1,5632,7334,M0,5870,13,5883,-1451,0,1451
Job_076,1,5760,7004,M1,5870,78,5948,-1056,0,1056
Job_073,2,5420,7210,M3,5882,39,5921,-1289,0,1289
Job_075,2,5632,7334,M2,5883,61,5944,-1390,0,1390
Job_077,0,5840,7447,M0,5883,43,5926,-1521,0,1521
Job_074,5,5536,6780,M5,5888,11,5899,-881,0,881
Job_072,7,5419,6658,M7,5894,49,5943,-715,0,715
Job_074,6,5536,6780,M6,5899,62,5961,-819,0,819
Job_063,9,4650,5961,M4,5906,55,5961,0,0,0
Job_070,5,5408,6971,M9,5908,72,5980,-991,0,991
Job_069,8,5241,6848,M7,5943,72,6015,-833,0,833
Job_077,1,5840,7447,M2,5944,90,6034,-1413,0,1413
Job_078,0,5900,7689,M1,5948,91,6039,-1650,0,1650
Job_071,3,5413,7477,M4,5961,99,6060,-1417,0,1417
Job_075,3,5632,7334,M6,5961,7,5968,-1366,0,1366
Job_068,6,5187,7068,M6,5968,40,6008,-1060,0,1060
Job_058,9,4400,6007,M8,5977,30,6007,0,0,0
Job_070,6,5408,6971,M0,5980,47,6027,-944,0,944
Job_072,8,5419,6658,M9,5980,72,6052,-606,0,606
Job_052,9,3973,6037,M5,5994,43,6037,0,0,0
Job_075,4,5632,7334,M8,6007,64,6071,-1263,0,1263
Job_074,7,5536,6780,M7,6015,56,6071,-709,0,709
Job_070,7,5408,6971,M6,6027,65,6092,-879,0,879
Job_076,2,5760,7004,M2,6034,9,6043,-961,0,961
Job_078,1,5900,7689,M0,6039,85,6124,-1565,0,1565
Job_079,0,5951,8014,M1,6039,81,6120,-1894,0,1894
Job_076,3,5760,7004,M3,6043,36,6079,-925,0,925
Job_080,0,5986,7225,M2,6043,14,6057,-1168,0,1168
Job_073,3,5420,7210,M2,6057,74,6131,-1079,0,1079
Job_074,8,5536,6780,M8,6071,44,6115,-665,0,665
Job_075,5,5632,7334,M9,6071,76,6147,-1187,0,1187
Job_076,4,5760,7004,M4,6079,49,6128,-876,0,876
Job_071,4,5413,7477,M6,6092,9,6101,-1376,0,1376
Job_071,5,5413,7477,M8,6115,52,6167,-1310,0,1310
Job_082,0,6090,7401,M1,6120,46,6166,-1235,0,1235
Job_078,2,5900,7689,M3,6124,39,6163,-1526,0,1526
Job_080,1,5986,7225,M0,6124,6,6130,-1095,0,1095
Job_070,8,5408,6971,M4,6128,6,6134,-837,0,837
Job_076,5,5760,7004,M5,6128,11,6139,-865,0,865
Job_081,0,6053,7616,M2,6131,84,6215,-1401,0,1401
Job_077,2,5840,7447,M4,6134,75,6209,-1238,0,1238
Job_076,6,5760,7004,M6,6139,62,6201,-803,0,803
Job_075,6,5632,7334,M5,6147,47,6194,-1140,0,1140
Job_062,9,4613,6176,M7,6151,25,6176,0,0,0
Job_080,2,5986,7225,M1,6166,22,6188,-1037,0,1037
Job_082,1,6090,7401,M0,6166,37,6203,-1198,0,1198
Job_073,4,5420,7210,M8,6167,90,6257,-953,0,953
Job_068,7,5187,7068,M7,6176,89,6265,-803,0,803
Job_075,7,5632,7334,M3,6194,52,6246,-1088,0,1088
Job_080,3,5986,7225,M5,6194,61,6255,-970,0,970
Job_077,3,5840,7447,M9,6209,11,6220,-1227,0,1227
Job_078,3,5900,7689,M2,6215,74,6289,-1400,0,1400
Job_081,1,6053,7616,M1,6215,2,6217,-1399,0,1399
Job_059,9,4460,6249,M4,6216,33,6249,0,0,0
Job_082,2,6090,7401,M3,6246,61,6307,-1094,0,1094
Job_075,8,5632,7334,M4,6249,90,6339,-995,0,995
Job_081,2,6053,7616,M5,6255,52,6307,-1309,0,1309
Job_076,7,5760,7004,M7,6265,56,6321,-683,0,683
Job_078,4,5900,7689,M8,6289,90,6379,-1310,0,1310
Job_083,0,6233,7931,M2,6289,31,6320,-1611,0,1611
Job_073,5,5420,7210,M5,6307,10,6317,-893,0,893
Job_080,4,5986,7225,M3,6307,26,6333,-892,0,892
Job_082,3,6090,7401,M2,6320,13,6333,-1068,0,1068
Job_083,1,6233,7931,M0,6320,86,6406,-1525,0,1525
Job_073,6,5420,7210,M7,6321,12,6333,-877,0,877
Job_071,6,5413,7477,M7,6333,85,6418,-1059,0,1059
Job_077,4,5840,7447,M3,6333,69,6402,-1045,0,1045
Job_079,1,5951,8014,M2,6333,95,6428,-1586,0,1586
Job_082,4,6090,7401,M6,6333,32,6365,-1036,0,1036
Job_080,5,5986,7225,M4,6339,69,6408,-817,0,817
Job_073,7,5420,7210,M6,6365,89,6454,-756,0,756
Job_082,5,6090,7401,M5,6365,21,6386,-1015,0,1015
Job_076,8,5760,7004,M8,6379,44,6423,-581,0,581
Job_078,5,5900,7689,M5,6386,10,6396,-1293,0,1293
Job_082,6,6090,7401,M9,6386,32,6418,-983,0,983
Job_077,5,5840,7447,M1,6402,28,6430,-1017,0,1017
Job_068,8,5187,7068,M4,6408,26,6434,-634,0,634
Job_064,9,4793,6491,M3,6412,79,6491,0,0,0
Job_078,6,5900,7689,M7,6418,12,6430,-1259,0,1259
Job_080,6,5986,7225,M8,6423,21,6444,-781,0,781
Job_083,2,6233,7931,M1,6430,46,6476,-1455,0,1455
Job_066,8,5038,6739,M4,6434,90,6524,-215,0,215
Job_080,7,5986,7225,M7,6444,49,6493,-732,0,732
Job_082,7,6090,7401,M8,6444,89,6533,-868,0,868
Job_084,0,6447,8327,M0,6447,76,6523,-1804,0,1804
Job_073,8,5420,7210,M9,6454,45,6499,-711,0,711
Job_077,6,5840,7447,M6,6454,46,6500,-947,0,947
Job_085,0,6478,8179,M1,6478,85,6563,-1616,0,1616
Job_081,3,6053,7616,M3,6491,95,6586,-1030,0,1030
Job_080,8,5986,7225,M9,6499,72,6571,-654,0,654
Job_078,7,5900,7689,M6,6500,89,6589,-1100,0,1100
Job_079,2,5951,8014,M0,6523,71,6594,-1420,0,1420
Job_060,9,4511,6574,M5,6531,43,6574,0,0,0
Job_082,8,6090,7401,M7,6533,30,6563,-838,0,838
Job_084,1,6447,8327,M1,6563,69,6632,-1695,0,1695
Job_077,7,5840,7447,M5,6574,46,6620,-827,0,827
Job_086,0,6579,8277,M2,6579,31,6610,-1667,0,1667
Job_071,7,5413,7477,M3,6586,98,6684,-793,0,793
Job_081,4,6053,7616,M8,6586,48,6634,-982,0,982
Job_078,8,5900,7689,M9,6589,45,6634,-1055,0,1055
Job_079,3,5951,8014,M4,6594,99,6693,-1321,0,1321
Job_085,1,6478,8179,M0,6594,13,6607,-1572,0,1572
Job_072,9,5419,6658,M6,6605,53,6658,0,0,0
Job_085,2,6478,8179,M2,6610,61,6671,-1508,0,1508
Job_077,8,5840,7447,M7,6620,72,6692,-755,0,755
Job_083,3,6233,7931,M5,6620,74,6694,-1237,0,1237
Job_081,5,6053,7616,M9,6634,72,6706,-910,0,910
Job_085,3,6478,8179,M6,6671,7,6678,-1501,0,1501
Job_088,0,6681,8288,M0,6681,43,6724,-1564,0,1564
Job_079,4,5951,8014,M6,6693,9,6702,-1312,0,1312
Job_066,9,5038,6739,M7,6694,45,6739,0,0,0
Job_083,4,6233,7931,M4,6694,32,6726,-1205,0,1205
Job_079,5,5951,8014,M8,6702,52,6754,-1260,0,1260
Job_071,8,5413,7477,M9,6706,22,6728,-749,0,749
Job_086,1,6579,8277,M0,6724,86,6810,-1467,0,1467
Job_088,1,6681,8288,M2,6724,90,6814,-1474,0,1474
Job_083,5,6233,7931,M6,6726,88,6814,-1117,0,1117
Job_079,6,5951,8014,M7,6754,85,6839,-1175,0,1175
Job_067,9,5139,6837,M3,6758,79,6837,0,0,0
Job_074,9,5536,6780,M9,6759,21,6780,0,0,0
Job_069,9,5241,6848,M8,6783,30,6813,-35,0,35
Job_081,6,6053,7616,M0,6810,47,6857,-759,0,759
Job_086,2,6579,8277,M1,6810,46,6856,-1421,0,1421
Job_065,9,5007,6887,M8,6813,74,6887,0,0,0
Job_088,2,6681,8288,M4,6814,75,6889,-1399,0,1399
Job_084,2,6447,8327,M3,6837,76,6913,-1414,0,1414
Job_089,0,6848,8411,M2,6848,84,6932,-1479,0,1479
Job_086,3,6579,8277,M5,6856,74,6930,-1347,0,1347
Job_081,7,6053,7616,M6,6857,65,6922,-694,0,694
Job_087,0,6627,8508,M0,6857,76,6933,-1575,0,1575
Job_092,0,6860,8650,M1,6860,91,6951,-1699,0,1699
Job_083,6,6233,7931,M8,6887,19,6906,-1025,0,1025
Job_088,3,6681,8288,M9,6889,11,6900,-1388,0,1388
Job_083,7,6233,7931,M9,6906,48,6954,-977,0,977
Job_085,4,6478,8179,M8,6906,64,6970,-1209,0,1209
Job_088,4,6681,8288,M3,6913,69,6982,-1306,0,1306
Job_081,8,6053,7616,M4,6922,6,6928,-688,0,688
Job_084,3,6447,8327,M5,6930,51,6981,-1346,0,1346
Job_086,4,6579,8277,M4,6930,32,6962,-1315,0,1315
Job_091,0,6859,8098,M2,6932,14,6946,-1152,0,1152
Job_070,9,5408,6971,M7,6946,25,6971,0,0,0
Job_091,1,6859,8098,M0,6946,6,6952,-1146,0,1146
Job_089,1,6848,8411,M1,6951,2,6953,-1458,0,1458
Job_092,1,6860,8650,M0,6952,85,7037,-1613,0,1613
Job_091,2,6859,8098,M1,6953,22,6975,-1123,0,1123
Job_086,5,6579,8277,M6,6962,88,7050,-1227,0,1227
Job_083,8,6233,7931,M7,6971,36,7007,-924,0,924
Job_087,1,6627,8508,M1,6975,69,7044,-1464,0,1464
Job_084,4,6447,8327,M2,6981,85,7066,-1261,0,1261
Job_091,3,6859,8098,M5,6981,61,7042,-1056,0,1056
Job_076,9,5760,7004,M9,6983,21,7004,0,0,0
Job_068,9,5187,7068,M8,6994,74,7068,0,0,0
Job_085,5,6478,8179,M9,7004,76,7080,-1099,0,1099
Job_092,2,6860,8650,M3,7037,39,7076,-1574,0,1574
Job_093,0,6976,8220,M0,7037,29,7066,-1154,0,1154
Job_089,2,6848,8411,M5,7042,52,7094,-1317,0,1317
Job_088,5,6681,8288,M1,7044,28,7072,-1216,0,1216
Job_086,6,6579,8277,M8,7068,19,7087,-1190,0,1190
Job_088,6,6681,8288,M6,7072,46,7118,-1170,0,1170
Job_093,1,6976,8220,M1,7072,78,7150,-1070,0,1070
Job_079,7,5951,8014,M3,7076,98,7174,-840,0,840
Job_092,3,6860,8650,M2,7076,74,7150,-1500,0,1500
Job_084,5,6447,8327,M9,7080,11,7091,-1236,0,1236
Job_086,7,6579,8277,M9,7091,48,7139,-1138,0,1138
Job_085,6,6478,8179,M5,7094,47,7141,-1038,0,1038
Job_084,6,6447,8327,M6,7118,40,7158,-1169,0,1169
Job_086,8,6579,8277,M7,7139,36,7175,-1102,0,1102
Job_088,7,6681,8288,M5,7141,46,7187,-1101,0,1101
Job_092,4,6860,8650,M8,7150,90,7240,-1410,0,1410
Job_093,2,6976,8220,M2,7150,9,7159,-1061,0,1061
Job_094,0,7072,8774,M1,7150,85,7235,-1539,0,1539
Job_080,9,5986,7225,M6,7172,53,7225,0,0,0
Job_079,8,5951,8014,M9,7174,22,7196,-818,0,818
Job_091,4,6859,8098,M3,7174,26,7200,-898,0,898
Job_084,7,6447,8327,M7,7175,89,7264,-1063,0,1063
Job_073,9,5420,7210,M4,7177,33,7210,0,0,0
Job_093,3,6976,8220,M3,7200,36,7236,-984,0,984
Job_091,5,6859,8098,M4,7210,69,7279,-819,0,819
Job_090,0,6853,8917,M1,7235,81,7316,-1601,0,1601
Job_094,1,7072,8774,M0,7235,13,7248,-1526,0,1526
Job_089,3,6848,8411,M3,7236,95,7331,-1080,0,1080
Job_092,5,6860,8650,M5,7240,10,7250,-1400,0,1400
Job_094,2,7072,8774,M2,7248,61,7309,-1465,0,1465
Job_092,6,6860,8650,M7,7264,12,7276,-1374,0,1374
Job_092,7,6860,8650,M6,7276,89,7365,-1285,0,1285
Job_091,6,6859,8098,M8,7279,21,7300,-798,0,798
Job_093,4,6976,8220,M4,7279,49,7328,-892,0,892
Job_075,9,5632,7334,M7,7289,45,7334,0,0,0
Job_090,1,6853,8917,M2,7316,95,7411,-1506,0,1506
Job_093,5,6976,8220,M5,7328,11,7339,-881,0,881
Job_085,7,6478,8179,M3,7331,52,7383,-796,0,796
Job_089,4,6848,8411,M8,7331,48,7379,-1032,0,1032
Job_091,7,6859,8098,M7,7334,49,7383,-715,0,715
Job_082,9,6090,7401,M4,7346,55,7401,0,0,0
Job_092,8,6860,8650,M9,7365,45,7410,-1240,0,1240
Job_093,6,6976,8220,M6,7365,62,7427,-793,0,793
Job_087,2,6627,8508,M3,7383,76,7459,-1049,0,1049
Job_088,8,6681,8288,M7,7383,72,7455,-833,0,833
Job_085,8,6478,8179,M4,7401,90,7491,-688,0,688
Job_091,8,6859,8098,M9,7410,72,7482,-616,0,616
Job_090,2,6853,8917,M0,7411,71,7482,-1435,0,1435
Job_077,9,5840,7447,M8,7417,30,7447,0,0,0
Job_094,3,7072,8774,M6,7427,7,7434,-1340,0,1340
Job_071,9,5413,7477,M5,7434,43,7477,0,0,0
Job_094,4,7072,8774,M8,7447,64,7511,-1263,0,1263
Job_093,7,6976,8220,M7,7455,56,7511,-709,0,709
Job_087,3,6627,8508,M5,7477,51,7528,-980,0,980
Job_089,5,6848,8411,M9,7482,72,7554,-857,0,857
Job_084,8,6447,8327,M4,7491,26,7517,-810,0,810
Job_093,8,6976,8220,M8,7511,44,7555,-665,0,665
Job_090,3,6853,8917,M4,7517,99,7616,-1301,0,1301
Job_087,4,6627,8508,M2,7528,85,7613,-895,0,895
Job_089,6,6848,8411,M0,7554,47,7601,-810,0,810
Job_094,5,7072,8774,M9,7554,76,7630,-1144,0,1144
Job_081,9,6053,7616,M7,7591,25,7616,0,0,0
Job_089,7,6848,8411,M6,7601,65,7666,-745,0,745
Job_087,5,6627,8508,M9,7630,11,7641,-867,0,867
Job_094,6,7072,8774,M5,7630,47,7677,-1097,0,1097
Job_078,9,5900,7689,M4,7656,33,7689,0,0,0
Job_087,6,6627,8508,M6,7666,40,7706,-802,0,802
Job_094,7,7072,8774,M3,7677,52,7729,-1045,0,1045
Job_089,8,6848,8411,M4,7689,6,7695,-716,0,716
Job_087,7,6627,8508,M7,7706,89,7795,-713,0,713
Job_090,4,6853,8917,M6,7706,9,7715,-1202,0,1202
Job_090,5,6853,8917,M8,7715,52,7767,-1150,0,1150
Job_094,8,7072,8774,M4,7729,90,7819,-955,0,955
Job_090,6,6853,8917,M7,7795,85,7880,-1037,0,1037
Job_087,8,6627,8508,M4,7819,26,7845,-663,0,663
Job_083,9,6233,7931,M3,7852,79,7931,0,0,0
Job_090,7,6853,8917,M3,7931,98,8029,-888,0,888
Job_079,9,5951,8014,M5,7971,43,8014,0,0,0
Job_090,8,6853,8917,M9,8029,22,8051,-866,0,866
Job_091,9,6859,8098,M6,8045,53,8098,0,0,0
Job_085,9,6478,8179,M7,8134,45,8179,0,0,0
Job_086,9,6579,8277,M3,8198,79,8277,0,0,0
Job_093,9,6976,8220,M9,8199,21,8220,0,0,0
Job_088,9,6681,8288,M8,8223,30,8253,-35,0,35
Job_084,9,6447,8327,M8,8253,74,8327,0,0,0
Job_089,9,6848,8411,M7,8386,25,8411,0,0,0
Job_087,9,6627,8508,M8,8434,74,8508,0,0,0
Job_092,9,6860,8650,M4,8617,33,8650,0,0,0
Job_094,9,7072,8774,M7,8729,45,8774,0,0,0
Job_090,9,6853,8917,M5,8874,43,8917,0,0,0
