Job,Operation,Arrival,Deadline,Machine,Start,Processing Time,End,Lateness,Tardiness,Earliness
Job_087,2,6627,8508,M3,7200,76,7276,-1232,0,1232
Job_080,8,5986,7225,M9,7223,72,7295,70,70,0
Job_079,5,5951,8014,M8,7239,52,7291,-723,0,723
Job_082,8,6090,7401,M7,7259,30,7289,-112,0,112
Job_081,6,6053,7616,M0,7260,47,7307,-309,0,309
Job_091,3,6859,8098,M5,7268,61,7329,-769,0,769
Job_092,2,6860,8650,M3,7276,39,7315,-1335,0,1335
Job_075,9,5632,7334,M7,7289,45,7334,0,0,0
Job_083,6,6233,7931,M8,7291,19,7310,-621,0,621
Job_071,8,5413,7477,M9,7295,22,7317,-160,0,160
Job_080,9,5986,7225,M6,7295,53,7348,123,123,0
Job_096,0,7280,8887,M0,7307,43,7350,-1537,0,1537
Job_085,4,6478,8179,M8,7310,64,7374,-805,0,805
Job_092,3,6860,8650,M2,7315,74,7389,-1261,0,1261
Job_078,8,5900,7689,M9,7317,45,7362,-327,0,327
Job_089,2,6848,8411,M5,7329,52,7381,-1030,0,1030
Job_091,4,6859,8098,M3,7329,26,7355,-743,0,743
Job_079,6,5951,8014,M7,7334,85,7419,-595,0,595
Job_082,9,6090,7401,M4,7346,55,7401,0,0,0
Job_086,5,6579,8277,M6,7348,88,7436,-841,0,841
Job_095,0,7200,8444,M0,7350,29,7379,-1065,0,1065
Job_088,3,6681,8288,M9,7362,11,7373,-915,0,915
Job_083,7,6233,7931,M9,7373,48,7421,-510,0,510
Job_094,1,7072,8774,M0,7379,13,7392,-1382,0,1382
Job_087,3,6627,8508,M5,7381,51,7432,-1076,0,1076
Job_089,3,6848,8411,M3,7381,95,7476,-935,0,935
Job_096,1,7280,8887,M2,7389,90,7479,-1408,0,1408
Job_091,5,6859,8098,M4,7401,69,7470,-628,0,628
Job_077,9,5840,7447,M8,7417,30,7447,0,0,0
Job_083,8,6233,7931,M7,7421,36,7457,-474,0,474
Job_085,5,6478,8179,M9,7421,76,7497,-682,0,682
Job_071,9,5413,7477,M5,7434,43,7477,0,0,0
Job_086,6,6579,8277,M8,7447,19,7466,-811,0,811
Job_092,4,6860,8650,M8,7466,90,7556,-1094,0,1094
Job_079,7,5951,8014,M3,7476,98,7574,-440,0,440
Job_096,2,7280,8887,M4,7479,75,7554,-1333,0,1333
Job_099,0,7426,8665,M2,7479,14,7493,-1172,0,1172
Job_094,2,7072,8774,M2,7493,61,7554,-1220,0,1220
Job_099,1,7426,8665,M0,7493,6,7499,-1166,0,1166
Job_085,6,6478,8179,M5,7497,47,7544,-635,0,635
Job_086,7,6579,8277,M9,7497,48,7545,-732,0,732
Job_081,7,6053,7616,M6,7520,65,7585,-31,0,31
Job_086,8,6579,8277,M7,7545,36,7581,-696,0,696
Job_087,4,6627,8508,M2,7554,85,7639,-869,0,869
Job_096,3,7280,8887,M9,7554,11,7565,-1322,0,1322
Job_091,6,6859,8098,M8,7556,21,7577,-521,0,521
Job_092,5,6860,8650,M5,7556,10,7566,-1084,0,1084
Job_079,8,5951,8014,M9,7574,22,7596,-418,0,418
Job_085,7,6478,8179,M3,7574,52,7626,-553,0,553
Job_089,4,6848,8411,M8,7577,48,7625,-786,0,786
Job_081,8,6053,7616,M4,7585,6,7591,-25,0,25
Job_094,3,7072,8774,M6,7585,7,7592,-1182,0,1182
Job_081,9,6053,7616,M7,7591,25,7616,0,0,0
Job_091,7,6859,8098,M7,7616,49,7665,-433,0,433
Job_089,5,6848,8411,M9,7625,72,7697,-714,0,714
Job_094,4,7072,8774,M8,7625,64,7689,-1085,0,1085
Job_096,4,7280,8887,M3,7626,69,7695,-1192,0,1192
Job_100,0,7493,9056,M2,7639,84,7723,-1333,0,1333
Job_078,9,5900,7689,M4,7656,33,7689,0,0,0
Job_092,6,6860,8650,M7,7665,12,7677,-973,0,973
Job_092,7,6860,8650,M6,7677,89,7766,-884,0,884
Job_085,8,6478,8179,M4,7689,90,7779,-400,0,400
Job_087,5,6627,8508,M9,7697,11,7708,-800,0,800
Job_089,6,6848,8411,M0,7697,47,7744,-667,0,667
Job_094,5,7072,8774,M9,7708,76,7784,-990,0,990
Job_102,0,7673,9371,M2,7723,31,7754,-1617,0,1617
Job_088,4,6681,8288,M3,7727,69,7796,-492,0,492
Job_102,1,7673,9371,M0,7754,86,7840,-1531,0,1531
Job_087,6,6627,8508,M6,7766,40,7806,-702,0,702
Job_094,6,7072,8774,M5,7784,47,7831,-943,0,943
Job_088,5,6681,8288,M1,7796,28,7824,-464,0,464
Job_087,7,6627,8508,M7,7806,89,7895,-613,0,613
Job_093,3,6976,8220,M3,7816,36,7852,-368,0,368
Job_088,6,6681,8288,M6,7824,46,7870,-418,0,418
Job_095,1,7200,8444,M1,7824,78,7902,-542,0,542
Job_083,9,6233,7931,M3,7852,79,7931,0,0,0
Job_093,4,6976,8220,M4,7852,49,7901,-319,0,319
Job_088,7,6681,8288,M5,7870,46,7916,-372,0,372
Job_103,0,7887,9767,M0,7887,76,7963,-1804,0,1804
Job_087,8,6627,8508,M4,7901,26,7927,-581,0,581
Job_099,2,7426,8665,M1,7902,22,7924,-741,0,741
Job_084,4,6447,8327,M2,7909,85,7994,-333,0,333
Job_088,8,6681,8288,M7,7916,72,7988,-300,0,300
Job_093,5,6976,8220,M5,7916,11,7927,-293,0,293
Job_091,8,6859,8098,M9,7922,72,7994,-104,0,104
Job_101,0,7530,8841,M1,7924,46,7970,-871,0,871
Job_093,6,6976,8220,M6,7927,62,7989,-231,0,231
Job_094,7,7072,8774,M3,7931,52,7983,-791,0,791
Job_096,5,7280,8887,M1,7970,28,7998,-889,0,889
Job_101,1,7530,8841,M0,7970,37,8007,-834,0,834
Job_079,9,5951,8014,M5,7971,43,8014,0,0,0
Job_094,8,7072,8774,M4,7983,90,8073,-701,0,701
Job_093,7,6976,8220,M7,7989,56,8045,-175,0,175
Job_084,5,6447,8327,M9,7994,11,8005,-322,0,322
Job_095,2,7200,8444,M2,7994,9,8003,-441,0,441
Job_090,0,6853,8917,M1,7998,81,8079,-838,0,838
Job_095,3,7200,8444,M3,8003,36,8039,-405,0,405
Job_084,6,6447,8327,M6,8005,40,8045,-282,0,282
Job_099,3,7426,8665,M5,8014,61,8075,-590,0,590
Job_105,0,8019,9717,M2,8019,31,8050,-1667,0,1667
Job_101,2,7530,8841,M3,8039,61,8100,-741,0,741
Job_084,7,6447,8327,M7,8045,89,8134,-193,0,193
Job_091,9,6859,8098,M6,8045,53,8098,0,0,0
Job_093,8,6976,8220,M8,8045,44,8089,-131,0,131
Job_105,1,8019,9717,M0,8050,86,8136,-1581,0,1581
Job_095,4,7200,8444,M4,8073,49,8122,-322,0,322
Job_090,1,6853,8917,M2,8079,95,8174,-743,0,743
Job_100,1,7493,9056,M1,8079,2,8081,-975,0,975
Job_097,0,7340,9129,M1,8081,91,8172,-957,0,957
Job_100,2,7493,9056,M5,8081,52,8133,-923,0,923
Job_089,7,6848,8411,M6,8098,65,8163,-248,0,248
Job_099,4,7426,8665,M3,8100,26,8126,-539,0,539
Job_099,5,7426,8665,M4,8126,69,8195,-470,0,470
Job_095,5,7200,8444,M5,8133,11,8144,-300,0,300
Job_085,9,6478,8179,M7,8134,45,8179,0,0,0
Job_107,0,8121,9728,M0,8136,43,8179,-1549,0,1549
Job_095,6,7200,8444,M6,8163,62,8225,-219,0,219
Job_102,2,7673,9371,M1,8172,46,8218,-1153,0,1153
Job_101,3,7530,8841,M2,8174,13,8187,-654,0,654
Job_090,2,6853,8917,M0,8179,71,8250,-667,0,667
Job_107,1,8121,9728,M2,8187,90,8277,-1451,0,1451
Job_084,8,6447,8327,M4,8195,26,8221,-106,0,106
Job_099,6,7426,8665,M8,8195,21,8216,-449,0,449
Job_086,9,6579,8277,M3,8198,79,8277,0,0,0
Job_093,9,6976,8220,M9,8199,21,8220,0,0,0
Job_099,7,7426,8665,M7,8216,49,8265,-400,0,400
Job_098,0,7391,9454,M1,8218,81,8299,-1155,0,1155
Job_102,3,7673,9371,M5,8218,74,8292,-1079,0,1079
Job_089,8,6848,8411,M4,8221,6,8227,-184,0,184
Job_088,9,6681,8288,M8,8223,30,8253,-35,0,35
Job_101,4,7530,8841,M6,8225,32,8257,-584,0,584
Job_090,3,6853,8917,M4,8250,99,8349,-568,0,568
Job_097,1,7340,9129,M0,8250,85,8335,-794,0,794
Job_084,9,6447,8327,M8,8253,74,8327,0,0,0
Job_096,6,7280,8887,M6,8257,46,8303,-584,0,584
Job_095,7,7200,8444,M7,8265,56,8321,-123,0,123
Job_099,8,7426,8665,M9,8265,72,8337,-328,0,328
Job_100,3,7493,9056,M3,8277,95,8372,-684,0,684
Job_108,0,8288,9851,M2,8288,84,8372,-1479,0,1479
Job_101,5,7530,8841,M5,8292,21,8313,-528,0,528
Job_096,7,7280,8887,M5,8313,46,8359,-528,0,528
Job_095,8,7200,8444,M8,8327,44,8371,-73,0,73
Job_106,0,8067,9948,M0,8335,76,8411,-1537,0,1537
Job_101,6,7530,8841,M9,8337,32,8369,-472,0,472
Job_090,4,6853,8917,M6,8349,9,8358,-559,0,559
Job_107,2,8121,9728,M4,8349,75,8424,-1304,0,1304
Job_090,5,6853,8917,M8,8371,52,8423,-494,0,494
Job_097,2,7340,9129,M3,8372,39,8411,-718,0,718
Job_098,1,7391,9454,M2,8372,95,8467,-987,0,987
Job_089,9,6848,8411,M7,8386,25,8411,0,0,0
Job_096,8,7280,8887,M7,8411,72,8483,-404,0,404
Job_112,0,8416,9660,M0,8416,29,8445,-1215,0,1215
Job_095,9,7200,8444,M9,8423,21,8444,0,0,0
Job_102,4,7673,9371,M4,8424,32,8456,-915,0,915
Job_087,9,6627,8508,M8,8434,74,8508,0,0,0
Job_107,3,8121,9728,M9,8444,11,8455,-1273,0,1273
Job_107,4,8121,9728,M3,8455,69,8524,-1204,0,1204
Job_102,5,7673,9371,M6,8456,88,8544,-827,0,827
Job_097,3,7340,9129,M2,8467,74,8541,-588,0,588
Job_098,2,7391,9454,M0,8467,71,8538,-916,0,916
Job_090,6,6853,8917,M7,8483,85,8568,-349,0,349
Job_101,7,7530,8841,M8,8508,89,8597,-244,0,244
Job_110,0,8299,9538,M2,8541,14,8555,-983,0,983
Job_110,1,8299,9538,M0,8555,6,8561,-977,0,977
Job_110,2,8299,9538,M1,8561,22,8583,-955,0,955
Job_090,7,6853,8917,M3,8568,98,8666,-251,0,251
Job_092,8,6860,8650,M9,8572,45,8617,-33,0,33
Job_104,0,7918,9619,M1,8583,85,8668,-951,0,951
Job_110,3,8299,9538,M5,8583,61,8644,-894,0,894
Job_097,4,7340,9129,M8,8597,90,8687,-442,0,442
Job_099,9,7426,8665,M6,8612,53,8665,0,0,0
Job_092,9,6860,8650,M4,8617,33,8650,0,0,0
Job_114,0,8640,9884,M0,8640,29,8669,-1215,0,1215
Job_098,3,7391,9454,M4,8650,99,8749,-705,0,705
Job_110,4,8299,9538,M3,8666,26,8692,-846,0,846
Job_112,1,8416,9660,M1,8668,78,8746,-914,0,914
Job_104,1,7918,9619,M0,8669,13,8682,-937,0,937
Job_104,2,7918,9619,M2,8682,61,8743,-876,0,876
Job_097,5,7340,9129,M5,8687,10,8697,-432,0,432
Job_100,4,7493,9056,M8,8687,48,8735,-321,0,321
Job_101,8,7530,8841,M7,8699,30,8729,-112,0,112
Job_115,0,8720,10327,M0,8720,43,8763,-1564,0,1564
Job_094,9,7072,8774,M7,8729,45,8774,0,0,0
Job_100,5,7493,9056,M9,8735,72,8807,-249,0,249
Job_102,6,7673,9371,M8,8735,19,8754,-617,0,617
Job_104,3,7918,9619,M6,8743,7,8750,-869,0,869
Job_105,2,8019,9717,M1,8746,46,8792,-925,0,925
Job_112,2,8416,9660,M2,8746,9,8755,-905,0,905
Job_098,4,7391,9454,M6,8750,9,8759,-695,0,695
Job_104,4,7918,9619,M8,8754,64,8818,-801,0,801
Job_112,3,8416,9660,M3,8755,36,8791,-869,0,869
Job_115,1,8720,10327,M2,8763,90,8853,-1474,0,1474
Job_097,6,7340,9129,M7,8774,12,8786,-343,0,343
Job_097,7,7340,9129,M6,8786,89,8875,-254,0,254
Job_101,9,7530,8841,M4,8786,55,8841,0,0,0
Job_105,3,8019,9717,M5,8792,74,8866,-851,0,851
Job_107,5,8121,9728,M1,8792,28,8820,-908,0,908
Job_100,6,7493,9056,M0,8807,47,8854,-202,0,202
Job_103,1,7887,9767,M1,8820,69,8889,-878,0,878
Job_110,5,8299,9538,M4,8841,69,8910,-628,0,628
Job_090,8,6853,8917,M9,8852,22,8874,-43,0,43
Job_096,9,7280,8887,M8,8857,30,8887,0,0,0
Job_118,0,8866,10105,M2,8866,14,8880,-1225,0,1225
Job_090,9,6853,8917,M5,8874,43,8917,0,0,0
Job_102,7,7673,9371,M9,8874,48,8922,-449,0,449
Job_100,7,7493,9056,M6,8875,65,8940,-116,0,116
Job_118,1,8866,10105,M0,8880,6,8886,-1219,0,1219
Job_098,5,7391,9454,M8,8887,52,8939,-515,0,515
Job_103,2,7887,9767,M3,8889,76,8965,-802,0,802
Job_108,1,8288,9851,M1,8889,2,8891,-960,0,960
Job_114,1,8640,9884,M1,8891,78,8969,-915,0,915
Job_105,4,8019,9717,M4,8910,32,8942,-775,0,775
Job_108,2,8288,9851,M5,8917,52,8969,-882,0,882
Job_097,8,7340,9129,M9,8922,45,8967,-162,0,162
Job_102,8,7673,9371,M7,8922,36,8958,-413,0,413
Job_119,0,8933,10496,M2,8933,84,9017,-1479,0,1479
Job_110,6,8299,9538,M8,8939,21,8960,-578,0,578
Job_107,6,8121,9728,M6,8940,46,8986,-742,0,742
Job_100,8,7493,9056,M4,8942,6,8948,-108,0,108
Job_112,4,8416,9660,M4,8948,49,8997,-663,0,663
Job_110,7,8299,9538,M7,8960,49,9009,-529,0,529
Job_104,5,7918,9619,M9,8967,76,9043,-576,0,576
Job_103,3,7887,9767,M5,8969,51,9020,-747,0,747
Job_106,1,8067,9948,M1,8969,69,9038,-910,0,910
Job_108,3,8288,9851,M3,8969,95,9064,-787,0,787
Job_105,5,8019,9717,M6,8986,88,9074,-643,0,643
Job_115,2,8720,10327,M4,8997,75,9072,-1255,0,1255
Job_114,2,8640,9884,M2,9017,9,9026,-858,0,858
Job_112,5,8416,9660,M5,9020,11,9031,-629,0,629
Job_103,4,7887,9767,M2,9026,85,9111,-656,0,656
Job_100,9,7493,9056,M7,9031,25,9056,0,0,0
Job_107,7,8121,9728,M5,9031,46,9077,-651,0,651
Job_111,0,8300,10090,M1,9038,91,9129,-961,0,961
Job_110,8,8299,9538,M9,9043,72,9115,-423,0,423
Job_106,2,8067,9948,M3,9064,76,9140,-808,0,808
Job_108,4,8288,9851,M8,9064,48,9112,-739,0,739
Job_112,6,8416,9660,M6,9074,62,9136,-524,0,524
Job_104,6,7918,9619,M5,9077,47,9124,-495,0,495
Job_097,9,7340,9129,M4,9096,33,9129,0,0,0
Job_098,6,7391,9454,M7,9109,85,9194,-260,0,260
Job_105,6,8019,9717,M8,9112,19,9131,-586,0,586
Job_121,0,9113,10811,M2,9113,31,9144,-1667,0,1667
Job_103,5,7887,9767,M9,9115,11,9126,-641,0,641
Job_115,3,8720,10327,M9,9126,11,9137,-1190,0,1190
Job_111,1,8300,10090,M0,9129,85,9214,-876,0,876
Job_118,2,8866,10105,M1,9129,22,9151,-954,0,954
Job_103,6,7887,9767,M6,9136,40,9176,-591,0,591
Job_105,7,8019,9717,M9,9137,48,9185,-532,0,532
Job_106,3,8067,9948,M5,9140,51,9191,-757,0,757
Job_114,3,8640,9884,M3,9140,36,9176,-708,0,708
Job_113,0,8512,10214,M1,9151,85,9236,-978,0,978
Job_114,4,8640,9884,M4,9176,49,9225,-659,0,659
Job_108,5,8288,9851,M9,9185,72,9257,-594,0,594
Job_106,4,8067,9948,M2,9191,85,9276,-672,0,672
Job_118,3,8866,10105,M5,9191,61,9252,-853,0,853
Job_098,7,7391,9454,M3,9194,98,9292,-162,0,162
Job_103,7,7887,9767,M7,9194,89,9283,-484,0,484
Job_121,1,9113,10811,M0,9214,86,9300,-1511,0,1511
Job_120,0,8970,10281,M1,9236,46,9282,-999,0,999
Job_114,5,8640,9884,M5,9252,11,9263,-621,0,621
Job_114,6,8640,9884,M6,9263,62,9325,-559,0,559
Job_106,5,8067,9948,M9,9276,11,9287,-661,0,661
Job_103,8,7887,9767,M4,9283,26,9309,-458,0,458
Job_107,8,8121,9728,M7,9283,72,9355,-373,0,373
Job_098,8,7391,9454,M9,9292,22,9314,-140,0,140
Job_102,9,7673,9371,M3,9292,79,9371,0,0,0
Job_113,1,8512,10214,M0,9300,13,9313,-901,0,901
Job_108,6,8288,9851,M0,9313,47,9360,-491,0,491
Job_113,2,8512,10214,M2,9313,61,9374,-840,0,840
Job_106,6,8067,9948,M6,9325,40,9365,-583,0,583
Job_112,7,8416,9660,M7,9355,56,9411,-249,0,249
Job_120,1,8970,10281,M0,9360,37,9397,-884,0,884
Job_108,7,8288,9851,M6,9365,65,9430,-421,0,421
Job_111,2,8300,10090,M3,9371,39,9410,-680,0,680
Job_122,0,9327,11207,M0,9397,76,9473,-1734,0,1734
Job_111,3,8300,10090,M2,9410,74,9484,-606,0,606
Job_098,9,7391,9454,M5,9411,43,9454,0,0,0
Job_105,8,8019,9717,M7,9411,36,9447,-270,0,270
Job_112,8,8416,9660,M8,9411,44,9455,-205,0,205
Job_108,8,8288,9851,M4,9430,6,9436,-415,0,415
Job_113,3,8512,10214,M6,9430,7,9437,-777,0,777
Job_104,7,7918,9619,M3,9432,52,9484,-135,0,135
Job_106,7,8067,9948,M7,9447,89,9536,-412,0,412
Job_113,4,8512,10214,M8,9455,64,9519,-695,0,695
Job_104,8,7918,9619,M4,9484,90,9574,-45,0,45
Job_115,4,8720,10327,M3,9484,69,9553,-774,0,774
Job_124,0,9459,11157,M2,9484,31,9515,-1642,0,1642
Job_110,9,8299,9538,M6,9485,53,9538,0,0,0
Job_125,0,9507,11388,M0,9507,76,9583,-1805,0,1805
Job_111,4,8300,10090,M8,9519,90,9609,-481,0,481
Job_113,5,8512,10214,M9,9519,76,9595,-619,0,619
Job_115,5,8720,10327,M1,9553,28,9581,-746,0,746
Job_118,4,8866,10105,M3,9553,26,9579,-526,0,526
Job_104,9,7918,9619,M7,9574,45,9619,0,0,0
Job_106,8,8067,9948,M4,9574,26,9600,-348,0,348
Job_109,0,8293,10357,M1,9581,81,9662,-695,0,695
Job_115,6,8720,10327,M6,9581,46,9627,-700,0,700
Job_126,0,9561,11168,M0,9583,43,9626,-1542,0,1542
Job_113,6,8512,10214,M5,9595,47,9642,-572,0,572
Job_118,5,8866,10105,M4,9600,69,9669,-436,0,436
Job_114,7,8640,9884,M7,9619,56,9675,-209,0,209
Job_124,1,9459,11157,M0,9626,86,9712,-1445,0,1445
Job_126,1,9561,11168,M2,9626,90,9716,-1452,0,1452
Job_105,9,8019,9717,M3,9638,79,9717,0,0,0
Job_112,9,8416,9660,M9,9639,21,9660,0,0,0
Job_111,5,8300,10090,M5,9642,10,9652,-438,0,438
Job_115,7,8720,10327,M5,9652,46,9698,-629,0,629
Job_119,1,8933,10496,M1,9662,2,9664,-832,0,832
Job_107,9,8121,9728,M8,9663,30,9693,-35,0,35
Job_116,0,8780,10569,M1,9664,91,9755,-814,0,814
Job_111,6,8300,10090,M7,9675,12,9687,-403,0,403
Job_111,7,8300,10090,M6,9687,89,9776,-314,0,314
Job_103,9,7887,9767,M8,9693,74,9767,0,0,0
Job_115,8,8720,10327,M7,9698,72,9770,-557,0,557
Job_119,2,8933,10496,M5,9698,52,9750,-746,0,746
Job_109,1,8293,10357,M2,9716,95,9811,-546,0,546
Job_126,2,9561,11168,M4,9716,75,9791,-1377,0,1377
Job_113,7,8512,10214,M3,9717,52,9769,-445,0,445
Job_121,2,9113,10811,M1,9755,46,9801,-1010,0,1010
Job_114,8,8640,9884,M8,9767,44,9811,-73,0,73
Job_120,2,8970,10281,M3,9769,61,9830,-451,0,451
Job_111,8,8300,10090,M9,9776,45,9821,-269,0,269
Job_113,8,8512,10214,M4,9791,90,9881,-333,0,333
Job_117,0,8831,10894,M1,9801,81,9882,-1012,0,1012
Job_121,3,9113,10811,M5,9801,74,9875,-936,0,936
Job_109,2,8293,10357,M0,9811,71,9882,-475,0,475
Job_118,6,8866,10105,M8,9811,21,9832,-273,0,273
Job_129,0,9739,10978,M2,9811,14,9825,-1153,0,1153
Job_126,3,9561,11168,M9,9821,11,9832,-1336,0,1336
Job_127,0,9728,11291,M2,9825,84,9909,-1382,0,1382
Job_108,9,8288,9851,M7,9826,25,9851,0,0,0
Job_119,3,8933,10496,M3,9830,95,9925,-571,0,571
Job_118,7,8866,10105,M7,9851,49,9900,-205,0,205
Job_114,9,8640,9884,M9,9863,21,9884,0,0,0
Job_106,9,8067,9948,M8,9874,74,9948,0,0,0
Job_109,3,8293,10357,M4,9882,99,9981,-376,0,376
Job_116,1,8780,10569,M0,9882,85,9967,-602,0,602
Job_118,8,8866,10105,M9,9900,72,9972,-133,0,133
Job_120,3,8970,10281,M2,9909,13,9922,-359,0,359
Job_117,1,8831,10894,M2,9922,95,10017,-877,0,877
Job_120,4,8970,10281,M6,9922,32,9954,-327,0,327
Job_126,4,9561,11168,M3,9925,69,9994,-1174,0,1174
Job_119,4,8933,10496,M8,9948,48,9996,-500,0,500
Job_120,5,8970,10281,M5,9954,21,9975,-306,0,306
Job_129,1,9739,10978,M0,9967,6,9973,-1005,0,1005
Job_129,2,9739,10978,M1,9973,22,9995,-983,0,983
Job_131,0,9856,11100,M0,9973,29,10002,-1098,0,1098
Job_120,6,8970,10281,M9,9975,32,10007,-274,0,274
Job_109,4,8293,10357,M6,9981,9,9990,-367,0,367
Job_121,4,9113,10811,M4,9981,32,10013,-798,0,798
Job_116,2,8780,10569,M3,9994,39,10033,-536,0,536
Job_123,0,9358,11059,M1,9995,85,10080,-979,0,979
Job_129,3,9739,10978,M5,9995,61,10056,-922,0,922
Job_109,5,8293,10357,M8,9996,52,10048,-309,0,309
Job_119,5,8933,10496,M9,10007,72,10079,-417,0,417
Job_117,2,8831,10894,M0,10017,71,10088,-806,0,806
Job_116,3,8780,10569,M2,10033,74,10107,-462,0,462
Job_109,6,8293,10357,M7,10048,85,10133,-224,0,224
Job_120,7,8970,10281,M8,10048,89,10137,-144,0,144
Job_118,9,8866,10105,M6,10052,53,10105,0,0,0
Job_129,4,9739,10978,M3,10056,26,10082,-896,0,896
Job_111,9,8300,10090,M4,10057,33,10090,0,0,0
Job_131,1,9856,11100,M1,10080,78,10158,-942,0,942
Job_119,6,8933,10496,M0,10088,47,10135,-361,0,361
Job_117,3,8831,10894,M4,10090,99,10189,-705,0,705
Job_121,5,9113,10811,M6,10105,88,10193,-618,0,618
Job_123,1,9358,11059,M0,10135,13,10148,-911,0,911
Job_116,4,8780,10569,M8,10137,90,10227,-342,0,342
Job_120,8,8970,10281,M7,10137,30,10167,-114,0,114
Job_123,2,9358,11059,M2,10148,61,10209,-850,0,850
Job_133,0,10080,11324,M0,10148,29,10177,-1147,0,1147
Job_124,2,9459,11157,M1,10158,46,10204,-953,0,953
Job_113,9,8512,10214,M7,10169,45,10214,0,0,0
Job_134,0,10160,11767,M0,10177,43,10220,-1547,0,1547
Job_119,7,8933,10496,M6,10193,65,10258,-238,0,238
Job_109,7,8293,10357,M3,10194,98,10292,-65,0,65
Job_124,3,9459,11157,M5,10204,74,10278,-879,0,879
Job_126,5,9561,11168,M1,10204,28,10232,-936,0,936
Job_131,2,9856,11100,M2,10209,9,10218,-882,0,882
Job_134,1,10160,11767,M2,10220,90,10310,-1457,0,1457
Job_120,9,8970,10281,M4,10226,55,10281,0,0,0
Job_121,6,9113,10811,M8,10227,19,10246,-565,0,565
Job_122,1,9327,11207,M1,10232,69,10301,-906,0,906
Job_117,4,8831,10894,M6,10258,9,10267,-627,0,627
Job_123,3,9358,11059,M6,10267,7,10274,-785,0,785
Job_126,6,9561,11168,M6,10274,46,10320,-848,0,848
Job_116,5,8780,10569,M5,10278,10,10288,-281,0,281
Job_119,8,8933,10496,M4,10281,6,10287,-209,0,209
Job_129,5,9739,10978,M4,10287,69,10356,-622,0,622
Job_116,6,8780,10569,M7,10288,12,10300,-269,0,269
Job_109,8,8293,10357,M9,10292,22,10314,-43,0,43
Job_131,3,9856,11100,M3,10292,36,10328,-772,0,772
Job_115,9,8720,10327,M8,10297,30,10327,0,0,0
Job_127,1,9728,11291,M1,10301,2,10303,-988,0,988
Job_133,1,10080,11324,M1,10303,78,10381,-943,0,943
Job_137,0,10306,11545,M2,10310,14,10324,-1221,0,1221
Job_109,9,8293,10357,M5,10314,43,10357,0,0,0
Job_121,7,9113,10811,M9,10314,48,10362,-449,0,449
Job_116,7,8780,10569,M6,10320,89,10409,-160,0,160
Job_137,1,10306,11545,M0,10324,6,10330,-1215,0,1215
Job_117,5,8831,10894,M8,10327,52,10379,-515,0,515
Job_122,2,9327,11207,M3,10328,76,10404,-803,0,803
Job_124,4,9459,11157,M4,10356,32,10388,-769,0,769
Job_127,2,9728,11291,M5,10357,52,10409,-882,0,882
Job_121,8,9113,10811,M7,10362,36,10398,-413,0,413
Job_138,0,10373,11936,M2,10373,84,10457,-1479,0,1479
Job_123,4,9358,11059,M8,10379,64,10443,-616,0,616
Job_125,1,9507,11388,M1,10381,69,10450,-938,0,938
Job_131,4,9856,11100,M4,10388,49,10437,-663,0,663
Job_116,8,8780,10569,M9,10409,45,10454,-115,0,115
Job_122,3,9327,11207,M5,10409,51,10460,-747,0,747
Job_124,5,9459,11157,M6,10409,88,10497,-660,0,660
Job_127,3,9728,11291,M3,10409,95,10504,-787,0,787
Job_134,2,10160,11767,M4,10437,75,10512,-1255,0,1255
Job_129,6,9739,10978,M8,10443,21,10464,-514,0,514
Job_130,0,9740,11530,M1,10450,91,10541,-989,0,989
Job_123,5,9358,11059,M9,10454,76,10530,-529,0,529
Job_133,2,10080,11324,M2,10457,9,10466,-858,0,858
Job_131,5,9856,11100,M5,10460,11,10471,-629,0,629
Job_122,4,9327,11207,M2,10466,85,10551,-656,0,656
Job_119,9,8933,10496,M7,10471,25,10496,0,0,0
Job_126,7,9561,11168,M5,10471,46,10517,-651,0,651
Job_117,6,8831,10894,M7,10496,85,10581,-313,0,313
Job_124,6,9459,11157,M8,10497,19,10516,-641,0,641
Job_131,6,9856,11100,M6,10497,62,10559,-541,0,541
Job_125,2,9507,11388,M3,10504,76,10580,-808,0,808
Job_127,4,9728,11291,M8,10516,48,10564,-727,0,727
Job_123,6,9358,11059,M5,10530,47,10577,-482,0,482
Job_124,7,9459,11157,M9,10530,48,10578,-579,0,579
Job_116,9,8780,10569,M4,10536,33,10569,0,0,0
Job_130,1,9740,11530,M0,10541,85,10626,-904,0,904
Job_137,2,10306,11545,M1,10541,22,10563,-982,0,982
Job_140,0,10553,12251,M2,10553,31,10584,-1667,0,1667
Job_132,0,9952,11654,M1,10563,85,10648,-1006,0,1006
Job_137,3,10306,11545,M5,10577,61,10638,-907,0,907
Job_122,5,9327,11207,M9,10578,11,10589,-618,0,618
Job_123,7,9358,11059,M3,10580,52,10632,-427,0,427
Job_129,7,9739,10978,M7,10581,49,10630,-348,0,348
Job_122,6,9327,11207,M6,10589,40,10629,-578,0,578
Job_134,3,10160,11767,M9,10589,11,10600,-1167,0,1167
Job_127,5,9728,11291,M9,10600,72,10672,-619,0,619
Job_140,1,10553,12251,M0,10626,86,10712,-1539,0,1539
Job_122,7,9327,11207,M7,10630,89,10719,-488,0,488
Job_117,7,8831,10894,M3,10632,98,10730,-164,0,164
Job_123,8,9358,11059,M4,10632,90,10722,-337,0,337
Job_125,3,9507,11388,M5,10638,51,10689,-699,0,699
Job_139,0,10410,11721,M1,10648,46,10694,-1027,0,1027
Job_129,8,9739,10978,M9,10672,72,10744,-234,0,234
Job_125,4,9507,11388,M2,10689,85,10774,-614,0,614
Job_132,1,9952,11654,M0,10712,13,10725,-929,0,929
Job_126,8,9561,11168,M7,10719,72,10791,-377,0,377
Job_122,8,9327,11207,M4,10722,26,10748,-459,0,459
Job_127,6,9728,11291,M0,10725,47,10772,-519,0,519
Job_121,9,9113,10811,M3,10732,79,10811,0,0,0
Job_117,8,8831,10894,M9,10744,22,10766,-128,0,128
Job_127,7,9728,11291,M6,10772,65,10837,-454,0,454
Job_139,1,10410,11721,M0,10772,37,10809,-912,0,912
Job_125,5,9507,11388,M9,10774,11,10785,-603,0,603
Job_132,2,9952,11654,M2,10774,61,10835,-819,0,819
Job_131,7,9856,11100,M7,10791,56,10847,-253,0,253
Job_141,0,10767,12647,M0,10809,76,10885,-1762,0,1762
Job_130,2,9740,11530,M3,10811,39,10850,-680,0,680
Job_127,8,9728,11291,M4,10837,6,10843,-448,0,448
Job_132,3,9952,11654,M6,10837,7,10844,-810,0,810
Job_125,6,9507,11388,M6,10844,40,10884,-504,0,504
Job_132,4,9952,11654,M8,10844,64,10908,-746,0,746
Job_124,8,9459,11157,M7,10847,36,10883,-274,0,274
Job_130,3,9740,11530,M2,10850,74,10924,-606,0,606
Job_134,4,10160,11767,M3,10850,69,10919,-848,0,848
Job_117,9,8831,10894,M5,10851,43,10894,0,0,0
Job_125,7,9507,11388,M7,10884,89,10973,-415,0,415
Job_131,8,9856,11100,M8,10908,44,10952,-148,0,148
Job_132,5,9952,11654,M9,10908,76,10984,-670,0,670
Job_133,3,10080,11324,M3,10919,36,10955,-369,0,369
Job_134,5,10160,11767,M1,10919,28,10947,-820,0,820
Job_143,0,10899,12597,M2,10924,31,10955,-1642,0,1642
Job_129,9,9739,10978,M6,10925,53,10978,0,0,0
Job_128,0,9733,11797,M1,10947,81,11028,-769,0,769
Job_144,0,10947,12828,M0,10947,76,11023,-1805,0,1805
Job_130,4,9740,11530,M8,10952,90,11042,-488,0,488
Job_133,4,10080,11324,M4,10955,49,11004,-320,0,320
Job_137,4,10306,11545,M3,10955,26,10981,-564,0,564
Job_134,6,10160,11767,M6,10978,46,11024,-743,0,743
Job_139,2,10410,11721,M3,10981,61,11042,-679,0,679
Job_132,6,9952,11654,M5,10984,47,11031,-623,0,623
Job_137,5,10306,11545,M4,11004,69,11073,-472,0,472
Job_123,9,9358,11059,M7,11014,45,11059,0,0,0
Job_145,0,11001,12608,M0,11023,43,11066,-1542,0,1542
Job_128,1,9733,11797,M2,11028,95,11123,-674,0,674
Job_138,1,10373,11936,M1,11028,2,11030,-906,0,906
Job_135,0,10220,12009,M1,11030,91,11121,-888,0,888
Job_133,5,10080,11324,M5,11031,11,11042,-282,0,282
Job_130,5,9740,11530,M5,11042,10,11052,-478,0,478
Job_133,6,10080,11324,M6,11042,62,11104,-220,0,220
Job_138,2,10373,11936,M5,11052,52,11104,-832,0,832
Job_130,6,9740,11530,M7,11059,12,11071,-459,0,459
Job_143,1,10899,12597,M0,11066,86,11152,-1445,0,1445
Job_125,8,9507,11388,M4,11073,26,11099,-289,0,289
Job_137,6,10306,11545,M8,11073,21,11094,-451,0,451
Job_124,9,9459,11157,M3,11078,79,11157,0,0,0
Job_131,9,9856,11100,M9,11079,21,11100,0,0,0
Job_137,7,10306,11545,M7,11094,49,11143,-402,0,402
Job_126,9,9561,11168,M8,11103,30,11133,-35,0,35
Job_130,7,9740,11530,M6,11104,89,11193,-337,0,337
Job_134,7,10160,11767,M5,11104,46,11150,-617,0,617
Job_140,2,10553,12251,M1,11121,46,11167,-1084,0,1084
Job_139,3,10410,11721,M2,11123,13,11136,-585,0,585
Job_122,9,9327,11207,M8,11133,74,11207,0,0,0
Job_145,1,11001,12608,M2,11136,90,11226,-1382,0,1382
Job_133,7,10080,11324,M7,11143,56,11199,-125,0,125
Job_137,8,10306,11545,M9,11143,72,11215,-330,0,330
Job_128,2,9733,11797,M0,11152,71,11223,-574,0,574
Job_132,7,9952,11654,M3,11157,52,11209,-445,0,445
Job_136,0,10271,12334,M1,11167,81,11248,-1086,0,1086
Job_140,3,10553,12251,M5,11167,74,11241,-1010,0,1010
Job_139,4,10410,11721,M6,11193,32,11225,-496,0,496
Job_133,8,10080,11324,M8,11207,44,11251,-73,0,73
Job_132,8,9952,11654,M4,11209,90,11299,-355,0,355
Job_138,3,10373,11936,M3,11209,95,11304,-632,0,632
Job_130,8,9740,11530,M9,11215,45,11260,-270,0,270
Job_135,1,10220,12009,M0,11223,85,11308,-701,0,701
Job_148,0,11179,12418,M2,11226,14,11240,-1178,0,1178
Job_146,0,11168,12731,M2,11240,84,11324,-1407,0,1407
Job_139,5,10410,11721,M5,11241,21,11262,-459,0,459
Job_139,6,10410,11721,M9,11262,32,11294,-427,0,427
Job_127,9,9728,11291,M7,11266,25,11291,0,0,0
Job_134,8,10160,11767,M7,11291,72,11363,-404,0,404
Job_128,3,9733,11797,M4,11299,99,11398,-399,0,399
Job_133,9,10080,11324,M9,11303,21,11324,0,0,0
Job_135,2,10220,12009,M3,11308,39,11347,-662,0,662
Job_148,1,11179,12418,M0,11308,6,11314,-1104,0,1104
Job_125,9,9507,11388,M8,11314,74,11388,0,0,0
Job_148,2,11179,12418,M1,11314,22,11336,-1082,0,1082
Job_150,0,11296,12540,M0,11314,29,11343,-1197,0,1197
Job_136,1,10271,12334,M2,11324,95,11419,-915,0,915
Job_142,0,10798,12499,M1,11336,85,11421,-1078,0,1078
Job_148,3,11179,12418,M5,11336,61,11397,-1021,0,1021
Job_138,4,10373,11936,M8,11388,48,11436,-500,0,500
Job_148,4,11179,12418,M3,11397,26,11423,-995,0,995
Job_128,4,9733,11797,M6,11398,9,11407,-390,0,390
Job_145,2,11001,12608,M4,11398,75,11473,-1135,0,1135
Job_135,3,10220,12009,M2,11419,74,11493,-516,0,516
Job_136,2,10271,12334,M0,11419,71,11490,-844,0,844
Job_150,1,11296,12540,M1,11421,78,11499,-1041,0,1041
Job_128,5,9733,11797,M8,11436,52,11488,-309,0,309
Job_138,5,10373,11936,M9,11436,72,11508,-428,0,428
Job_128,6,9733,11797,M7,11488,85,11573,-224,0,224
Job_139,7,10410,11721,M8,11488,89,11577,-144,0,144
Job_142,1,10798,12499,M0,11490,13,11503,-996,0,996
Job_137,9,10306,11545,M6,11492,53,11545,0,0,0
Job_130,9,9740,11530,M4,11497,33,11530,0,0,0
Job_143,2,10899,12597,M1,11499,46,11545,-1052,0,1052
Job_150,2,11296,12540,M2,11499,9,11508,-1032,0,1032
Job_138,6,10373,11936,M0,11508,47,11555,-381,0,381
Job_142,2,10798,12499,M2,11508,61,11569,-930,0,930
Job_145,3,11001,12608,M9,11508,11,11519,-1089,0,1089
Job_150,3,11296,12540,M3,11508,36,11544,-996,0,996
Job_136,3,10271,12334,M4,11530,99,11629,-705,0,705
Job_145,4,11001,12608,M3,11544,69,11613,-995,0,995
Job_143,3,10899,12597,M5,11545,74,11619,-978,0,978
Job_138,7,10373,11936,M6,11555,65,11620,-316,0,316
Job_135,4,10220,12009,M8,11577,90,11667,-342,0,342
Job_139,8,10410,11721,M7,11577,30,11607,-114,0,114
Job_132,9,9952,11654,M7,11609,45,11654,0,0,0
Job_128,7,9733,11797,M3,11613,98,11711,-86,0,86
Job_145,5,11001,12608,M1,11613,28,11641,-967,0,967
Job_142,3,10798,12499,M6,11620,7,11627,-872,0,872
Job_136,4,10271,12334,M6,11629,9,11638,-696,0,696
Job_138,8,10373,11936,M4,11629,6,11635,-301,0,301
Job_141,1,10767,12647,M1,11641,69,11710,-937,0,937
Job_145,6,11001,12608,M6,11641,46,11687,-921,0,921
Job_139,9,10410,11721,M4,11666,55,11721,0,0,0
Job_135,5,10220,12009,M5,11667,10,11677,-332,0,332
Job_136,5,10271,12334,M8,11667,52,11719,-615,0,615
Job_135,6,10220,12009,M7,11677,12,11689,-320,0,320
Job_145,7,11001,12608,M5,11687,46,11733,-875,0,875
Job_135,7,10220,12009,M6,11689,89,11778,-231,0,231
Job_146,1,11168,12731,M1,11710,2,11712,-1019,0,1019
Job_128,8,9733,11797,M9,11711,22,11733,-64,0,64
Job_141,2,10767,12647,M3,11711,76,11787,-860,0,860
Job_144,1,10947,12828,M1,11712,69,11781,-1047,0,1047
Job_136,6,10271,12334,M7,11719,85,11804,-530,0,530
Job_140,4,10553,12251,M4,11721,32,11753,-498,0,498
Job_134,9,10160,11767,M8,11737,30,11767,0,0,0
Job_148,5,11179,12418,M4,11753,69,11822,-596,0,596
Job_128,9,9733,11797,M5,11754,43,11797,0,0,0
Job_142,4,10798,12499,M8,11767,64,11831,-668,0,668
Job_135,8,10220,12009,M9,11778,45,11823,-186,0,186
Job_140,5,10553,12251,M6,11778,88,11866,-385,0,385
Job_149,0,11180,12970,M1,11781,91,11872,-1098,0,1098
Job_144,2,10947,12828,M3,11787,76,11863,-965,0,965
Job_141,3,10767,12647,M5,11797,51,11848,-799,0,799
Job_145,8,11001,12608,M7,11804,72,11876,-732,0,732
Job_143,4,10899,12597,M4,11822,32,11854,-743,0,743
Job_142,5,10798,12499,M9,11831,76,11907,-592,0,592
Job_148,6,11179,12418,M8,11831,21,11852,-566,0,566
Job_141,4,10767,12647,M2,11848,85,11933,-714,0,714
Job_146,2,11168,12731,M5,11848,52,11900,-831,0,831
Job_150,4,11296,12540,M4,11854,49,11903,-637,0,637
Job_136,7,10271,12334,M3,11863,98,11961,-373,0,373
Job_140,6,10553,12251,M8,11866,19,11885,-366,0,366
Job_143,5,10899,12597,M6,11866,88,11954,-643,0,643
Job_149,1,11180,12970,M0,11872,85,11957,-1013,0,1013
Job_151,0,11392,13094,M1,11872,85,11957,-1137,0,1137
Job_144,3,10947,12828,M5,11900,51,11951,-877,0,877
Job_140,7,10553,12251,M9,11907,48,11955,-296,0,296
Job_138,9,10373,11936,M7,11911,25,11936,0,0,0
Job_148,7,11179,12418,M7,11936,49,11985,-433,0,433
Job_142,6,10798,12499,M5,11951,47,11998,-501,0,501
Job_144,4,10947,12828,M2,11951,85,12036,-792,0,792
Job_143,6,10899,12597,M8,11954,19,11973,-624,0,624
Job_141,5,10767,12647,M9,11955,11,11966,-681,0,681
Job_147,0,11173,13237,M1,11957,81,12038,-1199,0,1199
Job_151,1,11392,13094,M0,11957,13,11970,-1124,0,1124
Job_146,3,11168,12731,M3,11961,95,12056,-675,0,675
Job_136,8,10271,12334,M9,11966,22,11988,-346,0,346
Job_141,6,10767,12647,M6,11966,40,12006,-641,0,641
Job_135,9,10220,12009,M4,11976,33,12009,0,0,0
Job_140,8,10553,12251,M7,11985,36,12021,-230,0,230
Job_148,8,11179,12418,M9,11988,72,12060,-358,0,358
Job_150,5,11296,12540,M5,11998,11,12009,-531,0,531
Job_150,6,11296,12540,M6,12009,62,12071,-469,0,469
Job_141,7,10767,12647,M7,12021,89,12110,-537,0,537
Job_151,2,11392,13094,M2,12036,61,12097,-997,0,997
Job_142,7,10798,12499,M3,12056,52,12108,-391,0,391
Job_146,4,11168,12731,M8,12056,48,12104,-627,0,627
Job_143,7,10899,12597,M9,12060,48,12108,-489,0,489
Job_147,1,11173,13237,M2,12097,95,12192,-1045,0,1045
Job_151,3,11392,13094,M6,12097,7,12104,-990,0,990
Job_151,4,11392,13094,M8,12104,64,12168,-926,0,926
Job_142,8,10798,12499,M4,12108,90,12198,-301,0,301
Job_146,5,11168,12731,M9,12108,72,12180,-551,0,551
Job_149,2,11180,12970,M3,12108,39,12147,-823,0,823
Job_150,7,11296,12540,M7,12110,56,12166,-374,0,374
Job_143,8,10899,12597,M7,12166,36,12202,-395,0,395
Job_150,8,11296,12540,M8,12168,44,12212,-328,0,328
Job_140,9,10553,12251,M3,12172,79,12251,0,0,0
Job_144,5,10947,12828,M9,12180,11,12191,-637,0,637
Job_146,6,11168,12731,M0,12180,47,12227,-504,0,504
Job_144,6,10947,12828,M6,12191,40,12231,-597,0,597
Job_151,5,11392,13094,M9,12191,76,12267,-827,0,827
Job_149,3,11180,12970,M2,12192,74,12266,-704,0,704
Job_141,8,10767,12647,M4,12198,26,12224,-423,0,423
Job_147,2,11173,13237,M0,12227,71,12298,-939,0,939
Job_144,7,10947,12828,M7,12231,89,12320,-508,0,508
Job_146,7,11168,12731,M6,12231,65,12296,-435,0,435
Job_149,4,11180,12970,M8,12266,90,12356,-614,0,614
Job_136,9,10271,12334,M5,12291,43,12334,0,0,0
Job_146,8,11168,12731,M4,12296,6,12302,-429,0,429
Job_147,3,11173,13237,M4,12302,99,12401,-836,0,836
Job_151,6,11392,13094,M5,12334,47,12381,-713,0,713
Job_148,9,11179,12418,M6,12365,53,12418,0,0,0
Job_149,5,11180,12970,M5,12381,10,12391,-579,0,579
Job_151,7,11392,13094,M3,12381,52,12433,-661,0,661
Job_149,6,11180,12970,M7,12391,12,12403,-567,0,567
Job_144,8,10947,12828,M4,12401,26,12427,-401,0,401
Job_149,7,11180,12970,M6,12418,89,12507,-463,0,463
Job_151,8,11392,13094,M4,12433,90,12523,-571,0,571
Job_142,9,10798,12499,M7,12454,45,12499,0,0,0
Job_147,4,11173,13237,M6,12507,9,12516,-721,0,721
Job_143,9,10899,12597,M3,12518,79,12597,0,0,0
Job_150,9,11296,12540,M9,12519,21,12540,0,0,0
Job_149,8,11180,12970,M9,12540,45,12585,-385,0,385
Job_145,9,11001,12608,M8,12543,30,12573,-35,0,35
Job_141,9,10767,12647,M8,12573,74,12647,0,0,0
Job_147,5,11173,13237,M8,12647,52,12699,-538,0,538
Job_146,9,11168,12731,M7,12706,25,12731,0,0,0
Job_147,6,11173,13237,M7,12731,85,12816,-421,0,421
Job_144,9,10947,12828,M8,12754,74,12828,0,0,0
Job_147,7,11173,13237,M3,12816,98,12914,-323,0,323
Job_147,8,11173,13237,M9,12914,22,12936,-301,0,301
Job_149,9,11180,12970,M4,12937,33,12970,0,0,0
Job_151,9,11392,13094,M7,13049,45,13094,0,0,0
Job_147,9,11173,13237,M5,13194,43,13237,0,0,0
