Job,Operation,Arrival,Deadline,Machine,Start,Processing Time,End,Lateness,Tardiness,Earliness
Job_019,0,1440,2684,M0,1440,29,1469,-1215,0,1215
Job_017,1,1216,2460,M1,1450,78,1528,-932,0,932
Job_015,3,1099,2338,M5,1456,61,1517,-821,0,821
Job_008,8,687,2567,M4,1472,26,1498,-1069,0,1069
Job_004,9,226,1465,M6,1473,53,1526,61,61,0
Job_010,6,819,2517,M8,1473,19,1492,-1025,0,1025
Job_010,7,819,2517,M9,1492,48,1540,-977,0,977
Job_015,4,1099,2338,M3,1517,26,1543,-795,0,795
Job_020,0,1520,3127,M0,1520,43,1563,-1564,0,1564
Job_013,1,1088,2651,M1,1528,2,1530,-1121,0,1121
Job_012,5,921,2528,M1,1530,28,1558,-970,0,970
Job_013,2,1088,2651,M5,1530,52,1582,-1069,0,1069
Job_017,2,1216,2460,M2,1534,9,1543,-917,0,917
Job_010,8,819,2517,M7,1540,36,1576,-941,0,941
Job_011,4,867,2748,M2,1543,85,1628,-1120,0,1120
Job_017,3,1216,2460,M3,1543,36,1579,-881,0,881
Job_012,6,921,2528,M6,1558,46,1604,-924,0,924
Job_018,0,1312,3014,M1,1558,85,1643,-1371,0,1371
Job_014,2,1093,3157,M0,1563,71,1634,-1523,0,1523
Job_013,3,1088,2651,M3,1582,95,1677,-974,0,974
Job_006,9,330,1641,M4,1586,55,1641,0,0,0
Job_012,7,921,2528,M5,1604,46,1650,-878,0,878
Job_011,5,867,2748,M9,1628,11,1639,-1109,0,1109
Job_016,3,1100,2890,M2,1628,74,1702,-1188,0,1188
Job_011,6,867,2748,M6,1639,40,1679,-1069,0,1069
Job_015,5,1099,2338,M4,1641,69,1710,-628,0,628
Job_018,1,1312,3014,M0,1643,13,1656,-1358,0,1358
Job_019,1,1440,2684,M1,1643,78,1721,-963,0,963
Job_012,8,921,2528,M7,1650,72,1722,-806,0,806
Job_001,9,80,1687,M8,1657,30,1687,0,0,0
Job_013,4,1088,2651,M8,1687,48,1735,-916,0,916
Job_018,2,1312,3014,M2,1702,61,1763,-1251,0,1251
Job_017,4,1216,2460,M4,1710,49,1759,-701,0,701
Job_021,0,1580,3369,M1,1721,91,1812,-1557,0,1557
Job_011,7,867,2748,M7,1722,89,1811,-937,0,937
Job_013,5,1088,2651,M9,1735,72,1807,-844,0,844
Job_015,6,1099,2338,M8,1735,21,1756,-582,0,582
Job_016,4,1100,2890,M8,1756,90,1846,-1044,0,1044
Job_014,3,1093,3157,M4,1759,99,1858,-1299,0,1299
Job_017,5,1216,2460,M5,1759,11,1770,-690,0,690
Job_018,3,1312,3014,M6,1763,7,1770,-1244,0,1244
Job_019,2,1440,2684,M2,1763,9,1772,-912,0,912
Job_017,6,1216,2460,M6,1770,62,1832,-628,0,628
Job_019,3,1440,2684,M3,1772,36,1808,-876,0,876
Job_023,0,1666,2905,M2,1772,14,1786,-1119,0,1119
Job_020,1,1520,3127,M2,1786,90,1876,-1251,0,1251
Job_023,1,1666,2905,M0,1786,6,1792,-1113,0,1113
Job_013,6,1088,2651,M0,1807,47,1854,-797,0,797
Job_023,2,1666,2905,M1,1812,22,1834,-1071,0,1071
Job_005,9,293,1856,M7,1831,25,1856,0,0,0
Job_023,3,1666,2905,M5,1834,61,1895,-1010,0,1010
Job_025,0,1770,3081,M1,1834,46,1880,-1201,0,1201
Job_018,4,1312,3014,M8,1846,64,1910,-1104,0,1104
Job_013,7,1088,2651,M6,1854,65,1919,-732,0,732
Job_021,1,1580,3369,M0,1854,85,1939,-1430,0,1430
Job_015,7,1099,2338,M7,1856,49,1905,-433,0,433
Job_011,8,867,2748,M4,1858,26,1884,-864,0,864
Job_024,0,1733,3296,M2,1876,84,1960,-1336,0,1336
Job_022,0,1631,3694,M1,1880,81,1961,-1733,0,1733
Job_016,5,1100,2890,M5,1895,10,1905,-985,0,985
Job_023,4,1666,2905,M3,1895,26,1921,-984,0,984
Job_002,9,140,1929,M4,1896,33,1929,0,0,0
Job_015,8,1099,2338,M9,1905,72,1977,-361,0,361
Job_017,7,1216,2460,M7,1905,56,1961,-499,0,499
Job_014,4,1093,3157,M6,1919,9,1928,-1229,0,1229
Job_014,5,1093,3157,M8,1928,52,1980,-1177,0,1177
Job_019,4,1440,2684,M4,1929,49,1978,-706,0,706
Job_021,2,1580,3369,M3,1939,39,1978,-1391,0,1391
Job_025,1,1770,3081,M0,1939,37,1976,-1105,0,1105
Job_026,0,1913,3611,M2,1960,31,1991,-1620,0,1620
Job_016,6,1100,2890,M7,1961,12,1973,-917,0,917
Job_024,1,1733,3296,M1,1961,2,1963,-1333,0,1333
Job_024,2,1733,3296,M5,1963,52,2015,-1281,0,1281
Job_016,7,1100,2890,M6,1973,89,2062,-828,0,828
Job_018,5,1312,3014,M9,1977,76,2053,-961,0,961
Job_023,5,1666,2905,M4,1978,69,2047,-858,0,858
Job_025,2,1770,3081,M3,1978,61,2039,-1042,0,1042
Job_014,6,1093,3157,M7,1980,85,2065,-1092,0,1092
Job_017,8,1216,2460,M8,1980,44,2024,-436,0,436
Job_021,3,1580,3369,M2,1991,74,2065,-1304,0,1304
Job_026,1,1913,3611,M0,1991,86,2077,-1534,0,1534
Job_019,5,1440,2684,M5,2015,11,2026,-658,0,658
Job_013,8,1088,2651,M4,2047,6,2053,-598,0,598
Job_023,6,1666,2905,M8,2047,21,2068,-837,0,837
Job_018,6,1312,3014,M5,2053,47,2100,-914,0,914
Job_020,2,1520,3127,M4,2053,75,2128,-999,0,999
Job_016,8,1100,2890,M9,2062,45,2107,-783,0,783
Job_019,6,1440,2684,M6,2062,62,2124,-560,0,560
Job_025,3,1770,3081,M2,2065,13,2078,-1003,0,1003
Job_021,4,1580,3369,M8,2068,90,2158,-1211,0,1211
Job_023,7,1666,2905,M7,2068,49,2117,-788,0,788
Job_026,2,1913,3611,M1,2077,46,2123,-1488,0,1488
Job_022,1,1631,3694,M2,2078,95,2173,-1521,0,1521
Job_007,9,473,2171,M3,2092,79,2171,0,0,0
Job_023,8,1666,2905,M9,2117,72,2189,-716,0,716
Job_026,3,1913,3611,M5,2123,74,2197,-1414,0,1414
Job_019,7,1440,2684,M7,2124,56,2180,-504,0,504
Job_025,4,1770,3081,M6,2124,32,2156,-925,0,925
Job_027,0,2127,4007,M0,2127,76,2203,-1804,0,1804
Job_028,0,2158,3859,M1,2158,85,2243,-1616,0,1616
Job_018,7,1312,3014,M3,2171,52,2223,-791,0,791
Job_019,8,1440,2684,M8,2180,44,2224,-460,0,460
Job_020,3,1520,3127,M9,2189,11,2200,-927,0,927
Job_021,5,1580,3369,M5,2197,10,2207,-1162,0,1162
Job_026,4,1913,3611,M4,2197,32,2229,-1382,0,1382
Job_022,2,1631,3694,M0,2203,71,2274,-1420,0,1420
Job_021,6,1580,3369,M7,2207,12,2219,-1150,0,1150
Job_003,9,191,2254,M5,2211,43,2254,0,0,0
Job_020,4,1520,3127,M3,2223,69,2292,-835,0,835
Job_018,8,1312,3014,M4,2229,90,2319,-695,0,695
Job_027,1,2127,4007,M1,2243,69,2312,-1695,0,1695
Job_025,5,1770,3081,M5,2254,21,2275,-806,0,806
Job_029,0,2259,3957,M2,2259,31,2290,-1667,0,1667
Job_028,1,2158,3859,M0,2274,13,2287,-1572,0,1572
Job_025,6,1770,3081,M9,2275,32,2307,-774,0,774
Job_015,9,1099,2338,M6,2285,53,2338,0,0,0
Job_028,2,2158,3859,M2,2290,61,2351,-1508,0,1508
Job_014,7,1093,3157,M3,2292,98,2390,-767,0,767
Job_025,7,1770,3081,M8,2307,89,2396,-685,0,685
Job_030,0,2307,4188,M0,2307,76,2383,-1805,0,1805
Job_020,5,1520,3127,M1,2312,28,2340,-787,0,787
Job_022,3,1631,3694,M4,2319,99,2418,-1276,0,1276
Job_021,7,1580,3369,M6,2338,89,2427,-942,0,942
Job_009,9,718,2419,M7,2374,45,2419,0,0,0
Job_030,1,2307,4188,M1,2383,69,2452,-1736,0,1736
Job_031,0,2361,3968,M0,2383,43,2426,-1542,0,1542
Job_014,8,1093,3157,M9,2390,22,2412,-745,0,745
Job_025,8,1770,3081,M7,2419,30,2449,-632,0,632
Job_029,1,2259,3957,M0,2426,86,2512,-1445,0,1445
Job_031,1,2361,3968,M2,2426,90,2516,-1452,0,1452
Job_020,6,1520,3127,M6,2427,46,2473,-654,0,654
Job_010,9,819,2517,M3,2438,79,2517,0,0,0
Job_017,9,1216,2460,M9,2439,21,2460,0,0,0
Job_021,8,1580,3369,M9,2460,45,2505,-864,0,864
Job_012,9,921,2528,M8,2463,30,2493,-35,0,35
Job_020,7,1520,3127,M5,2473,46,2519,-608,0,608
Job_022,4,1631,3694,M6,2473,9,2482,-1212,0,1212
Job_026,5,1913,3611,M6,2482,88,2570,-1041,0,1041
Job_008,9,687,2567,M8,2493,74,2567,0,0,0
Job_031,2,2361,3968,M4,2516,75,2591,-1377,0,1377
Job_030,2,2307,4188,M3,2517,76,2593,-1595,0,1595
Job_020,8,1520,3127,M7,2519,72,2591,-536,0,536
Job_032,0,2528,4091,M2,2528,84,2612,-1479,0,1479
Job_035,0,2540,4330,M1,2540,91,2631,-1699,0,1699
Job_026,6,1913,3611,M8,2570,19,2589,-1022,0,1022
Job_028,3,2158,3859,M6,2570,7,2577,-1282,0,1282
Job_022,5,1631,3694,M8,2589,52,2641,-1053,0,1053
Job_026,7,1913,3611,M9,2589,48,2637,-974,0,974
Job_024,3,1733,3296,M3,2593,95,2688,-608,0,608
Job_030,3,2307,4188,M5,2593,51,2644,-1544,0,1544
Job_034,0,2539,3778,M2,2612,14,2626,-1152,0,1152
Job_013,9,1088,2651,M7,2626,25,2651,0,0,0
Job_034,1,2539,3778,M0,2626,6,2632,-1146,0,1146
Job_034,2,2539,3778,M1,2632,22,2654,-1124,0,1124
Job_035,1,2540,4330,M0,2632,85,2717,-1613,0,1613
Job_031,3,2361,3968,M9,2637,11,2648,-1320,0,1320
Job_030,4,2307,4188,M2,2644,85,2729,-1459,0,1459
Job_022,6,1631,3694,M7,2651,85,2736,-958,0,958
Job_032,1,2528,4091,M1,2654,2,2656,-1435,0,1435
Job_034,3,2539,3778,M5,2654,61,2715,-1063,0,1063
Job_033,0,2533,4597,M1,2656,81,2737,-1860,0,1860
Job_019,9,1440,2684,M9,2663,21,2684,0,0,0
Job_011,9,867,2748,M8,2674,74,2748,0,0,0
Job_031,4,2361,3968,M3,2688,69,2757,-1211,0,1211
Job_032,2,2528,4091,M5,2715,52,2767,-1324,0,1324
Job_036,0,2656,3900,M0,2717,29,2746,-1154,0,1154
Job_030,5,2307,4188,M9,2729,11,2740,-1448,0,1448
Job_026,8,1913,3611,M7,2736,36,2772,-839,0,839
Job_033,1,2533,4597,M2,2737,95,2832,-1765,0,1765
Job_030,6,2307,4188,M6,2740,40,2780,-1408,0,1408
Job_028,4,2158,3859,M8,2748,64,2812,-1047,0,1047
Job_022,7,1631,3694,M3,2757,98,2855,-839,0,839
Job_031,5,2361,3968,M1,2757,28,2785,-1183,0,1183
Job_030,7,2307,4188,M7,2780,89,2869,-1319,0,1319
Job_031,6,2361,3968,M6,2785,46,2831,-1137,0,1137
Job_036,1,2656,3900,M1,2785,78,2863,-1037,0,1037
Job_024,4,1733,3296,M8,2812,48,2860,-436,0,436
Job_031,7,2361,3968,M5,2831,46,2877,-1091,0,1091
Job_033,2,2533,4597,M0,2832,71,2903,-1694,0,1694
Job_023,9,1666,2905,M6,2852,53,2905,0,0,0
Job_022,8,1631,3694,M9,2855,22,2877,-817,0,817
Job_034,4,2539,3778,M3,2855,26,2881,-897,0,897
Job_016,9,1100,2890,M4,2857,33,2890,0,0,0
Job_036,2,2656,3900,M2,2863,9,2872,-1028,0,1028
Job_037,0,2752,4454,M1,2863,85,2948,-1506,0,1506
Job_028,5,2158,3859,M9,2877,76,2953,-906,0,906
Job_031,8,2361,3968,M7,2877,72,2949,-1019,0,1019
Job_032,3,2528,4091,M3,2881,95,2976,-1115,0,1115
Job_034,5,2539,3778,M4,2890,69,2959,-819,0,819
Job_038,0,2880,4124,M0,2903,29,2932,-1192,0,1192
Job_037,1,2752,4454,M0,2948,13,2961,-1493,0,1493
Job_038,1,2880,4124,M1,2948,78,3026,-1098,0,1098
Job_024,5,1733,3296,M9,2953,72,3025,-271,0,271
Job_028,6,2158,3859,M5,2953,47,3000,-859,0,859
Job_030,8,2307,4188,M4,2959,26,2985,-1203,0,1203
Job_034,6,2539,3778,M8,2959,21,2980,-798,0,798
Job_037,2,2752,4454,M2,2961,61,3022,-1432,0,1432
Job_039,0,2960,4567,M0,2961,43,3004,-1563,0,1563
Job_018,9,1312,3014,M7,2969,45,3014,0,0,0
Job_036,3,2656,3900,M3,2976,36,3012,-888,0,888
Job_032,4,2528,4091,M8,2980,48,3028,-1063,0,1063
Job_028,7,2158,3859,M3,3012,52,3064,-795,0,795
Job_034,7,2539,3778,M7,3014,49,3063,-715,0,715
Job_037,3,2752,4454,M6,3022,7,3029,-1425,0,1425
Job_039,1,2960,4567,M2,3022,90,3112,-1455,0,1455
Job_024,6,1733,3296,M0,3025,47,3072,-224,0,224
Job_025,9,1770,3081,M4,3026,55,3081,0,0,0
Job_040,0,3020,4809,M1,3026,91,3117,-1692,0,1692
Job_032,5,2528,4091,M9,3028,72,3100,-991,0,991
Job_037,4,2752,4454,M8,3029,64,3093,-1361,0,1361
Job_035,2,2540,4330,M3,3064,39,3103,-1227,0,1227
Job_024,7,1733,3296,M6,3072,65,3137,-159,0,159
Job_036,4,2656,3900,M4,3081,49,3130,-770,0,770
Job_020,9,1520,3127,M8,3097,30,3127,0,0,0
Job_032,6,2528,4091,M0,3100,47,3147,-944,0,944
Job_037,5,2752,4454,M9,3100,76,3176,-1278,0,1278
Job_027,2,2127,4007,M3,3103,76,3179,-828,0,828
Job_038,2,2880,4124,M2,3112,9,3121,-1003,0,1003
Job_014,9,1093,3157,M5,3114,43,3157,0,0,0
Job_041,0,3071,5134,M1,3117,81,3198,-1936,0,1936
Job_042,0,3106,4345,M2,3121,14,3135,-1210,0,1210
Job_033,3,2533,4597,M4,3130,99,3229,-1368,0,1368
Job_032,7,2528,4091,M6,3147,65,3212,-879,0,879
Job_042,1,3106,4345,M0,3147,6,3153,-1192,0,1192
Job_040,1,3020,4809,M0,3153,85,3238,-1571,0,1571
Job_036,5,2656,3900,M5,3157,11,3168,-732,0,732
Job_043,0,3173,4736,M2,3173,84,3257,-1479,0,1479
Job_034,8,2539,3778,M9,3176,72,3248,-530,0,530
Job_037,6,2752,4454,M5,3176,47,3223,-1231,0,1231
Job_038,3,2880,4124,M3,3179,36,3215,-909,0,909
Job_042,2,3106,4345,M1,3198,22,3220,-1125,0,1125
Job_036,6,2656,3900,M6,3212,62,3274,-626,0,626
Job_044,0,3210,4521,M1,3220,46,3266,-1255,0,1255
Job_042,3,3106,4345,M5,3223,61,3284,-1061,0,1061
Job_024,8,1733,3296,M4,3229,6,3235,-61,0,61
Job_038,4,2880,4124,M4,3235,49,3284,-840,0,840
Job_040,2,3020,4809,M3,3238,39,3277,-1532,0,1532
Job_035,3,2540,4330,M2,3257,74,3331,-999,0,999
Job_043,1,3173,4736,M1,3266,2,3268,-1468,0,1468
Job_044,1,3210,4521,M0,3266,37,3303,-1218,0,1218
Job_029,2,2259,3957,M1,3268,46,3314,-643,0,643
Job_024,9,1733,3296,M7,3271,25,3296,0,0,0
Job_033,4,2533,4597,M6,3274,9,3283,-1314,0,1314
Job_033,5,2533,4597,M8,3283,52,3335,-1262,0,1262
Job_032,8,2528,4091,M4,3284,6,3290,-801,0,801
Job_038,5,2880,4124,M5,3284,11,3295,-829,0,829
Job_042,4,3106,4345,M3,3284,26,3310,-1035,0,1035
Job_038,6,2880,4124,M6,3295,62,3357,-767,0,767
Job_043,2,3173,4736,M5,3295,52,3347,-1389,0,1389
Job_036,7,2656,3900,M7,3296,56,3352,-548,0,548
Job_044,2,3210,4521,M3,3310,61,3371,-1150,0,1150
Job_021,9,1580,3369,M4,3336,33,3369,0,0,0
Job_029,3,2259,3957,M5,3347,74,3421,-536,0,536
Job_036,8,2656,3900,M8,3352,44,3396,-504,0,504
Job_045,0,3353,5051,M2,3353,31,3384,-1667,0,1667
Job_038,7,2880,4124,M7,3357,56,3413,-711,0,711
Job_042,5,3106,4345,M4,3369,69,3438,-907,0,907
Job_037,7,2752,4454,M3,3371,52,3423,-1031,0,1031
Job_044,3,3210,4521,M2,3384,13,3397,-1124,0,1124
Job_045,1,3353,5051,M0,3384,86,3470,-1581,0,1581
Job_035,4,2540,4330,M8,3396,90,3486,-844,0,844
Job_041,1,3071,5134,M2,3397,95,3492,-1642,0,1642
Job_044,4,3210,4521,M6,3397,32,3429,-1092,0,1092
Job_033,6,2533,4597,M7,3413,85,3498,-1099,0,1099
Job_027,3,2127,4007,M5,3421,51,3472,-535,0,535
Job_043,3,3173,4736,M3,3423,95,3518,-1218,0,1218
Job_029,4,2259,3957,M4,3438,32,3470,-487,0,487
Job_029,5,2259,3957,M6,3470,88,3558,-399,0,399
Job_039,2,2960,4567,M4,3470,75,3545,-1022,0,1022
Job_045,2,3353,5051,M1,3470,46,3516,-1535,0,1535
Job_044,5,3210,4521,M5,3472,21,3493,-1028,0,1028
Job_038,8,2880,4124,M8,3486,44,3530,-594,0,594
Job_027,4,2127,4007,M2,3492,85,3577,-430,0,430
Job_041,2,3071,5134,M0,3492,71,3563,-1571,0,1571
Job_035,5,2540,4330,M5,3493,10,3503,-827,0,827
Job_044,6,3210,4521,M9,3493,32,3525,-996,0,996
Job_035,6,2540,4330,M7,3503,12,3515,-815,0,815
Job_045,3,3353,5051,M5,3516,74,3590,-1461,0,1461
Job_042,6,3106,4345,M8,3530,21,3551,-794,0,794
Job_026,9,1913,3611,M3,3532,79,3611,0,0,0
Job_039,3,2960,4567,M9,3545,11,3556,-1011,0,1011
Job_042,7,3106,4345,M7,3551,49,3600,-745,0,745
Job_044,7,3210,4521,M8,3551,89,3640,-881,0,881
Job_035,7,2540,4330,M6,3558,89,3647,-683,0,683
Job_041,3,3071,5134,M4,3563,99,3662,-1472,0,1472
Job_046,0,3567,5447,M0,3567,76,3643,-1804,0,1804
Job_027,5,2127,4007,M9,3577,11,3588,-419,0,419
Job_040,3,3020,4809,M2,3577,74,3651,-1158,0,1158
Job_047,0,3598,5299,M1,3598,85,3683,-1616,0,1616
Job_042,8,3106,4345,M9,3600,72,3672,-673,0,673
Job_039,4,2960,4567,M3,3611,69,3680,-887,0,887
Job_029,6,2259,3957,M8,3640,19,3659,-298,0,298
Job_044,8,3210,4521,M7,3640,30,3670,-851,0,851
Job_027,6,2127,4007,M6,3647,40,3687,-320,0,320
Job_022,9,1631,3694,M5,3651,43,3694,0,0,0
Job_043,4,3173,4736,M8,3659,48,3707,-1029,0,1029
Job_028,8,2158,3859,M4,3662,90,3752,-107,0,107
Job_035,8,2540,4330,M9,3672,45,3717,-613,0,613
Job_033,7,2533,4597,M3,3680,98,3778,-819,0,819
Job_046,1,3567,5447,M1,3683,69,3752,-1695,0,1695
Job_047,1,3598,5299,M0,3683,13,3696,-1603,0,1603
Job_027,7,2127,4007,M7,3687,89,3776,-231,0,231
Job_041,4,3071,5134,M6,3687,9,3696,-1438,0,1438
Job_048,0,3699,5397,M2,3699,31,3730,-1667,0,1667
Job_041,5,3071,5134,M8,3707,52,3759,-1375,0,1375
Job_029,7,2259,3957,M9,3717,48,3765,-192,0,192
Job_034,9,2539,3778,M6,3725,53,3778,0,0,0
Job_047,2,3598,5299,M2,3730,61,3791,-1508,0,1508
Job_037,8,2752,4454,M4,3752,90,3842,-612,0,612
Job_039,5,2960,4567,M1,3752,28,3780,-787,0,787
Job_029,8,2259,3957,M7,3776,36,3812,-145,0,145
Job_033,8,2533,4597,M9,3778,22,3800,-797,0,797
Job_046,2,3567,5447,M3,3778,76,3854,-1593,0,1593
Job_039,6,2960,4567,M6,3780,46,3826,-741,0,741
Job_043,5,3173,4736,M9,3800,72,3872,-864,0,864
Job_050,0,3801,5408,M0,3801,43,3844,-1564,0,1564
Job_028,9,2158,3859,M7,3814,45,3859,0,0,0
Job_039,7,2960,4567,M5,3826,46,3872,-695,0,695
Job_047,3,3598,5299,M6,3826,7,3833,-1466,0,1466
Job_047,4,3598,5299,M8,3833,64,3897,-1402,0,1402
Job_027,8,2127,4007,M4,3842,26,3868,-139,0,139
Job_048,1,3699,5397,M0,3844,86,3930,-1467,0,1467
Job_050,1,3801,5408,M2,3844,90,3934,-1474,0,1474
Job_045,4,3353,5051,M4,3868,32,3900,-1151,0,1151
Job_039,8,2960,4567,M7,3872,72,3944,-623,0,623
Job_046,3,3567,5447,M5,3872,51,3923,-1524,0,1524
Job_029,9,2259,3957,M3,3878,79,3957,0,0,0
Job_036,9,2656,3900,M9,3879,21,3900,0,0,0
Job_045,5,3353,5051,M6,3900,88,3988,-1063,0,1063
Job_047,5,3598,5299,M9,3900,76,3976,-1323,0,1323
Job_031,9,2361,3968,M8,3903,30,3933,-35,0,35
Job_048,2,3699,5397,M1,3930,46,3976,-1421,0,1421
Job_049,0,3747,5628,M0,3930,76,4006,-1622,0,1622
Job_027,9,2127,4007,M8,3933,74,4007,0,0,0
Job_050,2,3801,5408,M4,3934,75,4009,-1399,0,1399
Job_041,6,3071,5134,M7,3944,85,4029,-1105,0,1105
Job_051,0,3968,5531,M2,3968,84,4052,-1479,0,1479
Job_048,3,3699,5397,M5,3976,74,4050,-1347,0,1347
Job_054,0,3980,5770,M1,3980,91,4071,-1699,0,1699
Job_043,6,3173,4736,M0,4006,47,4053,-683,0,683
Job_040,4,3020,4809,M8,4007,90,4097,-712,0,712
Job_050,3,3801,5408,M9,4009,11,4020,-1388,0,1388
Job_050,4,3801,5408,M3,4020,69,4089,-1319,0,1319
Job_047,6,3598,5299,M5,4050,47,4097,-1202,0,1202
Job_048,4,3699,5397,M4,4050,32,4082,-1315,0,1315
Job_053,0,3979,5218,M2,4052,14,4066,-1152,0,1152
Job_043,7,3173,4736,M6,4053,65,4118,-618,0,618
Job_032,9,2528,4091,M7,4066,25,4091,0,0,0
Job_046,4,3567,5447,M2,4066,85,4151,-1296,0,1296
Job_053,1,3979,5218,M0,4066,6,4072,-1146,0,1146
Job_051,1,3968,5531,M1,4071,2,4073,-1458,0,1458
Job_054,1,3980,5770,M0,4072,85,4157,-1613,0,1613
Job_053,2,3979,5218,M1,4073,22,4095,-1123,0,1123
Job_049,1,3747,5628,M1,4095,69,4164,-1464,0,1464
Job_040,5,3020,4809,M5,4097,10,4107,-702,0,702
Job_047,7,3598,5299,M3,4097,52,4149,-1150,0,1150
Job_038,9,2880,4124,M9,4103,21,4124,0,0,0
Job_040,6,3020,4809,M7,4107,12,4119,-690,0,690
Job_053,3,3979,5218,M5,4107,61,4168,-1050,0,1050
Job_030,9,2307,4188,M8,4114,74,4188,0,0,0
Job_043,8,3173,4736,M4,4118,6,4124,-612,0,612
Job_040,7,3020,4809,M6,4119,89,4208,-601,0,601
Job_047,8,3598,5299,M4,4149,90,4239,-1060,0,1060
Job_046,5,3567,5447,M9,4151,11,4162,-1285,0,1285
Job_054,2,3980,5770,M3,4157,39,4196,-1574,0,1574
Job_055,0,4096,5340,M0,4157,29,4186,-1154,0,1154
Job_050,5,3801,5408,M1,4164,28,4192,-1216,0,1216
Job_051,2,3968,5531,M5,4168,52,4220,-1311,0,1311
Job_045,6,3353,5051,M8,4188,19,4207,-844,0,844
Job_055,1,4096,5340,M1,4192,78,4270,-1070,0,1070
Job_041,7,3071,5134,M3,4196,98,4294,-840,0,840
Job_054,3,3980,5770,M2,4196,74,4270,-1500,0,1500
Job_045,7,3353,5051,M9,4207,48,4255,-796,0,796
Job_050,6,3801,5408,M6,4208,46,4254,-1154,0,1154
Job_050,7,3801,5408,M5,4254,46,4300,-1108,0,1108
Job_040,8,3020,4809,M9,4255,45,4300,-509,0,509
Job_045,8,3353,5051,M7,4255,36,4291,-760,0,760
Job_054,4,3980,5770,M8,4270,90,4360,-1410,0,1410
Job_055,2,4096,5340,M2,4270,9,4279,-1061,0,1061
Job_056,0,4192,5894,M1,4270,85,4355,-1539,0,1539
Job_042,9,3106,4345,M6,4292,53,4345,0,0,0
Job_053,4,3979,5218,M3,4294,26,4320,-898,0,898
Job_035,9,2540,4330,M4,4297,33,4330,0,0,0
Job_041,8,3071,5134,M9,4300,22,4322,-812,0,812
Job_050,8,3801,5408,M7,4300,72,4372,-1036,0,1036
Job_055,3,4096,5340,M3,4320,36,4356,-984,0,984
Job_057,0,4320,5564,M0,4320,29,4349,-1215,0,1215
Job_053,5,3979,5218,M4,4330,69,4399,-819,0,819
Job_046,6,3567,5447,M6,4345,40,4385,-1062,0,1062
Job_056,1,4192,5894,M0,4355,13,4368,-1526,0,1526
Job_057,1,4320,5564,M1,4355,78,4433,-1131,0,1131
Job_051,3,3968,5531,M3,4356,95,4451,-1080,0,1080
Job_054,5,3980,5770,M5,4360,10,4370,-1400,0,1400
Job_056,2,4192,5894,M2,4368,61,4429,-1465,0,1465
Job_054,6,3980,5770,M7,4372,12,4384,-1386,0,1386
Job_054,7,3980,5770,M6,4385,89,4474,-1296,0,1296
Job_053,6,3979,5218,M8,4399,21,4420,-798,0,798
Job_055,4,4096,5340,M4,4399,49,4448,-892,0,892
Job_058,0,4400,6007,M0,4400,43,4443,-1564,0,1564
Job_037,9,2752,4454,M7,4409,45,4454,0,0,0
Job_052,0,3973,6037,M1,4433,81,4514,-1523,0,1523
Job_057,2,4320,5564,M2,4433,9,4442,-1122,0,1122
Job_058,1,4400,6007,M2,4443,90,4533,-1474,0,1474
Job_055,5,4096,5340,M5,4448,11,4459,-881,0,881
Job_049,2,3747,5628,M3,4451,76,4527,-1101,0,1101
Job_051,4,3968,5531,M8,4451,48,4499,-1032,0,1032
Job_053,7,3979,5218,M7,4454,49,4503,-715,0,715
Job_044,9,3210,4521,M4,4466,55,4521,0,0,0
Job_054,8,3980,5770,M9,4474,45,4519,-1251,0,1251
Job_055,6,4096,5340,M6,4474,62,4536,-804,0,804
Job_046,7,3567,5447,M7,4503,89,4592,-855,0,855
Job_059,0,4460,6249,M1,4514,91,4605,-1644,0,1644
Job_053,8,3979,5218,M9,4519,72,4591,-627,0,627
Job_057,3,4320,5564,M3,4527,36,4563,-1001,0,1001
Job_052,1,3973,6037,M2,4533,95,4628,-1409,0,1409
Job_058,2,4400,6007,M4,4533,75,4608,-1399,0,1399
Job_056,3,4192,5894,M6,4536,7,4543,-1351,0,1351
Job_039,9,2960,4567,M8,4537,30,4567,0,0,0
Job_048,5,3699,5397,M6,4543,88,4631,-766,0,766
Job_033,9,2533,4597,M5,4554,43,4597,0,0,0
Job_056,4,4192,5894,M8,4567,64,4631,-1263,0,1263
Job_051,5,3968,5531,M9,4591,72,4663,-868,0,868
Job_055,7,4096,5340,M7,4592,56,4648,-692,0,692
Job_049,3,3747,5628,M5,4597,51,4648,-980,0,980
Job_059,1,4460,6249,M0,4605,85,4690,-1559,0,1559
Job_060,0,4511,6574,M1,4605,81,4686,-1888,0,1888
Job_046,8,3567,5447,M4,4608,26,4634,-813,0,813
Job_061,0,4546,5785,M2,4628,14,4642,-1143,0,1143
Job_048,6,3699,5397,M8,4631,19,4650,-747,0,747
Job_057,4,4320,5564,M4,4634,49,4683,-881,0,881
Job_062,0,4613,6176,M2,4642,84,4726,-1450,0,1450
Job_055,8,4096,5340,M8,4650,44,4694,-646,0,646
Job_056,5,4192,5894,M9,4663,76,4739,-1155,0,1155
Job_057,5,4320,5564,M5,4683,11,4694,-870,0,870
Job_063,0,4650,5961,M1,4686,46,4732,-1229,0,1229
Job_059,2,4460,6249,M3,4690,39,4729,-1520,0,1520
Job_061,1,4546,5785,M0,4690,6,4696,-1089,0,1089
Job_057,6,4320,5564,M6,4694,62,4756,-808,0,808
Job_051,6,3968,5531,M0,4696,47,4743,-788,0,788
Job_043,9,3173,4736,M7,4711,25,4736,0,0,0
Job_059,3,4460,6249,M2,4729,74,4803,-1446,0,1446
Job_061,2,4546,5785,M1,4732,22,4754,-1031,0,1031
Job_056,6,4192,5894,M5,4739,47,4786,-1108,0,1108
Job_058,3,4400,6007,M9,4739,11,4750,-1257,0,1257
Job_052,2,3973,6037,M0,4743,71,4814,-1223,0,1223
Job_048,7,3699,5397,M9,4750,48,4798,-599,0,599
Job_058,4,4400,6007,M3,4750,69,4819,-1188,0,1188
Job_062,1,4613,6176,M1,4754,2,4756,-1420,0,1420
Job_051,7,3968,5531,M6,4756,65,4821,-710,0,710
Job_057,7,4320,5564,M7,4756,56,4812,-752,0,752
Job_040,9,3020,4809,M4,4776,33,4809,0,0,0
Job_061,3,4546,5785,M5,4786,61,4847,-938,0,938
Job_059,4,4460,6249,M8,4803,90,4893,-1356,0,1356
Job_060,1,4511,6574,M2,4803,95,4898,-1676,0,1676
Job_048,8,3699,5397,M7,4812,36,4848,-549,0,549
Job_052,3,3973,6037,M4,4814,99,4913,-1124,0,1124
Job_063,1,4650,5961,M0,4814,37,4851,-1110,0,1110
Job_056,7,4192,5894,M3,4819,52,4871,-1023,0,1023
Job_058,5,4400,6007,M1,4819,28,4847,-1160,0,1160
Job_058,6,4400,6007,M6,4847,46,4893,-1114,0,1114
Job_062,2,4613,6176,M5,4847,52,4899,-1277,0,1277
Job_061,4,4546,5785,M3,4871,26,4897,-888,0,888
Job_057,8,4320,5564,M8,4893,44,4937,-627,0,627
Job_063,2,4650,5961,M3,4897,61,4958,-1003,0,1003
Job_060,2,4511,6574,M0,4898,71,4969,-1605,0,1605
Job_064,0,4793,6491,M2,4898,31,4929,-1562,0,1562
Job_058,7,4400,6007,M5,4899,46,4945,-1062,0,1062
Job_052,4,3973,6037,M6,4913,9,4922,-1115,0,1115
Job_061,5,4546,5785,M4,4913,69,4982,-803,0,803
Job_052,5,3973,6037,M8,4937,52,4989,-1048,0,1048
Job_058,8,4400,6007,M7,4945,72,5017,-990,0,990
Job_059,5,4460,6249,M5,4945,10,4955,-1294,0,1294
Job_063,3,4650,5961,M2,4958,13,4971,-990,0,990
Job_064,1,4793,6491,M0,4969,86,5055,-1436,0,1436
Job_049,4,3747,5628,M2,4971,85,5056,-572,0,572
Job_063,4,4650,5961,M6,4971,32,5003,-958,0,958
Job_045,9,3353,5051,M3,4972,79,5051,0,0,0
Job_051,8,3968,5531,M4,4982,6,4988,-543,0,543
Job_056,8,4192,5894,M4,4988,90,5078,-816,0,816
Job_061,6,4546,5785,M8,4989,21,5010,-775,0,775
Job_063,5,4650,5961,M5,5003,21,5024,-937,0,937
Job_059,6,4460,6249,M7,5017,12,5029,-1220,0,1220
Job_063,6,4650,5961,M9,5024,32,5056,-905,0,905
Job_059,7,4460,6249,M6,5029,89,5118,-1131,0,1131
Job_061,7,4546,5785,M7,5029,49,5078,-707,0,707
Job_066,0,5038,6739,M1,5038,85,5123,-1616,0,1616
Job_062,3,4613,6176,M3,5051,95,5146,-1030,0,1030
Job_065,0,5007,6887,M0,5055,76,5131,-1756,0,1756
Job_049,5,3747,5628,M9,5056,11,5067,-561,0,561
Job_063,7,4650,5961,M8,5056,89,5145,-816,0,816
Job_052,6,3973,6037,M7,5078,85,5163,-874,0,874
Job_060,3,4511,6574,M4,5078,99,5177,-1397,0,1397
Job_061,8,4546,5785,M9,5078,72,5150,-635,0,635
Job_041,9,3071,5134,M5,5091,43,5134,0,0,0
Job_049,6,3747,5628,M6,5118,40,5158,-470,0,470
Job_064,2,4793,6491,M1,5123,46,5169,-1322,0,1322
Job_066,1,5038,6739,M0,5131,13,5144,-1595,0,1595
Job_067,0,5139,6837,M2,5139,31,5170,-1667,0,1667
Job_062,4,4613,6176,M8,5146,48,5194,-982,0,982
Job_059,8,4460,6249,M9,5150,45,5195,-1054,0,1054
Job_049,7,3747,5628,M7,5163,89,5252,-376,0,376
Job_052,7,3973,6037,M3,5163,98,5261,-776,0,776
Job_053,9,3979,5218,M6,5165,53,5218,0,0,0
Job_064,3,4793,6491,M5,5169,74,5243,-1248,0,1248
Job_065,1,5007,6887,M1,5169,69,5238,-1649,0,1649
Job_066,2,5038,6739,M2,5170,61,5231,-1508,0,1508
Job_067,1,5139,6837,M0,5170,86,5256,-1581,0,1581
Job_062,5,4613,6176,M9,5195,72,5267,-909,0,909
Job_060,4,4511,6574,M6,5218,9,5227,-1347,0,1347
Job_060,5,4511,6574,M8,5227,52,5279,-1295,0,1295
Job_066,3,5038,6739,M6,5231,7,5238,-1501,0,1501
Job_064,4,4793,6491,M4,5243,32,5275,-1216,0,1216
Job_047,9,3598,5299,M7,5254,45,5299,0,0,0
Job_067,2,5139,6837,M1,5256,46,5302,-1535,0,1535
Job_069,0,5241,6848,M0,5256,43,5299,-1549,0,1549
Job_052,8,3973,6037,M9,5267,22,5289,-748,0,748
Job_049,8,3747,5628,M4,5275,26,5301,-327,0,327
Job_064,5,4793,6491,M6,5275,88,5363,-1128,0,1128
Job_066,4,5038,6739,M8,5279,64,5343,-1396,0,1396
Job_060,6,4511,6574,M7,5299,85,5384,-1190,0,1190
Job_068,0,5187,7068,M0,5299,76,5375,-1693,0,1693
Job_069,1,5241,6848,M2,5299,90,5389,-1459,0,1459
Job_067,3,5139,6837,M5,5302,74,5376,-1461,0,1461
Job_048,9,3699,5397,M3,5318,79,5397,0,0,0
Job_055,9,4096,5340,M9,5319,21,5340,0,0,0
Job_050,9,3801,5408,M8,5343,30,5373,-35,0,35
Job_066,5,5038,6739,M9,5343,76,5419,-1320,0,1320
Job_046,9,3567,5447,M8,5373,74,5447,0,0,0
Job_062,6,4613,6176,M0,5375,47,5422,-754,0,754
Job_067,4,5139,6837,M4,5376,32,5408,-1429,0,1429
Job_063,8,4650,5961,M7,5384,30,5414,-547,0,547
Job_060,7,4511,6574,M3,5397,98,5495,-1079,0,1079
Job_067,5,5139,6837,M6,5408,88,5496,-1341,0,1341
Job_069,2,5241,6848,M4,5408,75,5483,-1365,0,1365
Job_071,0,5413,7477,M1,5413,81,5494,-1983,0,1983
Job_066,6,5038,6739,M5,5419,47,5466,-1273,0,1273
Job_072,0,5419,6658,M2,5419,14,5433,-1225,0,1225
Job_070,0,5408,6971,M2,5433,84,5517,-1454,0,1454
Job_072,1,5419,6658,M0,5433,6,5439,-1219,0,1219
Job_064,6,4793,6491,M8,5447,19,5466,-1025,0,1025
Job_069,3,5241,6848,M9,5483,11,5494,-1354,0,1354
Job_072,2,5419,6658,M1,5494,22,5516,-1142,0,1142
Job_060,8,4511,6574,M9,5495,22,5517,-1057,0,1057
Job_065,2,5007,6887,M3,5495,76,5571,-1316,0,1316
Job_062,7,4613,6176,M6,5496,65,5561,-615,0,615
Job_067,6,5139,6837,M8,5496,19,5515,-1322,0,1322
Job_051,9,3968,5531,M7,5506,25,5531,0,0,0
Job_068,1,5187,7068,M1,5516,69,5585,-1483,0,1483
Job_072,3,5419,6658,M5,5516,61,5577,-1081,0,1081
Job_071,1,5413,7477,M2,5517,95,5612,-1865,0,1865
Job_074,0,5536,6780,M0,5536,29,5565,-1215,0,1215
Job_057,9,4320,5564,M9,5543,21,5564,0,0,0
Job_049,9,3747,5628,M8,5554,74,5628,0,0,0
Job_062,8,4613,6176,M4,5561,6,5567,-609,0,609
Job_064,7,4793,6491,M9,5564,48,5612,-879,0,879
Job_066,7,5038,6739,M3,5571,52,5623,-1116,0,1116
Job_065,3,5007,6887,M5,5577,51,5628,-1259,0,1259
Job_074,1,5536,6780,M1,5585,78,5663,-1117,0,1117
Job_064,8,4793,6491,M7,5612,36,5648,-843,0,843
Job_067,7,5139,6837,M9,5612,48,5660,-1177,0,1177
Job_071,2,5413,7477,M0,5612,71,5683,-1794,0,1794
Job_066,8,5038,6739,M4,5623,90,5713,-1026,0,1026
Job_069,4,5241,6848,M3,5623,69,5692,-1156,0,1156
Job_067,8,5139,6837,M7,5660,36,5696,-1141,0,1141
Job_070,1,5408,6971,M1,5663,2,5665,-1306,0,1306
Job_074,2,5536,6780,M2,5663,9,5672,-1108,0,1108
Job_070,2,5408,6971,M5,5665,52,5717,-1254,0,1254
Job_073,0,5420,7210,M1,5665,91,5756,-1454,0,1454
Job_065,4,5007,6887,M2,5672,85,5757,-1130,0,1130
Job_072,4,5419,6658,M3,5692,26,5718,-940,0,940
Job_074,3,5536,6780,M3,5718,36,5754,-1026,0,1026
Job_061,9,4546,5785,M6,5732,53,5785,0,0,0
Job_054,9,3980,5770,M4,5737,33,5770,0,0,0
Job_070,3,5408,6971,M3,5754,95,5849,-1122,0,1122
Job_069,5,5241,6848,M1,5756,28,5784,-1064,0,1064
Job_073,1,5420,7210,M0,5756,85,5841,-1369,0,1369
Job_065,5,5007,6887,M9,5757,11,5768,-1119,0,1119
Job_072,5,5419,6658,M4,5770,69,5839,-819,0,819
Job_075,0,5632,7334,M1,5784,85,5869,-1465,0,1465
Job_069,6,5241,6848,M6,5785,46,5831,-1017,0,1017
Job_065,6,5007,6887,M6,5831,40,5871,-1016,0,1016
Job_069,7,5241,6848,M5,5831,46,5877,-971,0,971
Job_072,6,5419,6658,M8,5839,21,5860,-798,0,798
Job_074,4,5536,6780,M4,5839,49,5888,-892,0,892
Job_056,9,4192,5894,M7,5849,45,5894,0,0,0
Job_068,2,5187,7068,M3,5849,76,5925,-1143,0,1143
Job_070,4,5408,6971,M8,5860,48,5908,-1063,0,1063
Job_075,1,5632,7334,M0,5869,13,5882,-1452,0,1452
Job_075,2,5632,7334,M2,5882,61,5943,-1391,0,1391
Job_074,5,5536,6780,M5,5888,11,5899,-881,0,881
Job_072,7,5419,6658,M7,5894,49,5943,-715,0,715
Job_074,6,5536,6780,M6,5899,62,5961,-819,0,819
Job_063,9,4650,5961,M4,5906,55,5961,0,0,0
Job_070,5,5408,6971,M9,5908,72,5980,-991,0,991
Job_068,3,5187,7068,M5,5925,51,5976,-1092,0,1092
Job_073,2,5420,7210,M3,5925,39,5964,-1246,0,1246
Job_065,7,5007,6887,M7,5943,89,6032,-855,0,855
Job_071,3,5413,7477,M4,5961,99,6060,-1417,0,1417
Job_075,3,5632,7334,M6,5961,7,5968,-1366,0,1366
Job_073,3,5420,7210,M2,5964,74,6038,-1172,0,1172
Job_058,9,4400,6007,M8,5977,30,6007,0,0,0
Job_070,6,5408,6971,M0,5980,47,6027,-944,0,944
Job_072,8,5419,6658,M9,5980,72,6052,-606,0,606
Job_052,9,3973,6037,M5,5994,43,6037,0,0,0
Job_075,4,5632,7334,M8,6007,64,6071,-1263,0,1263
Job_070,7,5408,6971,M6,6027,65,6092,-879,0,879
Job_074,7,5536,6780,M7,6032,56,6088,-692,0,692
Job_068,4,5187,7068,M2,6038,85,6123,-945,0,945
Job_065,8,5007,6887,M4,6060,26,6086,-801,0,801
Job_073,4,5420,7210,M8,6071,90,6161,-1049,0,1049
Job_075,5,5632,7334,M9,6071,76,6147,-1187,0,1187
Job_070,8,5408,6971,M4,6092,6,6098,-873,0,873
Job_071,4,5413,7477,M6,6092,9,6101,-1376,0,1376
Job_068,5,5187,7068,M9,6147,11,6158,-910,0,910
Job_075,6,5632,7334,M5,6147,47,6194,-1140,0,1140
Job_062,9,4613,6176,M7,6151,25,6176,0,0,0
Job_068,6,5187,7068,M6,6158,40,6198,-870,0,870
Job_074,8,5536,6780,M8,6161,44,6205,-575,0,575
Job_069,8,5241,6848,M7,6176,72,6248,-600,0,600
Job_073,5,5420,7210,M5,6194,10,6204,-1006,0,1006
Job_075,7,5632,7334,M3,6194,52,6246,-1088,0,1088
Job_071,5,5413,7477,M8,6205,52,6257,-1220,0,1220
Job_059,9,4460,6249,M4,6216,33,6249,0,0,0
Job_068,7,5187,7068,M7,6248,89,6337,-731,0,731
Job_075,8,5632,7334,M4,6249,90,6339,-995,0,995
Job_073,6,5420,7210,M7,6337,12,6349,-861,0,861
Job_068,8,5187,7068,M4,6339,26,6365,-703,0,703
Job_071,6,5413,7477,M7,6349,85,6434,-1043,0,1043
Job_073,7,5420,7210,M6,6349,89,6438,-772,0,772
Job_064,9,4793,6491,M3,6412,79,6491,0,0,0
Job_073,8,5420,7210,M9,6438,45,6483,-727,0,727
Job_071,7,5413,7477,M3,6491,98,6589,-888,0,888
Job_060,9,4511,6574,M5,6531,43,6574,0,0,0
Job_071,8,5413,7477,M9,6589,22,6611,-866,0,866
Job_072,9,5419,6658,M6,6605,53,6658,0,0,0
Job_066,9,5038,6739,M7,6694,45,6739,0,0,0
Job_067,9,5139,6837,M3,6758,79,6837,0,0,0
Job_074,9,5536,6780,M9,6759,21,6780,0,0,0
Job_069,9,5241,6848,M8,6783,30,6813,-35,0,35
Job_065,9,5007,6887,M8,6813,74,6887,0,0,0
Job_070,9,5408,6971,M7,6946,25,6971,0,0,0
Job_068,9,5187,7068,M8,6994,74,7068,0,0,0
Job_073,9,5420,7210,M4,7177,33,7210,0,0,0
Job_075,9,5632,7334,M7,7289,45,7334,0,0,0
Job_071,9,5413,7477,M5,7434,43,7477,0,0,0
