Job,Operation,Arrival,Deadline,Machine,Start,Processing Time,End,Lateness,Tardiness,Earliness
Job_126,5,9561,11168,M1,10080,28,10108,-1060,0,1060
Job_120,7,8970,10281,M8,10086,89,10175,-106,0,106
Job_111,9,8300,10090,M4,10097,33,10130,40,40,0
Job_124,5,9459,11157,M6,10100,88,10188,-969,0,969
Job_132,0,9952,11654,M1,10108,85,10193,-1461,0,1461
Job_131,0,9856,11100,M0,10121,29,10150,-950,0,950
Job_117,7,8831,10894,M3,10144,98,10242,-652,0,652
Job_125,3,9507,11388,M5,10144,51,10195,-1193,0,1193
Job_122,5,9327,11207,M9,10147,11,10158,-1049,0,1049
Job_128,1,9733,11797,M2,10147,95,10242,-1555,0,1555
Job_129,1,9739,10978,M0,10150,6,10156,-822,0,822
Job_113,9,8512,10214,M7,10151,45,10196,-18,0,18
Job_133,0,10080,11324,M0,10156,29,10185,-1139,0,1139
Job_121,6,9113,10811,M8,10175,19,10194,-617,0,617
Job_134,0,10160,11767,M0,10185,43,10228,-1539,0,1539
Job_126,6,9561,11168,M6,10188,46,10234,-934,0,934
Job_129,2,9739,10978,M1,10193,22,10215,-763,0,763
Job_121,7,9113,10811,M9,10194,48,10242,-569,0,569
Job_123,4,9358,11059,M8,10194,64,10258,-801,0,801
Job_120,8,8970,10281,M7,10196,30,10226,-55,0,55
Job_131,1,9856,11100,M1,10215,78,10293,-807,0,807
Job_120,9,8970,10281,M4,10226,55,10281,0,0,0
Job_132,1,9952,11654,M0,10228,13,10241,-1413,0,1413
Job_122,6,9327,11207,M6,10234,40,10274,-933,0,933
Job_126,7,9561,11168,M5,10234,46,10280,-888,0,888
Job_117,8,8831,10894,M9,10242,22,10264,-630,0,630
Job_121,8,9113,10811,M7,10242,36,10278,-533,0,533
Job_127,3,9728,11291,M3,10242,95,10337,-954,0,954
Job_128,2,9733,11797,M0,10242,71,10313,-1484,0,1484
Job_132,2,9952,11654,M2,10242,61,10303,-1351,0,1351
Job_124,6,9459,11157,M8,10258,19,10277,-880,0,880
Job_123,5,9358,11059,M9,10264,76,10340,-719,0,719
Job_122,7,9327,11207,M7,10278,89,10367,-840,0,840
Job_133,1,10080,11324,M1,10293,78,10371,-953,0,953
Job_115,9,8720,10327,M8,10297,30,10327,0,0,0
Job_131,2,9856,11100,M2,10303,9,10312,-788,0,788
Job_132,3,9952,11654,M6,10303,7,10310,-1344,0,1344
Job_125,4,9507,11388,M2,10312,85,10397,-991,0,991
Job_128,3,9733,11797,M4,10313,99,10412,-1385,0,1385
Job_109,9,8293,10357,M5,10314,43,10357,0,0,0
Job_132,4,9952,11654,M8,10327,64,10391,-1263,0,1263
Job_131,3,9856,11100,M3,10337,36,10373,-727,0,727
Job_124,7,9459,11157,M9,10340,48,10388,-769,0,769
Job_123,6,9358,11059,M5,10357,47,10404,-655,0,655
Job_126,8,9561,11168,M7,10367,72,10439,-729,0,729
Job_135,0,10220,12009,M1,10371,91,10462,-1547,0,1547
Job_130,2,9740,11530,M3,10373,39,10412,-1118,0,1118
Job_127,4,9728,11291,M8,10391,48,10439,-852,0,852
Job_132,5,9952,11654,M9,10391,76,10467,-1187,0,1187
Job_133,2,10080,11324,M2,10397,9,10406,-918,0,918
Job_129,3,9739,10978,M5,10404,61,10465,-513,0,513
Job_137,0,10306,11545,M2,10406,14,10420,-1125,0,1125
Job_128,4,9733,11797,M6,10412,9,10421,-1376,0,1376
Job_131,4,9856,11100,M4,10412,49,10461,-639,0,639
Job_133,3,10080,11324,M3,10412,36,10448,-876,0,876
Job_134,1,10160,11767,M2,10420,90,10510,-1257,0,1257
Job_137,1,10306,11545,M0,10420,6,10426,-1119,0,1119
Job_128,5,9733,11797,M8,10439,52,10491,-1306,0,1306
Job_123,7,9358,11059,M3,10448,52,10500,-559,0,559
Job_133,4,10080,11324,M4,10461,49,10510,-814,0,814
Job_135,1,10220,12009,M0,10462,85,10547,-1462,0,1462
Job_137,2,10306,11545,M1,10462,22,10484,-1061,0,1061
Job_127,5,9728,11291,M9,10467,72,10539,-752,0,752
Job_132,6,9952,11654,M5,10467,47,10514,-1140,0,1140
Job_119,9,8933,10496,M7,10471,25,10496,0,0,0
Job_139,0,10410,11721,M1,10484,46,10530,-1191,0,1191
Job_128,6,9733,11797,M7,10496,85,10581,-1216,0,1216
Job_129,4,9739,10978,M3,10500,26,10526,-452,0,452
Job_122,8,9327,11207,M4,10510,26,10536,-671,0,671
Job_130,3,9740,11530,M2,10510,74,10584,-946,0,946
Job_137,3,10306,11545,M5,10514,61,10575,-970,0,970
Job_132,7,9952,11654,M3,10526,52,10578,-1076,0,1076
Job_136,0,10271,12334,M1,10530,81,10611,-1723,0,1723
Job_116,9,8780,10569,M4,10536,33,10569,0,0,0
Job_125,5,9507,11388,M9,10539,11,10550,-838,0,838
Job_127,6,9728,11291,M0,10547,47,10594,-697,0,697
Job_125,6,9507,11388,M6,10550,40,10590,-798,0,798
Job_123,8,9358,11059,M4,10569,90,10659,-400,0,400
Job_131,5,9856,11100,M5,10575,11,10586,-514,0,514
Job_137,4,10306,11545,M3,10578,26,10604,-941,0,941
Job_130,4,9740,11530,M8,10584,90,10674,-856,0,856
Job_138,0,10373,11936,M2,10584,84,10668,-1268,0,1268
Job_133,5,10080,11324,M5,10586,11,10597,-727,0,727
Job_125,7,9507,11388,M7,10590,89,10679,-709,0,709
Job_131,6,9856,11100,M6,10590,62,10652,-448,0,448
Job_139,1,10410,11721,M0,10594,37,10631,-1090,0,1090
Job_135,2,10220,12009,M3,10604,39,10643,-1366,0,1366
Job_139,2,10410,11721,M3,10643,61,10704,-1017,0,1017
Job_127,7,9728,11291,M6,10652,65,10717,-574,0,574
Job_129,5,9739,10978,M4,10659,69,10728,-250,0,250
Job_135,3,10220,12009,M2,10668,74,10742,-1267,0,1267
Job_138,1,10373,11936,M1,10668,2,10670,-1266,0,1266
Job_138,2,10373,11936,M5,10670,52,10722,-1214,0,1214
Job_131,7,9856,11100,M7,10679,56,10735,-365,0,365
Job_133,6,10080,11324,M6,10717,62,10779,-545,0,545
Job_130,5,9740,11530,M5,10722,10,10732,-798,0,798
Job_129,6,9739,10978,M8,10728,21,10749,-229,0,229
Job_137,5,10306,11545,M4,10728,69,10797,-748,0,748
Job_121,9,9113,10811,M3,10732,79,10811,0,0,0
Job_130,6,9740,11530,M7,10735,12,10747,-783,0,783
Job_139,3,10410,11721,M2,10742,13,10755,-966,0,966
Job_129,7,9739,10978,M7,10749,49,10798,-180,0,180
Job_135,4,10220,12009,M8,10749,90,10839,-1170,0,1170
Job_136,1,10271,12334,M2,10755,95,10850,-1484,0,1484
Job_141,0,10767,12647,M0,10767,76,10843,-1804,0,1804
Job_130,7,9740,11530,M6,10779,89,10868,-662,0,662
Job_127,8,9728,11291,M4,10797,6,10803,-488,0,488
Job_129,8,9739,10978,M9,10798,72,10870,-108,0,108
Job_133,7,10080,11324,M7,10798,56,10854,-470,0,470
Job_142,0,10798,12499,M1,10798,85,10883,-1616,0,1616
Job_125,8,9507,11388,M4,10803,26,10829,-559,0,559
Job_138,3,10373,11936,M3,10811,95,10906,-1030,0,1030
Job_134,2,10160,11767,M4,10829,75,10904,-863,0,863
Job_131,8,9856,11100,M8,10839,44,10883,-217,0,217
Job_135,5,10220,12009,M5,10839,10,10849,-1160,0,1160
Job_136,2,10271,12334,M0,10850,71,10921,-1413,0,1413
Job_140,0,10553,12251,M2,10850,31,10881,-1370,0,1370
Job_117,9,8831,10894,M5,10851,43,10894,0,0,0
Job_135,6,10220,12009,M7,10854,12,10866,-1143,0,1143
Job_124,8,9459,11157,M7,10866,36,10902,-255,0,255
Job_139,4,10410,11721,M6,10868,32,10900,-821,0,821
Job_130,8,9740,11530,M9,10870,45,10915,-615,0,615
Job_137,6,10306,11545,M8,10883,21,10904,-641,0,641
Job_141,1,10767,12647,M1,10883,69,10952,-1695,0,1695
Job_143,0,10899,12597,M2,10899,31,10930,-1667,0,1667
Job_139,5,10410,11721,M5,10900,21,10921,-800,0,800
Job_132,8,9952,11654,M4,10904,90,10994,-660,0,660
Job_137,7,10306,11545,M7,10904,49,10953,-592,0,592
Job_128,7,9733,11797,M3,10906,98,11004,-793,0,793
Job_138,4,10373,11936,M8,10906,48,10954,-982,0,982
Job_134,3,10160,11767,M9,10915,11,10926,-841,0,841
Job_140,1,10553,12251,M0,10921,86,11007,-1244,0,1244
Job_129,9,9739,10978,M6,10925,53,10978,0,0,0
Job_139,6,10410,11721,M9,10926,32,10958,-763,0,763
Job_133,8,10080,11324,M8,10954,44,10998,-326,0,326
Job_138,5,10373,11936,M9,10958,72,11030,-906,0,906
Job_135,7,10220,12009,M6,10978,89,11067,-942,0,942
Job_136,3,10271,12334,M4,10994,99,11093,-1241,0,1241
Job_139,7,10410,11721,M8,10998,89,11087,-634,0,634
Job_134,4,10160,11767,M3,11004,69,11073,-694,0,694
Job_140,2,10553,12251,M1,11007,46,11053,-1198,0,1198
Job_145,0,11001,12608,M0,11007,43,11050,-1558,0,1558
Job_123,9,9358,11059,M7,11014,45,11059,0,0,0
Job_128,8,9733,11797,M9,11030,22,11052,-745,0,745
Job_138,6,10373,11936,M0,11050,47,11097,-839,0,839
Job_145,1,11001,12608,M2,11050,90,11140,-1468,0,1468
Job_140,3,10553,12251,M5,11053,74,11127,-1124,0,1124
Job_134,5,10160,11767,M1,11073,28,11101,-666,0,666
Job_124,9,9459,11157,M3,11078,79,11157,0,0,0
Job_131,9,9856,11100,M9,11079,21,11100,0,0,0
Job_139,8,10410,11721,M7,11087,30,11117,-604,0,604
Job_138,7,10373,11936,M6,11097,65,11162,-774,0,774
Job_142,1,10798,12499,M0,11097,13,11110,-1389,0,1389
Job_137,8,10306,11545,M9,11100,72,11172,-373,0,373
Job_126,9,9561,11168,M8,11103,30,11133,-35,0,35
Job_143,1,10899,12597,M0,11110,86,11196,-1401,0,1401
Job_140,4,10553,12251,M4,11127,32,11159,-1092,0,1092
Job_122,9,9327,11207,M8,11133,74,11207,0,0,0
Job_142,2,10798,12499,M2,11140,61,11201,-1298,0,1298
Job_141,2,10767,12647,M3,11157,76,11233,-1414,0,1414
Job_145,2,11001,12608,M4,11159,75,11234,-1374,0,1374
Job_134,6,10160,11767,M6,11162,46,11208,-559,0,559
Job_135,8,10220,12009,M9,11172,45,11217,-792,0,792
Job_147,0,11173,13237,M1,11173,81,11254,-1983,0,1983
Job_144,0,10947,12828,M0,11196,76,11272,-1556,0,1556
Job_148,0,11179,12418,M2,11201,14,11215,-1203,0,1203
Job_134,7,10160,11767,M5,11208,46,11254,-513,0,513
Job_136,4,10271,12334,M6,11208,9,11217,-1117,0,1117
Job_146,0,11168,12731,M2,11215,84,11299,-1432,0,1432
Job_136,5,10271,12334,M8,11217,52,11269,-1065,0,1065
Job_140,5,10553,12251,M6,11217,88,11305,-946,0,946
Job_138,8,10373,11936,M4,11234,6,11240,-696,0,696
Job_145,3,11001,12608,M9,11234,11,11245,-1363,0,1363
Job_145,4,11001,12608,M3,11245,69,11314,-1294,0,1294
Job_141,3,10767,12647,M5,11254,51,11305,-1342,0,1342
Job_143,2,10899,12597,M1,11254,46,11300,-1297,0,1297
Job_127,9,9728,11291,M7,11266,25,11291,0,0,0
Job_148,1,11179,12418,M0,11272,6,11278,-1140,0,1140
Job_134,8,10160,11767,M7,11291,72,11363,-404,0,404
Job_150,0,11296,12540,M0,11296,29,11325,-1215,0,1215
Job_147,1,11173,13237,M2,11299,95,11394,-1843,0,1843
Job_148,2,11179,12418,M1,11300,22,11322,-1096,0,1096
Job_133,9,10080,11324,M9,11303,21,11324,0,0,0
Job_142,3,10798,12499,M6,11305,7,11312,-1187,0,1187
Job_143,3,10899,12597,M5,11305,74,11379,-1218,0,1218
Job_125,9,9507,11388,M8,11314,74,11388,0,0,0
Job_146,1,11168,12731,M1,11322,2,11324,-1407,0,1407
Job_144,1,10947,12828,M1,11324,69,11393,-1435,0,1435
Job_136,6,10271,12334,M7,11363,85,11448,-886,0,886
Job_143,4,10899,12597,M4,11379,32,11411,-1186,0,1186
Job_148,3,11179,12418,M5,11379,61,11440,-978,0,978
Job_140,6,10553,12251,M8,11388,19,11407,-844,0,844
Job_144,2,10947,12828,M3,11393,76,11469,-1359,0,1359
Job_150,1,11296,12540,M1,11393,78,11471,-1069,0,1069
Job_141,4,10767,12647,M2,11394,85,11479,-1168,0,1168
Job_147,2,11173,13237,M0,11394,71,11465,-1772,0,1772
Job_140,7,10553,12251,M9,11407,48,11455,-796,0,796
Job_142,4,10798,12499,M8,11407,64,11471,-1028,0,1028
Job_146,2,11168,12731,M5,11440,52,11492,-1239,0,1239
Job_140,8,10553,12251,M7,11455,36,11491,-760,0,760
Job_148,4,11179,12418,M3,11469,26,11495,-923,0,923
Job_142,5,10798,12499,M9,11471,76,11547,-952,0,952
Job_145,5,11001,12608,M1,11471,28,11499,-1109,0,1109
Job_150,2,11296,12540,M2,11479,9,11488,-1052,0,1052
Job_137,9,10306,11545,M6,11492,53,11545,0,0,0
Job_144,3,10947,12828,M5,11492,51,11543,-1285,0,1285
Job_136,7,10271,12334,M3,11495,98,11593,-741,0,741
Job_130,9,9740,11530,M4,11497,33,11530,0,0,0
Job_149,0,11180,12970,M1,11499,91,11590,-1380,0,1380
Job_152,0,11520,12764,M0,11520,29,11549,-1215,0,1215
Job_148,5,11179,12418,M4,11530,69,11599,-819,0,819
Job_144,4,10947,12828,M2,11543,85,11628,-1200,0,1200
Job_143,5,10899,12597,M6,11545,88,11633,-964,0,964
Job_141,5,10767,12647,M9,11547,11,11558,-1089,0,1089
Job_142,6,10798,12499,M5,11547,47,11594,-905,0,905
Job_149,1,11180,12970,M0,11590,85,11675,-1295,0,1295
Job_151,0,11392,13094,M1,11590,85,11675,-1419,0,1419
Job_136,8,10271,12334,M9,11593,22,11615,-719,0,719
Job_150,3,11296,12540,M3,11593,36,11629,-911,0,911
Job_148,6,11179,12418,M8,11599,21,11620,-798,0,798
Job_132,9,9952,11654,M7,11609,45,11654,0,0,0
Job_144,5,10947,12828,M9,11628,11,11639,-1189,0,1189
Job_146,3,11168,12731,M3,11629,95,11724,-1007,0,1007
Job_143,6,10899,12597,M8,11633,19,11652,-945,0,945
Job_145,6,11001,12608,M6,11633,46,11679,-929,0,929
Job_143,7,10899,12597,M9,11652,48,11700,-897,0,897
Job_148,7,11179,12418,M7,11654,49,11703,-715,0,715
Job_139,9,10410,11721,M4,11666,55,11721,0,0,0
Job_151,1,11392,13094,M0,11675,13,11688,-1406,0,1406
Job_152,1,11520,12764,M1,11675,78,11753,-1011,0,1011
Job_141,6,10767,12647,M6,11679,40,11719,-928,0,928
Job_145,7,11001,12608,M5,11679,46,11725,-883,0,883
Job_151,2,11392,13094,M2,11688,61,11749,-1345,0,1345
Job_153,0,11600,13207,M0,11688,43,11731,-1476,0,1476
Job_143,8,10899,12597,M7,11703,36,11739,-858,0,858
Job_148,8,11179,12418,M9,11703,72,11775,-643,0,643
Job_144,6,10947,12828,M6,11719,40,11759,-1069,0,1069
Job_150,4,11296,12540,M4,11721,49,11770,-770,0,770
Job_142,7,10798,12499,M3,11724,52,11776,-723,0,723
Job_134,9,10160,11767,M8,11737,30,11767,0,0,0
Job_141,7,10767,12647,M7,11739,89,11828,-819,0,819
Job_156,0,11746,12985,M2,11749,14,11763,-1222,0,1222
Job_154,0,11660,13449,M1,11753,91,11844,-1605,0,1605
Job_128,9,9733,11797,M5,11754,43,11797,0,0,0
Job_151,3,11392,13094,M6,11759,7,11766,-1328,0,1328
Job_152,2,11520,12764,M2,11763,9,11772,-992,0,992
Job_156,1,11746,12985,M0,11763,6,11769,-1216,0,1216
Job_146,4,11168,12731,M8,11767,48,11815,-916,0,916
Job_147,3,11173,13237,M4,11770,99,11869,-1368,0,1368
Job_153,1,11600,13207,M2,11772,90,11862,-1345,0,1345
Job_149,2,11180,12970,M3,11776,39,11815,-1155,0,1155
Job_150,5,11296,12540,M5,11797,11,11808,-732,0,732
Job_150,6,11296,12540,M6,11808,62,11870,-670,0,670
Job_146,5,11168,12731,M9,11815,72,11887,-844,0,844
Job_151,4,11392,13094,M8,11815,64,11879,-1215,0,1215
Job_152,3,11520,12764,M3,11815,36,11851,-913,0,913
Job_145,8,11001,12608,M7,11828,72,11900,-708,0,708
Job_154,1,11660,13449,M0,11844,85,11929,-1520,0,1520
Job_156,2,11746,12985,M1,11844,22,11866,-1119,0,1119
Job_149,3,11180,12970,M2,11862,74,11936,-1034,0,1034
Job_156,3,11746,12985,M5,11866,61,11927,-1058,0,1058
Job_158,0,11850,13161,M1,11866,46,11912,-1249,0,1249
Job_142,8,10798,12499,M4,11869,90,11959,-540,0,540
Job_147,4,11173,13237,M6,11870,9,11879,-1358,0,1358
Job_147,5,11173,13237,M8,11879,52,11931,-1306,0,1306
Job_151,5,11392,13094,M9,11887,76,11963,-1131,0,1131
Job_138,9,10373,11936,M7,11911,25,11936,0,0,0
Job_155,0,11711,13774,M1,11912,81,11993,-1781,0,1781
Job_156,4,11746,12985,M3,11927,26,11953,-1032,0,1032
Job_146,6,11168,12731,M0,11929,47,11976,-755,0,755
Job_149,4,11180,12970,M8,11936,90,12026,-944,0,944
Job_150,7,11296,12540,M7,11936,56,11992,-548,0,548
Job_157,0,11813,13376,M2,11936,84,12020,-1356,0,1356
Job_154,2,11660,13449,M3,11953,39,11992,-1457,0,1457
Job_151,6,11392,13094,M5,11963,47,12010,-1084,0,1084
Job_135,9,10220,12009,M4,11976,33,12009,0,0,0
Job_146,7,11168,12731,M6,11976,65,12041,-690,0,690
Job_158,1,11850,13161,M0,11976,37,12013,-1148,0,1148
Job_144,7,10947,12828,M7,11992,89,12081,-747,0,747
Job_141,8,10767,12647,M4,12009,26,12035,-612,0,612
Job_151,7,11392,13094,M3,12010,52,12062,-1032,0,1032
Job_154,3,11660,13449,M2,12020,74,12094,-1355,0,1355
Job_157,1,11813,13376,M1,12020,2,12022,-1354,0,1354
Job_157,2,11813,13376,M5,12022,52,12074,-1302,0,1302
Job_150,8,11296,12540,M8,12026,44,12070,-470,0,470
Job_152,4,11520,12764,M4,12035,49,12084,-680,0,680
Job_158,2,11850,13161,M3,12062,61,12123,-1038,0,1038
Job_149,5,11180,12970,M5,12074,10,12084,-886,0,886
Job_147,6,11173,13237,M7,12081,85,12166,-1071,0,1071
Job_152,5,11520,12764,M5,12084,11,12095,-669,0,669
Job_156,5,11746,12985,M4,12084,69,12153,-832,0,832
Job_154,4,11660,13449,M8,12094,90,12184,-1265,0,1265
Job_155,1,11711,13774,M2,12094,95,12189,-1585,0,1585
Job_152,6,11520,12764,M6,12095,62,12157,-607,0,607
Job_146,8,11168,12731,M4,12153,6,12159,-572,0,572
Job_144,8,10947,12828,M4,12159,26,12185,-643,0,643
Job_152,7,11520,12764,M7,12166,56,12222,-542,0,542
Job_140,9,10553,12251,M3,12172,79,12251,0,0,0
Job_154,5,11660,13449,M5,12184,10,12194,-1255,0,1255
Job_156,6,11746,12985,M8,12184,21,12205,-780,0,780
Job_153,2,11600,13207,M4,12185,75,12260,-947,0,947
Job_155,2,11711,13774,M0,12189,71,12260,-1514,0,1514
Job_158,3,11850,13161,M2,12189,13,12202,-959,0,959
Job_158,4,11850,13161,M6,12202,32,12234,-927,0,927
Job_159,0,11993,13691,M2,12202,31,12233,-1458,0,1458
Job_149,6,11180,12970,M7,12222,12,12234,-736,0,736
Job_152,8,11520,12764,M8,12222,44,12266,-498,0,498
Job_149,7,11180,12970,M6,12234,89,12323,-647,0,647
Job_154,6,11660,13449,M7,12234,12,12246,-1203,0,1203
Job_158,5,11850,13161,M5,12234,21,12255,-906,0,906
Job_161,0,12238,13939,M1,12238,85,12323,-1616,0,1616
Job_156,7,11746,12985,M7,12246,49,12295,-690,0,690
Job_157,3,11813,13376,M3,12251,95,12346,-1030,0,1030
Job_158,6,11850,13161,M9,12255,32,12287,-874,0,874
Job_151,8,11392,13094,M4,12260,90,12350,-744,0,744
Job_159,1,11993,13691,M0,12260,86,12346,-1345,0,1345
Job_153,3,11600,13207,M9,12287,11,12298,-909,0,909
Job_158,7,11850,13161,M8,12287,89,12376,-785,0,785
Job_136,9,10271,12334,M5,12291,43,12334,0,0,0
Job_149,8,11180,12970,M9,12323,45,12368,-602,0,602
Job_162,0,12339,14037,M2,12339,31,12370,-1667,0,1667
Job_153,4,11600,13207,M3,12346,69,12415,-792,0,792
Job_159,2,11993,13691,M1,12346,46,12392,-1299,0,1299
Job_160,0,12207,14087,M0,12346,76,12422,-1665,0,1665
Job_155,3,11711,13774,M4,12350,99,12449,-1325,0,1325
Job_148,9,11179,12418,M6,12365,53,12418,0,0,0
Job_156,8,11746,12985,M9,12368,72,12440,-545,0,545
Job_157,4,11813,13376,M8,12376,48,12424,-952,0,952
Job_158,8,11850,13161,M7,12376,30,12406,-755,0,755
Job_159,3,11993,13691,M5,12392,74,12466,-1225,0,1225
Job_147,7,11173,13237,M3,12415,98,12513,-724,0,724
Job_153,5,11600,13207,M1,12415,28,12443,-764,0,764
Job_161,1,12238,13939,M0,12422,13,12435,-1504,0,1504
Job_161,2,12238,13939,M2,12435,61,12496,-1443,0,1443
Job_162,1,12339,14037,M0,12435,86,12521,-1516,0,1516
Job_157,5,11813,13376,M9,12440,72,12512,-864,0,864
Job_160,1,12207,14087,M1,12443,69,12512,-1575,0,1575
Job_155,4,11711,13774,M6,12449,9,12458,-1316,0,1316
Job_142,9,10798,12499,M7,12454,45,12499,0,0,0
Job_153,6,11600,13207,M6,12458,46,12504,-703,0,703
Job_155,5,11711,13774,M8,12458,52,12510,-1264,0,1264
Job_159,4,11993,13691,M4,12466,32,12498,-1193,0,1193
Job_153,7,11600,13207,M5,12504,46,12550,-657,0,657
Job_159,5,11993,13691,M6,12504,88,12592,-1099,0,1099
Job_155,6,11711,13774,M7,12510,85,12595,-1179,0,1179
Job_143,9,10899,12597,M3,12518,79,12597,0,0,0
Job_150,9,11296,12540,M9,12519,21,12540,0,0,0
Job_157,6,11813,13376,M0,12521,47,12568,-808,0,808
Job_162,2,12339,14037,M1,12521,46,12567,-1470,0,1470
Job_147,8,11173,13237,M9,12540,22,12562,-675,0,675
Job_145,9,11001,12608,M8,12543,30,12573,-35,0,35
Job_162,3,12339,14037,M5,12567,74,12641,-1396,0,1396
Job_164,0,12441,14048,M0,12568,43,12611,-1437,0,1437
Job_141,9,10767,12647,M8,12573,74,12647,0,0,0
Job_157,7,11813,13376,M6,12592,65,12657,-719,0,719
Job_153,8,11600,13207,M7,12595,72,12667,-540,0,540
Job_160,2,12207,14087,M3,12597,76,12673,-1414,0,1414
Job_165,0,12608,14171,M2,12608,84,12692,-1479,0,1479
Job_163,0,12387,14268,M0,12611,76,12687,-1581,0,1581
Job_166,0,12613,14677,M1,12613,81,12694,-1983,0,1983
Job_162,4,12339,14037,M4,12641,32,12673,-1364,0,1364
Job_159,6,11993,13691,M8,12647,19,12666,-1025,0,1025
Job_161,3,12238,13939,M6,12657,7,12664,-1275,0,1275
Job_159,7,11993,13691,M9,12666,48,12714,-977,0,977
Job_161,4,12238,13939,M8,12666,64,12730,-1209,0,1209
Job_157,8,11813,13376,M4,12673,6,12679,-697,0,697
Job_160,3,12207,14087,M5,12673,51,12724,-1363,0,1363
Job_162,5,12339,14037,M6,12673,88,12761,-1276,0,1276
Job_164,1,12441,14048,M2,12692,90,12782,-1266,0,1266
Job_165,1,12608,14171,M1,12694,2,12696,-1475,0,1475
Job_163,1,12387,14268,M1,12696,69,12765,-1503,0,1503
Job_146,9,11168,12731,M7,12706,25,12731,0,0,0
Job_165,2,12608,14171,M5,12724,52,12776,-1395,0,1395
Job_159,8,11993,13691,M7,12731,36,12767,-924,0,924
Job_169,0,12736,13980,M0,12736,29,12765,-1215,0,1215
Job_152,9,11520,12764,M9,12743,21,12764,0,0,0
Job_144,9,10947,12828,M8,12754,74,12828,0,0,0
Job_154,7,11660,13449,M6,12761,89,12850,-599,0,599
Job_161,5,12238,13939,M9,12764,76,12840,-1099,0,1099
Job_163,2,12387,14268,M3,12765,76,12841,-1427,0,1427
Job_169,1,12736,13980,M1,12765,78,12843,-1137,0,1137
Job_164,2,12441,14048,M4,12782,75,12857,-1191,0,1191
Job_167,0,12619,13858,M2,12782,14,12796,-1062,0,1062
Job_160,4,12207,14087,M2,12796,85,12881,-1206,0,1206
Job_167,1,12619,13858,M0,12796,6,12802,-1056,0,1056
Job_162,6,12339,14037,M8,12828,19,12847,-1190,0,1190
Job_163,3,12387,14268,M5,12841,51,12892,-1376,0,1376
Job_167,2,12619,13858,M1,12843,22,12865,-993,0,993
Job_164,3,12441,14048,M9,12857,11,12868,-1180,0,1180
Job_168,0,12620,14410,M1,12865,91,12956,-1454,0,1454
Job_164,4,12441,14048,M3,12868,69,12937,-1111,0,1111
Job_160,5,12207,14087,M9,12881,11,12892,-1195,0,1195
Job_169,2,12736,13980,M2,12881,9,12890,-1090,0,1090
Job_166,1,12613,14677,M2,12890,95,12985,-1692,0,1692
Job_160,6,12207,14087,M6,12892,40,12932,-1155,0,1155
Job_162,7,12339,14037,M9,12892,48,12940,-1097,0,1097
Job_167,3,12619,13858,M5,12892,61,12953,-905,0,905
Job_156,9,11746,12985,M6,12932,53,12985,0,0,0
Job_160,7,12207,14087,M7,12932,89,13021,-1066,0,1066
Job_149,9,11180,12970,M4,12937,33,12970,0,0,0
Job_169,3,12736,13980,M3,12937,36,12973,-1007,0,1007
Job_154,8,11660,13449,M9,12940,45,12985,-464,0,464
Job_161,6,12238,13939,M5,12953,47,13000,-939,0,939
Job_168,1,12620,14410,M0,12956,85,13041,-1369,0,1369
Job_170,0,12832,14534,M1,12956,85,13041,-1493,0,1493
Job_167,4,12619,13858,M3,12973,26,12999,-859,0,859
Job_163,4,12387,14268,M2,12985,85,13070,-1198,0,1198
Job_165,3,12608,14171,M3,12999,95,13094,-1077,0,1077
Job_160,8,12207,14087,M4,13021,26,13047,-1040,0,1040
Job_164,5,12441,14048,M1,13041,28,13069,-979,0,979
Job_171,0,12960,14204,M0,13041,29,13070,-1134,0,1134
Job_169,4,12736,13980,M4,13047,49,13096,-884,0,884
Job_151,9,11392,13094,M7,13049,45,13094,0,0,0
Job_164,6,12441,14048,M6,13069,46,13115,-933,0,933
Job_163,5,12387,14268,M9,13070,11,13081,-1187,0,1187
Job_170,1,12832,14534,M0,13070,13,13083,-1451,0,1451
Job_171,1,12960,14204,M1,13070,78,13148,-1056,0,1056
Job_170,2,12832,14534,M2,13083,61,13144,-1390,0,1390
Job_172,0,13040,14647,M0,13083,43,13126,-1521,0,1521
Job_161,7,12238,13939,M3,13094,52,13146,-793,0,793
Job_162,8,12339,14037,M7,13094,36,13130,-907,0,907
Job_165,4,12608,14171,M8,13094,48,13142,-1029,0,1029
Job_169,5,12736,13980,M5,13096,11,13107,-873,0,873
Job_158,9,11850,13161,M4,13106,55,13161,0,0,0
Job_163,6,12387,14268,M6,13115,40,13155,-1113,0,1113
Job_164,7,12441,14048,M5,13115,46,13161,-887,0,887
Job_166,2,12613,14677,M0,13126,71,13197,-1480,0,1480
Job_165,5,12608,14171,M9,13142,72,13214,-957,0,957
Job_172,1,13040,14647,M2,13144,90,13234,-1413,0,1413
Job_168,2,12620,14410,M3,13146,39,13185,-1225,0,1225
Job_173,0,13100,14889,M1,13148,91,13239,-1650,0,1650
Job_163,7,12387,14268,M7,13155,89,13244,-1024,0,1024
Job_170,3,12832,14534,M6,13155,7,13162,-1372,0,1372
Job_167,5,12619,13858,M4,13161,69,13230,-628,0,628
Job_169,6,12736,13980,M6,13162,62,13224,-756,0,756
Job_153,9,11600,13207,M8,13177,30,13207,0,0,0
Job_155,7,11711,13774,M3,13185,98,13283,-491,0,491
Job_147,9,11173,13237,M5,13194,43,13237,0,0,0
Job_165,6,12608,14171,M0,13214,47,13261,-910,0,910
Job_161,8,12238,13939,M4,13230,90,13320,-619,0,619
Job_167,6,12619,13858,M8,13230,21,13251,-607,0,607
Job_171,2,12960,14204,M2,13234,9,13243,-961,0,961
Job_174,0,13151,15214,M1,13239,81,13320,-1894,0,1894
Job_175,0,13186,14425,M2,13243,14,13257,-1168,0,1168
Job_164,8,12441,14048,M7,13244,72,13316,-732,0,732
Job_170,4,12832,14534,M8,13251,64,13315,-1219,0,1219
Job_168,3,12620,14410,M2,13257,74,13331,-1079,0,1079
Job_165,7,12608,14171,M6,13261,65,13326,-845,0,845
Job_175,1,13186,14425,M0,13261,6,13267,-1158,0,1158
Job_173,1,13100,14889,M0,13267,85,13352,-1537,0,1537
Job_155,8,11711,13774,M9,13283,22,13305,-469,0,469
Job_171,3,12960,14204,M3,13283,36,13319,-885,0,885
Job_170,5,12832,14534,M9,13315,76,13391,-1143,0,1143
Job_171,4,12960,14204,M4,13320,49,13369,-835,0,835
Job_177,0,13290,14601,M1,13320,46,13366,-1235,0,1235
Job_168,4,12620,14410,M8,13331,90,13421,-989,0,989
Job_176,0,13253,14816,M2,13331,84,13415,-1401,0,1401
Job_157,9,11813,13376,M7,13351,25,13376,0,0,0
Job_173,2,13100,14889,M3,13352,39,13391,-1498,0,1498
Job_175,2,13186,14425,M1,13366,22,13388,-1037,0,1037
Job_177,1,13290,14601,M0,13366,37,13403,-1198,0,1198
Job_163,8,12387,14268,M4,13369,26,13395,-873,0,873
Job_171,5,12960,14204,M5,13369,11,13380,-824,0,824
Job_167,7,12619,13858,M7,13376,49,13425,-433,0,433
Job_171,6,12960,14204,M6,13380,62,13442,-762,0,762
Job_175,3,13186,14425,M5,13388,61,13449,-976,0,976
Job_165,8,12608,14171,M4,13395,6,13401,-770,0,770
Job_177,2,13290,14601,M3,13403,61,13464,-1137,0,1137
Job_173,3,13100,14889,M2,13415,74,13489,-1400,0,1400
Job_176,1,13253,14816,M1,13415,2,13417,-1399,0,1399
Job_154,9,11660,13449,M4,13416,33,13449,0,0,0
Job_167,8,12619,13858,M9,13425,72,13497,-361,0,361
Job_169,7,12736,13980,M7,13425,56,13481,-499,0,499
Job_170,6,12832,14534,M5,13449,47,13496,-1038,0,1038
Job_175,4,13186,14425,M3,13464,26,13490,-935,0,935
Job_169,8,12736,13980,M8,13481,44,13525,-455,0,455
Job_177,3,13290,14601,M2,13489,13,13502,-1099,0,1099
Job_175,5,13186,14425,M4,13490,69,13559,-866,0,866
Job_168,5,12620,14410,M5,13496,10,13506,-904,0,904
Job_170,7,12832,14534,M3,13496,52,13548,-986,0,986
Job_174,1,13151,15214,M2,13502,95,13597,-1617,0,1617
Job_177,4,13290,14601,M6,13502,32,13534,-1067,0,1067
Job_168,6,12620,14410,M7,13506,12,13518,-892,0,892
Job_176,2,13253,14816,M5,13506,52,13558,-1258,0,1258
Job_171,7,12960,14204,M7,13518,56,13574,-630,0,630
Job_173,4,13100,14889,M8,13525,90,13615,-1274,0,1274
Job_168,7,12620,14410,M6,13534,89,13623,-787,0,787
Job_177,5,13290,14601,M5,13558,21,13579,-1022,0,1022
Job_166,3,12613,14677,M4,13559,99,13658,-1019,0,1019
Job_177,6,13290,14601,M9,13579,32,13611,-990,0,990
Job_174,2,13151,15214,M0,13597,71,13668,-1546,0,1546
Job_178,0,13433,15131,M2,13597,31,13628,-1503,0,1503
Job_159,9,11993,13691,M3,13612,79,13691,0,0,0
Job_173,5,13100,14889,M5,13615,10,13625,-1264,0,1264
Job_175,6,13186,14425,M8,13615,21,13636,-789,0,789
Job_168,8,12620,14410,M9,13623,45,13668,-742,0,742
Job_173,6,13100,14889,M7,13625,12,13637,-1252,0,1252
Job_177,7,13290,14601,M8,13636,89,13725,-876,0,876
Job_175,7,13186,14425,M7,13637,49,13686,-739,0,739
Job_166,4,12613,14677,M6,13658,9,13667,-1010,0,1010
Job_172,2,13040,14647,M4,13658,75,13733,-914,0,914
Job_173,7,13100,14889,M6,13667,89,13756,-1133,0,1133
Job_178,1,13433,15131,M0,13668,86,13754,-1377,0,1377
Job_180,0,13678,15379,M1,13678,85,13763,-1616,0,1616
Job_175,8,13186,14425,M9,13686,72,13758,-667,0,667
Job_176,3,13253,14816,M3,13691,95,13786,-1030,0,1030
Job_171,8,12960,14204,M8,13725,44,13769,-435,0,435
Job_177,8,13290,14601,M7,13725,30,13755,-846,0,846
Job_155,9,11711,13774,M5,13731,43,13774,0,0,0
Job_170,8,12832,14534,M4,13733,90,13823,-711,0,711
Job_179,0,13647,15527,M0,13754,76,13830,-1697,0,1697
Job_172,3,13040,14647,M9,13758,11,13769,-878,0,878
Job_178,2,13433,15131,M1,13763,46,13809,-1322,0,1322
Job_166,5,12613,14677,M8,13769,52,13821,-856,0,856
Job_173,8,13100,14889,M9,13769,45,13814,-1075,0,1075
Job_181,0,13779,15477,M2,13779,31,13810,-1667,0,1667
Job_172,4,13040,14647,M3,13786,69,13855,-792,0,792
Job_167,9,12619,13858,M6,13805,53,13858,0,0,0
Job_178,3,13433,15131,M5,13809,74,13883,-1248,0,1248
Job_176,4,13253,14816,M8,13821,48,13869,-947,0,947
Job_174,3,13151,15214,M4,13823,99,13922,-1292,0,1292
Job_179,1,13647,15527,M1,13830,69,13899,-1628,0,1628
Job_180,1,13678,15379,M0,13830,13,13843,-1536,0,1536
Job_180,2,13678,15379,M2,13843,61,13904,-1475,0,1475
Job_181,1,13779,15477,M0,13843,86,13929,-1548,0,1548
Job_176,5,13253,14816,M9,13869,72,13941,-875,0,875
Job_161,9,12238,13939,M7,13894,45,13939,0,0,0
Job_172,5,13040,14647,M1,13899,28,13927,-720,0,720
Job_180,3,13678,15379,M6,13904,7,13911,-1468,0,1468
Job_174,4,13151,15214,M6,13922,9,13931,-1283,0,1283
Job_178,4,13433,15131,M4,13922,32,13954,-1177,0,1177
Job_181,2,13779,15477,M1,13929,46,13975,-1502,0,1502
Job_183,0,13881,15488,M0,13929,43,13972,-1516,0,1516
Job_172,6,13040,14647,M6,13931,46,13977,-670,0,670
Job_174,5,13151,15214,M8,13931,52,13983,-1231,0,1231
Job_166,6,12613,14677,M7,13939,85,14024,-653,0,653
Job_162,9,12339,14037,M3,13958,79,14037,0,0,0
Job_169,9,12736,13980,M9,13959,21,13980,0,0,0
Job_176,6,13253,14816,M0,13972,47,14019,-797,0,797
Job_183,1,13881,15488,M2,13972,90,14062,-1426,0,1426
Job_172,7,13040,14647,M5,13977,46,14023,-624,0,624
Job_178,5,13433,15131,M6,13977,88,14065,-1066,0,1066
Job_164,9,12441,14048,M8,13983,30,14013,-35,0,35
Job_160,9,12207,14087,M8,14013,74,14087,0,0,0
Job_182,0,13827,15708,M0,14019,76,14095,-1613,0,1613
Job_181,3,13779,15477,M5,14023,74,14097,-1380,0,1380
Job_172,8,13040,14647,M7,14024,72,14096,-551,0,551
Job_166,7,12613,14677,M3,14037,98,14135,-542,0,542
Job_185,0,14053,16117,M1,14053,81,14134,-1983,0,1983
Job_183,2,13881,15488,M4,14062,75,14137,-1351,0,1351
Job_186,0,14059,15298,M2,14062,14,14076,-1222,0,1222
Job_176,7,13253,14816,M6,14065,65,14130,-686,0,686
Job_184,0,14048,15611,M2,14076,84,14160,-1451,0,1451
Job_178,6,13433,15131,M8,14087,19,14106,-1025,0,1025
Job_186,1,14059,15298,M0,14095,6,14101,-1197,0,1197
Job_178,7,13433,15131,M9,14106,48,14154,-977,0,977
Job_180,4,13678,15379,M8,14106,64,14170,-1209,0,1209
Job_186,2,14059,15298,M1,14134,22,14156,-1142,0,1142
Job_179,2,13647,15527,M3,14135,76,14211,-1316,0,1316
Job_176,8,13253,14816,M4,14137,6,14143,-673,0,673
Job_181,4,13779,15477,M4,14143,32,14175,-1302,0,1302
Job_165,9,12608,14171,M7,14146,25,14171,0,0,0
Job_183,3,13881,15488,M9,14154,11,14165,-1323,0,1323
Job_182,1,13827,15708,M1,14156,69,14225,-1483,0,1483
Job_186,3,14059,15298,M5,14156,61,14217,-1081,0,1081
Job_185,1,14053,16117,M2,14160,95,14255,-1862,0,1862
Job_174,6,13151,15214,M7,14171,85,14256,-958,0,958
Job_181,5,13779,15477,M6,14175,88,14263,-1214,0,1214
Job_188,0,14176,15420,M0,14176,29,14205,-1215,0,1215
Job_171,9,12960,14204,M9,14183,21,14204,0,0,0
Job_163,9,12387,14268,M8,14194,74,14268,0,0,0
Job_166,8,12613,14677,M9,14204,22,14226,-451,0,451
Job_183,4,13881,15488,M3,14211,69,14280,-1208,0,1208
Job_179,3,13647,15527,M5,14217,51,14268,-1259,0,1259
Job_188,1,14176,15420,M1,14225,78,14303,-1117,0,1117
Job_185,2,14053,16117,M0,14255,71,14326,-1791,0,1791
Job_178,8,13433,15131,M7,14256,36,14292,-839,0,839
Job_179,4,13647,15527,M2,14268,85,14353,-1174,0,1174
Job_181,6,13779,15477,M8,14268,19,14287,-1190,0,1190
Job_174,7,13151,15214,M3,14280,98,14378,-836,0,836
Job_181,7,13779,15477,M9,14287,48,14335,-1142,0,1142
Job_184,1,14048,15611,M1,14303,2,14305,-1306,0,1306
Job_183,5,13881,15488,M1,14305,28,14333,-1155,0,1155
Job_184,2,14048,15611,M5,14305,52,14357,-1254,0,1254
Job_187,0,14060,15850,M1,14333,91,14424,-1426,0,1426
Job_180,5,13678,15379,M9,14335,76,14411,-968,0,968
Job_181,8,13779,15477,M7,14335,36,14371,-1106,0,1106
Job_188,2,14176,15420,M2,14353,9,14362,-1058,0,1058
Job_175,9,13186,14425,M6,14372,53,14425,0,0,0
Job_168,9,12620,14410,M4,14377,33,14410,0,0,0
Job_186,4,14059,15298,M3,14378,26,14404,-894,0,894
Job_188,3,14176,15420,M3,14404,36,14440,-980,0,980
Job_186,5,14059,15298,M4,14410,69,14479,-819,0,819
Job_179,5,13647,15527,M9,14411,11,14422,-1105,0,1105
Job_180,6,13678,15379,M5,14411,47,14458,-921,0,921
Job_174,8,13151,15214,M9,14422,22,14444,-770,0,770
Job_187,1,14060,15850,M0,14424,85,14509,-1341,0,1341
Job_189,0,14272,15974,M1,14424,85,14509,-1465,0,1465
Job_183,6,13881,15488,M6,14425,46,14471,-1017,0,1017
Job_184,3,14048,15611,M3,14440,95,14535,-1076,0,1076
Job_179,6,13647,15527,M6,14471,40,14511,-1016,0,1016
Job_183,7,13881,15488,M5,14471,46,14517,-971,0,971
Job_186,6,14059,15298,M8,14479,21,14500,-798,0,798
Job_188,4,14176,15420,M4,14479,49,14528,-892,0,892
Job_170,9,12832,14534,M7,14489,45,14534,0,0,0
Job_189,1,14272,15974,M0,14509,13,14522,-1452,0,1452
Job_189,2,14272,15974,M2,14522,61,14583,-1391,0,1391
Job_188,5,14176,15420,M5,14528,11,14539,-881,0,881
Job_186,7,14059,15298,M7,14534,49,14583,-715,0,715
Job_180,7,13678,15379,M3,14535,52,14587,-792,0,792
Job_184,4,14048,15611,M8,14535,48,14583,-1028,0,1028
Job_188,6,14176,15420,M6,14539,62,14601,-819,0,819
Job_177,9,13290,14601,M4,14546,55,14601,0,0,0
Job_179,7,13647,15527,M7,14583,89,14672,-855,0,855
Job_186,8,14059,15298,M9,14583,72,14655,-643,0,643
Job_182,2,13827,15708,M3,14587,76,14663,-1045,0,1045
Job_180,8,13678,15379,M4,14601,90,14691,-688,0,688
Job_189,3,14272,15974,M6,14601,7,14608,-1366,0,1366
Job_172,9,13040,14647,M8,14617,30,14647,0,0,0
Job_166,9,12613,14677,M5,14634,43,14677,0,0,0
Job_189,4,14272,15974,M8,14647,64,14711,-1263,0,1263
Job_184,5,14048,15611,M9,14655,72,14727,-884,0,884
Job_187,2,14060,15850,M3,14663,39,14702,-1148,0,1148
Job_188,7,14176,15420,M7,14672,56,14728,-692,0,692
Job_182,3,13827,15708,M5,14677,51,14728,-980,0,980
Job_179,8,13647,15527,M4,14691,26,14717,-810,0,810
Job_187,3,14060,15850,M2,14702,74,14776,-1074,0,1074
Job_185,3,14053,16117,M4,14717,99,14816,-1301,0,1301
Job_184,6,14048,15611,M0,14727,47,14774,-837,0,837
Job_189,5,14272,15974,M9,14727,76,14803,-1171,0,1171
Job_188,8,14176,15420,M8,14728,44,14772,-648,0,648
Job_184,7,14048,15611,M6,14774,65,14839,-772,0,772
Job_182,4,13827,15708,M2,14776,85,14861,-847,0,847
Job_187,4,14060,15850,M8,14776,90,14866,-984,0,984
Job_176,9,13253,14816,M7,14791,25,14816,0,0,0
Job_189,6,14272,15974,M5,14803,47,14850,-1124,0,1124
Job_183,8,13881,15488,M7,14816,72,14888,-600,0,600
Job_184,8,14048,15611,M4,14839,6,14845,-766,0,766
Job_185,4,14053,16117,M6,14839,9,14848,-1269,0,1269
Job_189,7,14272,15974,M3,14850,52,14902,-1072,0,1072
Job_173,9,13100,14889,M4,14856,33,14889,0,0,0
Job_182,5,13827,15708,M9,14861,11,14872,-836,0,836
Job_185,5,14053,16117,M8,14866,52,14918,-1199,0,1199
Job_187,5,14060,15850,M5,14866,10,14876,-974,0,974
Job_182,6,13827,15708,M6,14872,40,14912,-796,0,796
Job_187,6,14060,15850,M7,14888,12,14900,-950,0,950
Job_189,8,14272,15974,M4,14902,90,14992,-982,0,982
Job_182,7,13827,15708,M7,14912,89,15001,-707,0,707
Job_187,7,14060,15850,M6,14912,89,15001,-849,0,849
Job_182,8,13827,15708,M4,15001,26,15027,-681,0,681
Job_185,6,14053,16117,M7,15001,85,15086,-1031,0,1031
Job_187,8,14060,15850,M9,15001,45,15046,-804,0,804
Job_178,9,13433,15131,M3,15052,79,15131,0,0,0
Job_185,7,14053,16117,M3,15131,98,15229,-888,0,888
Job_174,9,13151,15214,M5,15171,43,15214,0,0,0
Job_185,8,14053,16117,M9,15229,22,15251,-866,0,866
Job_186,9,14059,15298,M6,15245,53,15298,0,0,0
Job_180,9,13678,15379,M7,15334,45,15379,0,0,0
Job_181,9,13779,15477,M3,15398,79,15477,0,0,0
Job_188,9,14176,15420,M9,15399,21,15420,0,0,0
Job_183,9,13881,15488,M8,15423,30,15453,-35,0,35
Job_179,9,13647,15527,M8,15453,74,15527,0,0,0
Job_184,9,14048,15611,M7,15586,25,15611,0,0,0
Job_182,9,13827,15708,M8,15634,74,15708,0,0,0
Job_187,9,14060,15850,M4,15817,33,15850,0,0,0
Job_189,9,14272,15974,M7,15929,45,15974,0,0,0
Job_185,9,14053,16117,M5,16074,43,16117,0,0,0
