Job,Operation,Arrival,Deadline,Machine,Start,Processing Time,End,Lateness,Tardiness,Earliness
Job_038,0,2880,4006,M0,2880,29,2909,-1097,0,1097
Job_026,8,1918,3455,M7,2889,36,2925,-530,0,530
Job_027,5,2134,3836,M9,2889,11,2900,-936,0,936
Job_032,1,2540,3954,M1,2895,2,2897,-1057,0,1057
Job_034,4,2550,3671,M3,2897,26,2923,-748,0,748
Job_035,0,2552,4171,M1,2897,91,2988,-1183,0,1183
Job_022,8,1632,3500,M9,2900,22,2922,-578,0,578
Job_025,9,1773,2960,M4,2905,55,2960,0,0,0
Job_030,2,2316,4018,M3,2923,76,2999,-1019,0,1019
Job_027,6,2134,3836,M6,2932,40,2972,-864,0,864
Job_020,9,1521,2975,M8,2945,30,2975,0,0,0
Job_033,2,2544,4412,M0,2952,71,3023,-1389,0,1389
Job_036,2,2668,3795,M2,2952,9,2961,-834,0,834
Job_014,9,1104,2972,M5,2959,43,3002,30,30,0
Job_034,5,2550,3671,M4,2960,69,3029,-642,0,642
Job_027,7,2134,3836,M7,2972,89,3061,-775,0,775
Job_029,6,2267,3804,M8,2975,19,2994,-810,0,810
Job_031,5,2371,3825,M1,2988,28,3016,-809,0,809
Job_029,7,2267,3804,M9,2994,48,3042,-762,0,762
Job_036,3,2668,3795,M3,2999,36,3035,-760,0,760
Job_032,2,2540,3954,M5,3002,52,3054,-900,0,900
Job_031,6,2371,3825,M6,3016,46,3062,-763,0,763
Job_038,1,2880,4006,M1,3016,78,3094,-912,0,912
Job_035,1,2552,4171,M0,3023,85,3108,-1063,0,1063
Job_033,3,2544,4412,M4,3029,99,3128,-1284,0,1284
Job_034,6,2550,3671,M8,3029,21,3050,-621,0,621
Job_028,7,2165,3705,M3,3035,52,3087,-618,0,618
Job_030,3,2316,4018,M5,3054,51,3105,-913,0,913
Job_034,7,2550,3671,M7,3061,49,3110,-561,0,561
Job_032,3,2540,3954,M3,3087,95,3182,-772,0,772
Job_037,0,2766,4306,M1,3094,85,3179,-1127,0,1127
Job_038,2,2880,4006,M2,3094,9,3103,-903,0,903
Job_030,4,2316,4018,M2,3105,85,3190,-828,0,828
Job_031,7,2371,3825,M5,3105,46,3151,-674,0,674
Job_039,0,2961,4415,M0,3108,43,3151,-1264,0,1264
Job_034,8,2550,3671,M9,3110,72,3182,-489,0,489
Job_024,9,1736,3150,M7,3125,25,3150,0,0,0
Job_027,8,2134,3836,M4,3128,26,3154,-682,0,682
Job_033,4,2544,4412,M6,3128,9,3137,-1275,0,1275
Job_033,5,2544,4412,M8,3137,52,3189,-1223,0,1223
Job_029,8,2267,3804,M7,3150,36,3186,-618,0,618
Job_021,9,1581,3201,M4,3168,33,3201,0,0,0
Job_037,1,2766,4306,M0,3179,13,3192,-1114,0,1114
Job_040,0,3021,4641,M1,3179,91,3270,-1371,0,1371
Job_038,3,2880,4006,M3,3182,36,3218,-788,0,788
Job_031,8,2371,3825,M7,3186,72,3258,-567,0,567
Job_032,4,2540,3954,M8,3189,48,3237,-717,0,717
Job_030,5,2316,4018,M9,3190,11,3201,-817,0,817
Job_042,0,3108,4229,M2,3190,14,3204,-1025,0,1025
Job_030,6,2316,4018,M6,3201,40,3241,-777,0,777
Job_036,4,2668,3795,M4,3201,49,3250,-545,0,545
Job_037,2,2766,4306,M2,3204,61,3265,-1041,0,1041
Job_042,1,3108,4229,M0,3204,6,3210,-1019,0,1019
Job_035,2,2552,4171,M3,3218,39,3257,-914,0,914
Job_032,5,2540,3954,M9,3237,72,3309,-645,0,645
Job_028,8,2165,3705,M4,3250,90,3340,-365,0,365
Job_036,5,2668,3795,M5,3250,11,3261,-534,0,534
Job_030,7,2316,4018,M7,3258,89,3347,-671,0,671
Job_036,6,2668,3795,M6,3261,62,3323,-472,0,472
Job_035,3,2552,4171,M2,3265,74,3339,-832,0,832
Job_040,1,3021,4641,M0,3270,85,3355,-1286,0,1286
Job_042,2,3108,4229,M1,3270,22,3292,-937,0,937
Job_042,3,3108,4229,M5,3292,61,3353,-876,0,876
Job_044,0,3213,4400,M1,3292,46,3338,-1062,0,1062
Job_037,3,2766,4306,M6,3323,7,3330,-976,0,976
Job_037,4,2766,4306,M8,3330,64,3394,-912,0,912
Job_041,0,3072,4940,M1,3338,81,3419,-1521,0,1521
Job_039,1,2961,4415,M2,3339,90,3429,-986,0,986
Job_038,4,2880,4006,M4,3340,49,3389,-617,0,617
Job_036,7,2668,3795,M7,3347,56,3403,-392,0,392
Job_032,6,2540,3954,M0,3355,47,3402,-552,0,552
Job_026,9,1918,3455,M3,3376,79,3455,0,0,0
Job_030,8,2316,4018,M4,3389,26,3415,-603,0,603
Job_038,5,2880,4006,M5,3389,11,3400,-606,0,606
Job_035,4,2552,4171,M8,3394,90,3484,-687,0,687
Job_037,5,2766,4306,M9,3394,76,3470,-836,0,836
Job_038,6,2880,4006,M6,3400,62,3462,-544,0,544
Job_044,1,3213,4400,M0,3402,37,3439,-961,0,961
Job_033,6,2544,4412,M7,3403,85,3488,-924,0,924
Job_039,2,2961,4415,M4,3429,75,3504,-911,0,911
Job_043,0,3176,4590,M2,3429,84,3513,-1077,0,1077
Job_042,4,3108,4229,M3,3455,26,3481,-748,0,748
Job_022,9,1632,3500,M5,3457,43,3500,0,0,0
Job_032,7,2540,3954,M6,3462,65,3527,-427,0,427
Job_044,2,3213,4400,M3,3481,61,3542,-858,0,858
Job_036,8,2668,3795,M8,3484,44,3528,-267,0,267
Job_035,5,2552,4171,M5,3500,10,3510,-661,0,661
Job_039,3,2961,4415,M9,3504,11,3515,-900,0,900
Job_042,5,3108,4229,M4,3504,69,3573,-656,0,656
Job_035,6,2552,4171,M7,3510,12,3522,-649,0,649
Job_037,6,2766,4306,M5,3510,47,3557,-749,0,749
Job_041,1,3072,4940,M2,3513,95,3608,-1332,0,1332
Job_043,1,3176,4590,M1,3513,2,3515,-1075,0,1075
Job_038,7,2880,4006,M7,3522,56,3578,-428,0,428
Job_035,7,2552,4171,M6,3527,89,3616,-555,0,555
Job_039,4,2961,4415,M3,3542,69,3611,-804,0,804
Job_043,2,3176,4590,M5,3557,52,3609,-981,0,981
Job_032,8,2540,3954,M4,3573,6,3579,-375,0,375
Job_042,6,3108,4229,M8,3573,21,3594,-635,0,635
Job_046,0,3574,5276,M0,3574,76,3650,-1626,0,1626
Job_038,8,2880,4006,M8,3594,44,3638,-368,0,368
Job_042,7,3108,4229,M7,3594,49,3643,-586,0,586
Job_047,0,3605,5145,M1,3605,85,3690,-1455,0,1455
Job_044,3,3213,4400,M2,3608,13,3621,-779,0,779
Job_037,7,2766,4306,M3,3611,52,3663,-643,0,643
Job_034,9,2550,3671,M6,3618,53,3671,0,0,0
Job_045,0,3358,4895,M2,3621,31,3652,-1243,0,1243
Job_042,8,3108,4229,M9,3643,72,3715,-514,0,514
Job_041,2,3072,4940,M0,3650,71,3721,-1219,0,1219
Job_028,9,2165,3705,M7,3660,45,3705,0,0,0
Job_037,8,2766,4306,M4,3663,90,3753,-553,0,553
Job_040,2,3021,4641,M3,3663,39,3702,-939,0,939
Job_044,4,3213,4400,M6,3671,32,3703,-697,0,697
Job_039,5,2961,4415,M1,3690,28,3718,-697,0,697
Job_040,3,3021,4641,M2,3702,74,3776,-865,0,865
Job_044,5,3213,4400,M5,3703,21,3724,-676,0,676
Job_035,8,2552,4171,M9,3715,45,3760,-411,0,411
Job_039,6,2961,4415,M6,3718,46,3764,-651,0,651
Job_046,1,3574,5276,M1,3718,69,3787,-1489,0,1489
Job_027,9,2134,3836,M8,3721,74,3795,-41,0,41
Job_045,1,3358,4895,M0,3721,86,3807,-1088,0,1088
Job_029,9,2267,3804,M3,3725,79,3804,0,0,0
Job_041,3,3072,4940,M4,3753,99,3852,-1088,0,1088
Job_039,7,2961,4415,M5,3764,46,3810,-605,0,605
Job_036,9,2668,3795,M9,3774,21,3795,0,0,0
Job_048,0,3707,5244,M2,3776,31,3807,-1437,0,1437
Job_031,9,2371,3825,M8,3795,30,3825,0,0,0
Job_044,6,3213,4400,M9,3795,32,3827,-573,0,573
Job_043,3,3176,4590,M3,3804,95,3899,-691,0,691
Job_045,2,3358,4895,M1,3807,46,3853,-1042,0,1042
Job_047,1,3605,5145,M0,3807,13,3820,-1325,0,1325
Job_039,8,2961,4415,M7,3810,72,3882,-533,0,533
Job_047,2,3605,5145,M2,3820,61,3881,-1264,0,1264
Job_048,1,3707,5244,M0,3820,86,3906,-1338,0,1338
Job_040,4,3021,4641,M8,3825,90,3915,-726,0,726
Job_041,4,3072,4940,M6,3852,9,3861,-1079,0,1079
Job_045,3,3358,4895,M5,3853,74,3927,-968,0,968
Job_047,3,3605,5145,M6,3881,7,3888,-1257,0,1257
Job_033,7,2544,4412,M3,3899,98,3997,-415,0,415
Job_048,2,3707,5244,M1,3906,46,3952,-1292,0,1292
Job_050,0,3811,5265,M0,3906,43,3949,-1316,0,1316
Job_040,5,3021,4641,M5,3927,10,3937,-704,0,704
Job_045,4,3358,4895,M4,3927,32,3959,-936,0,936
Job_032,9,2540,3954,M7,3929,25,3954,0,0,0
Job_030,9,2316,4018,M8,3944,74,4018,0,0,0
Job_049,0,3756,5458,M0,3949,76,4025,-1433,0,1433
Job_050,1,3811,5265,M2,3949,90,4039,-1226,0,1226
Job_048,3,3707,5244,M5,3952,74,4026,-1218,0,1218
Job_040,6,3021,4641,M7,3954,12,3966,-675,0,675
Job_040,7,3021,4641,M6,3966,89,4055,-586,0,586
Job_052,0,3984,5852,M1,3984,81,4065,-1787,0,1787
Job_038,9,2880,4006,M9,3985,21,4006,0,0,0
Job_046,2,3574,5276,M3,3997,76,4073,-1203,0,1203
Job_033,8,2544,4412,M9,4006,22,4028,-384,0,384
Job_044,7,3213,4400,M8,4018,89,4107,-293,0,293
Job_048,4,3707,5244,M4,4026,32,4058,-1186,0,1186
Job_053,0,3990,5111,M2,4039,14,4053,-1058,0,1058
Job_051,0,3980,5394,M2,4053,84,4137,-1257,0,1257
Job_053,1,3990,5111,M0,4053,6,4059,-1052,0,1052
Job_040,8,3021,4641,M9,4055,45,4100,-541,0,541
Job_045,5,3358,4895,M6,4055,88,4143,-752,0,752
Job_050,2,3811,5265,M4,4058,75,4133,-1132,0,1132
Job_053,2,3990,5111,M1,4065,22,4087,-1024,0,1024
Job_046,3,3574,5276,M5,4073,51,4124,-1152,0,1152
Job_049,1,3756,5458,M1,4087,69,4156,-1302,0,1302
Job_043,4,3176,4590,M8,4107,48,4155,-435,0,435
Job_044,8,3213,4400,M7,4107,30,4137,-263,0,263
Job_055,0,4108,5235,M0,4108,29,4137,-1098,0,1098
Job_053,3,3990,5111,M5,4124,61,4185,-926,0,926
Job_050,3,3811,5265,M9,4133,11,4144,-1121,0,1121
Job_046,4,3574,5276,M2,4137,85,4222,-1054,0,1054
Job_035,9,2552,4171,M4,4138,33,4171,0,0,0
Job_050,4,3811,5265,M3,4144,69,4213,-1052,0,1052
Job_041,5,3072,4940,M8,4155,52,4207,-733,0,733
Job_043,5,3176,4590,M9,4155,72,4227,-363,0,363
Job_055,1,4108,5235,M1,4156,78,4234,-1001,0,1001
Job_042,9,3108,4229,M6,4176,53,4229,0,0,0
Job_047,4,3605,5145,M8,4207,64,4271,-874,0,874
Job_053,4,3990,5111,M3,4213,26,4239,-872,0,872
Job_052,1,3984,5852,M2,4222,95,4317,-1535,0,1535
Job_043,6,3176,4590,M0,4227,47,4274,-316,0,316
Job_046,5,3574,5276,M9,4227,11,4238,-1038,0,1038
Job_048,5,3707,5244,M6,4229,88,4317,-927,0,927
Job_051,1,3980,5394,M1,4234,2,4236,-1158,0,1158
Job_051,2,3980,5394,M5,4236,52,4288,-1106,0,1106
Job_054,0,3992,5611,M1,4236,91,4327,-1284,0,1284
Job_049,2,3756,5458,M3,4239,76,4315,-1143,0,1143
Job_053,5,3990,5111,M4,4239,69,4308,-803,0,803
Job_037,9,2766,4306,M7,4261,45,4306,0,0,0
Job_045,6,3358,4895,M8,4271,19,4290,-605,0,605
Job_047,5,3605,5145,M9,4271,76,4347,-798,0,798
Job_041,6,3072,4940,M7,4306,85,4391,-549,0,549
Job_053,6,3990,5111,M8,4308,21,4329,-782,0,782
Job_049,3,3756,5458,M5,4315,51,4366,-1092,0,1092
Job_051,3,3980,5394,M3,4315,95,4410,-984,0,984
Job_043,7,3176,4590,M6,4317,65,4382,-208,0,208
Job_052,2,3984,5852,M0,4317,71,4388,-1464,0,1464
Job_055,2,4108,5235,M2,4317,9,4326,-909,0,909
Job_050,5,3811,5265,M1,4327,28,4355,-910,0,910
Job_048,6,3707,5244,M8,4329,19,4348,-896,0,896
Job_044,9,3213,4400,M4,4345,55,4400,0,0,0
Job_045,7,3358,4895,M9,4347,48,4395,-500,0,500
Job_056,0,4206,5746,M1,4355,85,4440,-1306,0,1306
Job_049,4,3756,5458,M2,4366,85,4451,-1007,0,1007
Job_033,9,2544,4412,M5,4369,43,4412,0,0,0
Job_046,6,3574,5276,M6,4382,40,4422,-854,0,854
Job_039,9,2961,4415,M8,4385,30,4415,0,0,0
Job_057,0,4320,5446,M0,4388,29,4417,-1029,0,1029
Job_053,7,3990,5111,M7,4391,49,4440,-671,0,671
Job_048,7,3707,5244,M9,4395,48,4443,-801,0,801
Job_043,8,3176,4590,M4,4400,6,4406,-184,0,184
Job_052,3,3984,5852,M4,4406,99,4505,-1347,0,1347
Job_041,7,3072,4940,M3,4410,98,4508,-432,0,432
Job_047,6,3605,5145,M5,4412,47,4459,-686,0,686
Job_051,4,3980,5394,M8,4415,48,4463,-931,0,931
Job_054,1,3992,5611,M0,4417,85,4502,-1109,0,1109
Job_050,6,3811,5265,M6,4422,46,4468,-797,0,797
Job_045,8,3358,4895,M7,4440,36,4476,-419,0,419
Job_057,1,4320,5446,M1,4440,78,4518,-928,0,928
Job_053,8,3990,5111,M9,4443,72,4515,-596,0,596
Job_050,7,3811,5265,M5,4468,46,4514,-751,0,751
Job_046,7,3574,5276,M7,4476,89,4565,-711,0,711
Job_056,1,4206,5746,M0,4502,13,4515,-1231,0,1231
Job_052,4,3984,5852,M6,4505,9,4514,-1338,0,1338
Job_055,3,4108,5235,M3,4508,36,4544,-691,0,691
Job_052,5,3984,5852,M8,4514,52,4566,-1286,0,1286
Job_041,8,3072,4940,M9,4515,22,4537,-403,0,403
Job_056,2,4206,5746,M2,4515,61,4576,-1170,0,1170
Job_058,0,4401,5855,M0,4515,43,4558,-1297,0,1297
Job_060,0,4512,6380,M1,4518,81,4599,-1781,0,1781
Job_051,5,3980,5394,M9,4537,72,4609,-785,0,785
Job_047,7,3605,5145,M3,4544,52,4596,-549,0,549
Job_055,4,4108,5235,M4,4544,49,4593,-642,0,642
Job_043,9,3176,4590,M7,4565,25,4590,0,0,0
Job_056,3,4206,5746,M6,4576,7,4583,-1163,0,1163
Job_061,0,4548,5669,M2,4576,14,4590,-1079,0,1079
Job_056,4,4206,5746,M8,4583,64,4647,-1099,0,1099
Job_048,8,3707,5244,M7,4590,36,4626,-618,0,618
Job_057,2,4320,5446,M2,4590,9,4599,-847,0,847
Job_061,1,4548,5669,M0,4590,6,4596,-1073,0,1073
Job_055,5,4108,5235,M5,4593,11,4604,-631,0,631
Job_054,2,3992,5611,M3,4596,39,4635,-976,0,976
Job_061,2,4548,5669,M1,4599,22,4621,-1048,0,1048
Job_055,6,4108,5235,M6,4604,62,4666,-569,0,569
Job_040,9,3021,4641,M4,4608,33,4641,0,0,0
Job_049,5,3756,5458,M9,4609,11,4620,-838,0,838
Job_051,6,3980,5394,M0,4609,47,4656,-738,0,738
Job_061,3,4548,5669,M5,4621,61,4682,-987,0,987
Job_050,8,3811,5265,M7,4626,72,4698,-567,0,567
Job_054,3,3992,5611,M2,4635,74,4709,-902,0,902
Job_057,3,4320,5446,M3,4635,36,4671,-775,0,775
Job_047,8,3605,5145,M4,4641,90,4731,-414,0,414
Job_056,5,4206,5746,M9,4647,76,4723,-1023,0,1023
Job_063,0,4653,5840,M1,4653,46,4699,-1141,0,1141
Job_049,6,3756,5458,M6,4666,40,4706,-752,0,752
Job_061,4,4548,5669,M3,4682,26,4708,-961,0,961
Job_055,7,4108,5235,M7,4698,56,4754,-481,0,481
Job_059,0,4461,6081,M1,4699,91,4790,-1291,0,1291
Job_063,1,4653,5840,M0,4699,37,4736,-1104,0,1104
Job_051,7,3980,5394,M6,4706,65,4771,-623,0,623
Job_054,4,3992,5611,M8,4709,90,4799,-812,0,812
Job_058,1,4401,5855,M2,4709,90,4799,-1056,0,1056
Job_056,6,4206,5746,M5,4723,47,4770,-976,0,976
Job_046,8,3574,5276,M4,4731,26,4757,-519,0,519
Job_063,2,4653,5840,M3,4736,61,4797,-1043,0,1043
Job_049,7,3756,5458,M7,4754,89,4843,-615,0,615
Job_057,4,4320,5446,M4,4757,49,4806,-640,0,640
Job_059,1,4461,6081,M0,4790,85,4875,-1206,0,1206
Job_055,8,4108,5235,M8,4799,44,4843,-392,0,392
Job_063,3,4653,5840,M2,4799,13,4812,-1028,0,1028
Job_051,8,3980,5394,M4,4806,6,4812,-582,0,582
Job_057,5,4320,5446,M5,4806,11,4817,-629,0,629
Job_062,0,4616,6030,M2,4812,84,4896,-1134,0,1134
Job_063,4,4653,5840,M6,4812,32,4844,-996,0,996
Job_045,9,3358,4895,M3,4816,79,4895,0,0,0
Job_054,5,3992,5611,M5,4817,10,4827,-784,0,784
Job_049,8,3756,5458,M4,4843,26,4869,-589,0,589
Job_052,6,3984,5852,M7,4843,85,4928,-924,0,924
Job_057,6,4320,5446,M6,4844,62,4906,-540,0,540
Job_063,5,4653,5840,M5,4844,21,4865,-975,0,975
Job_063,6,4653,5840,M9,4865,32,4897,-943,0,943
Job_058,2,4401,5855,M4,4869,75,4944,-911,0,911
Job_059,2,4461,6081,M3,4895,39,4934,-1147,0,1147
Job_062,1,4616,6030,M1,4896,2,4898,-1132,0,1132
Job_064,0,4798,6335,M2,4896,31,4927,-1408,0,1408
Job_041,9,3072,4940,M5,4897,43,4940,0,0,0
Job_063,7,4653,5840,M8,4897,89,4986,-854,0,854
Job_064,1,4798,6335,M0,4927,86,5013,-1322,0,1322
Job_057,7,4320,5446,M7,4928,56,4984,-462,0,462
Job_059,3,4461,6081,M2,4934,74,5008,-1073,0,1073
Job_062,2,4616,6030,M5,4940,52,4992,-1038,0,1038
Job_058,3,4401,5855,M9,4944,11,4955,-900,0,900
Job_061,5,4548,5669,M4,4944,69,5013,-656,0,656
Job_058,4,4401,5855,M3,4955,69,5024,-831,0,831
Job_054,6,3992,5611,M7,4984,12,4996,-615,0,615
Job_057,8,4320,5446,M8,4986,44,5030,-416,0,416
Job_063,8,4653,5840,M7,4996,30,5026,-814,0,814
Job_060,1,4512,6380,M2,5008,95,5103,-1277,0,1277
Job_065,0,5014,6716,M0,5014,76,5090,-1626,0,1626
Job_056,7,4206,5746,M3,5024,52,5076,-670,0,670
Job_061,6,4548,5669,M8,5030,21,5051,-618,0,618
Job_066,0,5045,6585,M1,5045,85,5130,-1455,0,1455
Job_059,4,4461,6081,M8,5051,90,5141,-940,0,940
Job_061,7,4548,5669,M7,5051,49,5100,-569,0,569
Job_053,9,3990,5111,M6,5058,53,5111,0,0,0
Job_056,8,4206,5746,M4,5076,90,5166,-580,0,580
Job_047,9,3605,5145,M7,5100,45,5145,0,0,0
Job_061,8,4548,5669,M9,5100,72,5172,-497,0,497
Job_060,2,4512,6380,M0,5103,71,5174,-1206,0,1206
Job_054,7,3992,5611,M6,5111,89,5200,-411,0,411
Job_058,5,4401,5855,M1,5130,28,5158,-697,0,697
Job_059,5,4461,6081,M5,5141,10,5151,-930,0,930
Job_067,0,5147,6684,M2,5147,31,5178,-1506,0,1506
Job_059,6,4461,6081,M7,5151,12,5163,-918,0,918
Job_065,1,5014,6716,M1,5158,69,5227,-1489,0,1489
Job_046,9,3574,5276,M8,5161,74,5235,-41,0,41
Job_048,9,3707,5244,M3,5165,79,5244,0,0,0
Job_060,3,4512,6380,M4,5174,99,5273,-1107,0,1107
Job_066,1,5045,6585,M0,5174,13,5187,-1398,0,1398
Job_066,2,5045,6585,M2,5187,61,5248,-1337,0,1337
Job_067,1,5147,6684,M0,5187,86,5273,-1411,0,1411
Job_058,6,4401,5855,M6,5200,46,5246,-609,0,609
Job_055,9,4108,5235,M9,5214,21,5235,0,0,0
Job_064,2,4798,6335,M1,5227,46,5273,-1062,0,1062
Job_050,9,3811,5265,M8,5235,30,5265,0,0,0
Job_054,8,3992,5611,M9,5235,45,5280,-331,0,331
Job_062,3,4616,6030,M3,5244,95,5339,-691,0,691
Job_058,7,4401,5855,M5,5246,46,5292,-563,0,563
Job_059,7,4461,6081,M6,5246,89,5335,-746,0,746
Job_067,2,5147,6684,M1,5273,46,5319,-1365,0,1365
Job_069,0,5251,6705,M0,5273,43,5316,-1389,0,1389
Job_058,8,4401,5855,M7,5292,72,5364,-491,0,491
Job_064,3,4798,6335,M5,5292,74,5366,-969,0,969
Job_068,0,5196,6898,M0,5316,76,5392,-1506,0,1506
Job_069,1,5251,6705,M2,5316,90,5406,-1299,0,1299
Job_059,8,4461,6081,M9,5335,45,5380,-701,0,701
Job_060,4,4512,6380,M6,5335,9,5344,-1036,0,1036
Job_052,7,3984,5852,M3,5339,98,5437,-415,0,415
Job_066,3,5045,6585,M6,5344,7,5351,-1234,0,1234
Job_064,4,4798,6335,M4,5366,32,5398,-937,0,937
Job_067,3,5147,6684,M5,5366,74,5440,-1244,0,1244
Job_051,9,3980,5394,M7,5369,25,5394,0,0,0
Job_049,9,3756,5458,M8,5384,74,5458,0,0,0
Job_064,5,4798,6335,M6,5398,88,5486,-849,0,849
Job_069,2,5251,6705,M4,5406,75,5481,-1224,0,1224
Job_071,0,5424,7292,M1,5424,81,5505,-1787,0,1787
Job_057,9,4320,5446,M9,5425,21,5446,0,0,0
Job_072,0,5430,6551,M2,5430,14,5444,-1107,0,1107
Job_065,2,5014,6716,M3,5437,76,5513,-1203,0,1203
Job_070,0,5420,6834,M2,5444,84,5528,-1306,0,1306
Job_072,1,5430,6551,M0,5444,6,5450,-1101,0,1101
Job_052,8,3984,5852,M9,5446,22,5468,-384,0,384
Job_062,4,4616,6030,M8,5458,48,5506,-524,0,524
Job_067,4,5147,6684,M4,5481,32,5513,-1171,0,1171
Job_069,3,5251,6705,M9,5481,11,5492,-1213,0,1213
Job_068,1,5196,6898,M1,5505,69,5574,-1324,0,1324
Job_060,5,4512,6380,M8,5506,52,5558,-822,0,822
Job_062,5,4616,6030,M9,5506,72,5578,-452,0,452
Job_065,3,5014,6716,M5,5513,51,5564,-1152,0,1152
Job_067,5,5147,6684,M6,5513,88,5601,-1083,0,1083
Job_074,0,5548,6675,M0,5548,29,5577,-1098,0,1098
Job_060,6,4512,6380,M7,5558,85,5643,-737,0,737
Job_066,4,5045,6585,M8,5558,64,5622,-963,0,963
Job_065,4,5014,6716,M2,5564,85,5649,-1067,0,1067
Job_068,2,5196,6898,M3,5574,76,5650,-1248,0,1248
Job_072,2,5430,6551,M1,5574,22,5596,-955,0,955
Job_054,9,3992,5611,M4,5578,33,5611,0,0,0
Job_062,6,4616,6030,M0,5578,47,5625,-405,0,405
Job_072,3,5430,6551,M5,5596,61,5657,-894,0,894
Job_074,1,5548,6675,M1,5596,78,5674,-1001,0,1001
Job_061,9,4548,5669,M6,5616,53,5669,0,0,0
Job_064,6,4798,6335,M8,5622,19,5641,-694,0,694
Job_066,5,5045,6585,M9,5622,76,5698,-887,0,887
Job_067,6,5147,6684,M8,5641,19,5660,-1024,0,1024
Job_060,7,4512,6380,M3,5650,98,5748,-632,0,632
Job_068,3,5196,6898,M5,5657,51,5708,-1190,0,1190
Job_062,7,4616,6030,M6,5669,65,5734,-296,0,296
Job_070,1,5420,6834,M1,5674,2,5676,-1158,0,1158
Job_074,2,5548,6675,M2,5674,9,5683,-992,0,992
Job_073,0,5432,7051,M1,5676,91,5767,-1284,0,1284
Job_071,1,5424,7292,M2,5683,95,5778,-1514,0,1514
Job_064,7,4798,6335,M9,5698,48,5746,-589,0,589
Job_056,9,4206,5746,M7,5701,45,5746,0,0,0
Job_066,6,5045,6585,M5,5708,47,5755,-830,0,830
Job_062,8,4616,6030,M4,5734,6,5740,-290,0,290
Job_064,8,4798,6335,M7,5746,36,5782,-553,0,553
Job_065,5,5014,6716,M9,5746,11,5757,-959,0,959
Job_074,3,5548,6675,M3,5748,36,5784,-891,0,891
Job_070,2,5420,6834,M5,5755,52,5807,-1027,0,1027
Job_060,8,4512,6380,M9,5757,22,5779,-601,0,601
Job_065,6,5014,6716,M6,5757,40,5797,-919,0,919
Job_076,0,5760,6886,M0,5760,29,5789,-1097,0,1097
Job_075,0,5646,7186,M1,5767,85,5852,-1334,0,1334
Job_068,4,5196,6898,M2,5778,85,5863,-1035,0,1035
Job_067,7,5147,6684,M9,5779,48,5827,-857,0,857
Job_072,4,5430,6551,M3,5784,26,5810,-741,0,741
Job_063,9,4653,5840,M4,5785,55,5840,0,0,0
Job_073,1,5432,7051,M0,5789,85,5874,-1177,0,1177
Job_065,7,5014,6716,M7,5797,89,5886,-830,0,830
Job_052,9,3984,5852,M5,5809,43,5852,0,0,0
Job_069,4,5251,6705,M3,5810,69,5879,-826,0,826
Job_058,9,4401,5855,M8,5825,30,5855,0,0,0
Job_072,5,5430,6551,M4,5840,69,5909,-642,0,642
Job_076,1,5760,6886,M1,5852,78,5930,-956,0,956
Job_068,5,5196,6898,M9,5863,11,5874,-1024,0,1024
Job_068,6,5196,6898,M6,5874,40,5914,-984,0,984
Job_075,1,5646,7186,M0,5874,13,5887,-1299,0,1299
Job_066,7,5045,6585,M3,5879,52,5931,-654,0,654
Job_067,8,5147,6684,M7,5886,36,5922,-762,0,762
Job_075,2,5646,7186,M2,5887,61,5948,-1238,0,1238
Job_077,0,5841,7295,M0,5887,43,5930,-1365,0,1365
Job_072,6,5430,6551,M8,5909,21,5930,-621,0,621
Job_074,4,5548,6675,M4,5909,49,5958,-717,0,717
Job_069,5,5251,6705,M1,5930,28,5958,-747,0,747
Job_071,2,5424,7292,M0,5930,71,6001,-1291,0,1291
Job_072,7,5430,6551,M7,5930,49,5979,-572,0,572
Job_070,3,5420,6834,M3,5931,95,6026,-808,0,808
Job_075,3,5646,7186,M6,5948,7,5955,-1231,0,1231
Job_076,2,5760,6886,M2,5948,9,5957,-929,0,929
Job_075,4,5646,7186,M8,5955,64,6019,-1167,0,1167
Job_077,1,5841,7295,M2,5957,90,6047,-1248,0,1248
Job_066,8,5045,6585,M4,5958,90,6048,-537,0,537
Job_069,6,5251,6705,M6,5958,46,6004,-701,0,701
Job_074,5,5548,6675,M5,5958,11,5969,-706,0,706
Job_078,0,5901,7521,M1,5958,91,6049,-1472,0,1472
Job_072,8,5430,6551,M9,5979,72,6051,-500,0,500
Job_069,7,5251,6705,M5,6004,46,6050,-655,0,655
Job_074,6,5548,6675,M6,6004,62,6066,-609,0,609
Job_062,9,4616,6030,M7,6005,25,6030,0,0,0
Job_070,4,5420,6834,M8,6026,48,6074,-760,0,760
Job_076,3,5760,6886,M3,6026,36,6062,-824,0,824
Job_068,7,5196,6898,M7,6030,89,6119,-779,0,779
Job_080,0,5988,7109,M2,6047,14,6061,-1048,0,1048
Job_059,9,4461,6081,M4,6048,33,6081,0,0,0
Job_078,1,5901,7521,M0,6049,85,6134,-1387,0,1387
Job_079,0,5952,7820,M1,6049,81,6130,-1690,0,1690
Job_081,0,6056,7470,M2,6061,84,6145,-1325,0,1325
Job_073,2,5432,7051,M3,6062,39,6101,-950,0,950
Job_070,5,5420,6834,M9,6074,72,6146,-688,0,688
Job_065,8,5014,6716,M4,6081,26,6107,-609,0,609
Job_076,4,5760,6886,M4,6107,49,6156,-730,0,730
Job_074,7,5548,6675,M7,6119,56,6175,-500,0,500
Job_082,0,6093,7280,M1,6130,46,6176,-1104,0,1104
Job_078,2,5901,7521,M3,6134,39,6173,-1348,0,1348
Job_080,1,5988,7109,M0,6134,6,6140,-969,0,969
Job_073,3,5432,7051,M2,6145,74,6219,-832,0,832
Job_070,6,5420,6834,M0,6146,47,6193,-641,0,641
Job_075,5,5646,7186,M9,6146,76,6222,-964,0,964
Job_068,8,5196,6898,M4,6156,26,6182,-716,0,716
Job_076,5,5760,6886,M5,6156,11,6167,-719,0,719
Job_076,6,5760,6886,M6,6167,62,6229,-657,0,657
Job_069,8,5251,6705,M7,6175,72,6247,-458,0,458
Job_074,8,5548,6675,M8,6175,44,6219,-456,0,456
Job_080,2,5988,7109,M1,6176,22,6198,-911,0,911
Job_077,2,5841,7295,M4,6182,75,6257,-1038,0,1038
Job_082,1,6093,7280,M0,6193,37,6230,-1050,0,1050
Job_080,3,5988,7109,M5,6198,61,6259,-850,0,850
Job_081,1,6056,7470,M1,6198,2,6200,-1270,0,1270
Job_073,4,5432,7051,M8,6219,90,6309,-742,0,742
Job_078,3,5901,7521,M2,6219,74,6293,-1228,0,1228
Job_070,7,5420,6834,M6,6229,65,6294,-540,0,540
Job_076,7,5760,6886,M7,6247,56,6303,-583,0,583
Job_064,9,4798,6335,M3,6256,79,6335,0,0,0
Job_071,3,5424,7292,M4,6257,99,6356,-936,0,936
Job_077,3,5841,7295,M9,6257,11,6268,-1027,0,1027
Job_075,6,5646,7186,M5,6259,47,6306,-880,0,880
Job_079,1,5952,7820,M2,6293,95,6388,-1432,0,1432
Job_073,5,5432,7051,M5,6309,10,6319,-732,0,732
Job_076,8,5760,6886,M8,6309,44,6353,-533,0,533
Job_073,6,5432,7051,M7,6319,12,6331,-720,0,720
Job_073,7,5432,7051,M6,6331,89,6420,-631,0,631
Job_080,4,5988,7109,M3,6335,26,6361,-748,0,748
Job_060,9,4512,6380,M5,6337,43,6380,0,0,0
Job_078,4,5901,7521,M8,6353,90,6443,-1078,0,1078
Job_070,8,5420,6834,M4,6356,6,6362,-472,0,472
Job_077,4,5841,7295,M3,6361,69,6430,-865,0,865
Job_080,5,5988,7109,M4,6362,69,6431,-678,0,678
Job_081,2,6056,7470,M5,6380,52,6432,-1038,0,1038
Job_079,2,5952,7820,M0,6388,71,6459,-1361,0,1361
Job_083,0,6238,7775,M2,6388,31,6419,-1356,0,1356
Job_071,4,5424,7292,M6,6420,9,6429,-863,0,863
Job_073,8,5432,7051,M9,6420,45,6465,-586,0,586
Job_077,5,5841,7295,M1,6430,28,6458,-837,0,837
Job_082,2,6093,7280,M3,6430,61,6491,-789,0,789
Job_078,5,5901,7521,M5,6443,10,6453,-1068,0,1068
Job_080,6,5988,7109,M8,6443,21,6464,-645,0,645
Job_078,6,5901,7521,M7,6453,12,6465,-1056,0,1056
Job_079,3,5952,7820,M4,6459,99,6558,-1262,0,1262
Job_083,1,6238,7775,M0,6459,86,6545,-1230,0,1230
Job_071,5,5424,7292,M8,6464,52,6516,-776,0,776
Job_080,7,5988,7109,M7,6465,49,6514,-595,0,595
Job_085,0,6485,8025,M1,6485,85,6570,-1455,0,1455
Job_075,7,5646,7186,M3,6491,52,6543,-643,0,643
Job_082,3,6093,7280,M2,6491,13,6504,-776,0,776
Job_072,9,5430,6551,M6,6498,53,6551,0,0,0
Job_080,8,5988,7109,M9,6514,72,6586,-523,0,523
Job_066,9,5045,6585,M7,6540,45,6585,0,0,0
Job_084,0,6454,8156,M0,6545,76,6621,-1535,0,1535
Job_077,6,5841,7295,M6,6551,46,6597,-698,0,698
Job_075,8,5646,7186,M4,6558,90,6648,-538,0,538
Job_083,2,6238,7775,M1,6570,46,6616,-1159,0,1159
Job_071,6,5424,7292,M7,6585,85,6670,-622,0,622
Job_086,0,6587,8124,M2,6587,31,6618,-1506,0,1506
Job_077,7,5841,7295,M5,6597,46,6643,-652,0,652
Job_082,4,6093,7280,M6,6597,32,6629,-651,0,651
Job_065,9,5014,6716,M8,6601,74,6675,-41,0,41
Job_067,9,5147,6684,M3,6605,79,6684,0,0,0
Job_084,1,6454,8156,M1,6621,69,6690,-1466,0,1466
Job_085,1,6485,8025,M0,6621,13,6634,-1391,0,1391
Job_078,7,5901,7521,M6,6629,89,6718,-803,0,803
Job_085,2,6485,8025,M2,6634,61,6695,-1330,0,1330
Job_086,1,6587,8124,M0,6634,86,6720,-1404,0,1404
Job_082,5,6093,7280,M5,6643,21,6664,-616,0,616
Job_074,9,5548,6675,M9,6654,21,6675,0,0,0
Job_083,3,6238,7775,M5,6664,74,6738,-1037,0,1037
Job_077,8,5841,7295,M7,6670,72,6742,-553,0,553
Job_069,9,5251,6705,M8,6675,30,6705,0,0,0
Job_082,6,6093,7280,M9,6675,32,6707,-573,0,573
Job_081,3,6056,7470,M3,6684,95,6779,-691,0,691
Job_082,7,6093,7280,M8,6707,89,6796,-484,0,484
Job_078,8,5901,7521,M9,6718,45,6763,-758,0,758
Job_079,4,5952,7820,M6,6718,9,6727,-1093,0,1093
Job_086,2,6587,8124,M1,6720,46,6766,-1358,0,1358
Job_088,0,6691,8145,M0,6720,43,6763,-1382,0,1382
Job_085,3,6485,8025,M6,6727,7,6734,-1291,0,1291
Job_083,4,6238,7775,M4,6738,32,6770,-1005,0,1005
Job_087,0,6636,8338,M0,6763,76,6839,-1499,0,1499
Job_088,1,6691,8145,M2,6763,90,6853,-1292,0,1292
Job_086,3,6587,8124,M5,6766,74,6840,-1284,0,1284
Job_083,5,6238,7775,M6,6770,88,6858,-917,0,917
Job_071,7,5424,7292,M3,6779,98,6877,-415,0,415
Job_070,9,5420,6834,M7,6809,25,6834,0,0,0
Job_068,9,5196,6898,M8,6824,74,6898,0,0,0
Job_082,8,6093,7280,M7,6834,30,6864,-416,0,416
Job_087,1,6636,8338,M1,6839,69,6908,-1430,0,1430
Job_086,4,6587,8124,M4,6840,32,6872,-1252,0,1252
Job_089,0,6860,8274,M2,6860,84,6944,-1330,0,1330
Job_076,9,5760,6886,M9,6865,21,6886,0,0,0
Job_086,5,6587,8124,M6,6872,88,6960,-1164,0,1164
Job_088,2,6691,8145,M4,6872,75,6947,-1198,0,1198
Job_084,2,6454,8156,M3,6877,76,6953,-1203,0,1203
Job_071,8,5424,7292,M9,6886,22,6908,-384,0,384
Job_081,4,6056,7470,M8,6898,48,6946,-524,0,524
Job_092,0,6872,8491,M1,6908,91,6999,-1492,0,1492
Job_091,0,6870,7991,M2,6944,14,6958,-1033,0,1033
Job_079,5,5952,7820,M8,6946,52,6998,-822,0,822
Job_081,5,6056,7470,M9,6946,72,7018,-452,0,452
Job_084,3,6454,8156,M5,6953,51,7004,-1152,0,1152
Job_087,2,6636,8338,M3,6953,76,7029,-1309,0,1309
Job_091,1,6870,7991,M0,6958,6,6964,-1027,0,1027
Job_093,0,6988,8115,M0,6988,29,7017,-1098,0,1098
Job_079,6,5952,7820,M7,6998,85,7083,-737,0,737
Job_085,4,6485,8025,M8,6998,64,7062,-963,0,963
Job_091,2,6870,7991,M1,6999,22,7021,-970,0,970
Job_084,4,6454,8156,M2,7004,85,7089,-1067,0,1067
Job_092,1,6872,8491,M0,7017,85,7102,-1389,0,1389
Job_073,9,5432,7051,M4,7018,33,7051,0,0,0
Job_088,3,6691,8145,M9,7018,11,7029,-1116,0,1116
Job_091,3,6870,7991,M5,7021,61,7082,-909,0,909
Job_093,1,6988,8115,M1,7021,78,7099,-1016,0,1016
Job_088,4,6691,8145,M3,7029,69,7098,-1047,0,1047
Job_080,9,5988,7109,M6,7056,53,7109,0,0,0
Job_083,6,6238,7775,M8,7062,19,7081,-694,0,694
Job_085,5,6485,8025,M9,7062,76,7138,-887,0,887
Job_086,6,6587,8124,M8,7081,19,7100,-1024,0,1024
Job_087,3,6636,8338,M5,7082,51,7133,-1205,0,1205
Job_079,7,5952,7820,M3,7098,98,7196,-624,0,624
Job_089,1,6860,8274,M1,7099,2,7101,-1173,0,1173
Job_093,2,6988,8115,M2,7099,9,7108,-1007,0,1007
Job_088,5,6691,8145,M1,7101,28,7129,-1016,0,1016
Job_081,6,6056,7470,M0,7102,47,7149,-321,0,321
Job_088,6,6691,8145,M6,7129,46,7175,-970,0,970
Job_094,0,7086,8626,M1,7129,85,7214,-1412,0,1412
Job_087,4,6636,8338,M2,7133,85,7218,-1120,0,1120
Job_089,2,6860,8274,M5,7133,52,7185,-1089,0,1089
Job_083,7,6238,7775,M9,7138,48,7186,-589,0,589
Job_075,9,5646,7186,M7,7141,45,7186,0,0,0
Job_081,7,6056,7470,M6,7175,65,7240,-230,0,230
Job_085,6,6485,8025,M5,7185,47,7232,-793,0,793
Job_083,8,6238,7775,M7,7186,36,7222,-553,0,553
Job_084,5,6454,8156,M9,7186,11,7197,-959,0,959
Job_093,3,6988,8115,M3,7196,36,7232,-883,0,883
Job_079,8,5952,7820,M9,7197,22,7219,-601,0,601
Job_090,0,6864,8732,M1,7214,81,7295,-1437,0,1437
Job_094,1,7086,8626,M0,7214,13,7227,-1399,0,1399
Job_086,7,6587,8124,M9,7219,48,7267,-857,0,857
Job_082,9,6093,7280,M4,7225,55,7280,0,0,0
Job_094,2,7086,8626,M2,7227,61,7288,-1338,0,1338
Job_091,4,6870,7991,M3,7232,26,7258,-733,0,733
Job_084,6,6454,8156,M6,7240,40,7280,-876,0,876
Job_071,9,5424,7292,M5,7249,43,7292,0,0,0
Job_085,7,6485,8025,M3,7258,52,7310,-715,0,715
Job_077,9,5841,7295,M8,7265,30,7295,0,0,0
Job_086,8,6587,8124,M7,7267,36,7303,-821,0,821
Job_087,5,6636,8338,M9,7267,11,7278,-1060,0,1060
Job_081,8,6056,7470,M4,7280,6,7286,-184,0,184
Job_087,6,6636,8338,M6,7280,40,7320,-1018,0,1018
Job_091,5,6870,7991,M4,7286,69,7355,-636,0,636
Job_088,7,6691,8145,M5,7292,46,7338,-807,0,807
Job_090,1,6864,8732,M2,7295,95,7390,-1342,0,1342
Job_084,7,6454,8156,M7,7303,89,7392,-764,0,764
Job_089,3,6860,8274,M3,7310,95,7405,-869,0,869
Job_094,3,7086,8626,M6,7320,7,7327,-1299,0,1299
Job_094,4,7086,8626,M8,7327,64,7391,-1235,0,1235
Job_093,4,6988,8115,M4,7355,49,7404,-711,0,711
Job_090,2,6864,8732,M0,7390,71,7461,-1271,0,1271
Job_091,6,6870,7991,M8,7391,21,7412,-579,0,579
Job_094,5,7086,8626,M9,7391,76,7467,-1159,0,1159
Job_084,8,6454,8156,M4,7404,26,7430,-726,0,726
Job_093,5,6988,8115,M5,7404,11,7415,-700,0,700
Job_092,2,6872,8491,M3,7405,39,7444,-1047,0,1047
Job_089,4,6860,8274,M8,7412,48,7460,-814,0,814
Job_093,6,6988,8115,M6,7415,62,7477,-638,0,638
Job_092,3,6872,8491,M2,7444,74,7518,-973,0,973
Job_081,9,6056,7470,M7,7445,25,7470,0,0,0
Job_089,5,6860,8274,M9,7467,72,7539,-735,0,735
Job_094,6,7086,8626,M5,7467,47,7514,-1112,0,1112
Job_091,7,6870,7991,M7,7470,49,7519,-472,0,472
Job_078,9,5901,7521,M4,7488,33,7521,0,0,0
Job_094,7,7086,8626,M3,7514,52,7566,-1060,0,1060
Job_092,4,6872,8491,M8,7518,90,7608,-883,0,883
Job_093,7,6988,8115,M7,7519,56,7575,-540,0,540
Job_085,8,6485,8025,M4,7521,90,7611,-414,0,414
Job_089,6,6860,8274,M0,7539,47,7586,-688,0,688
Job_091,8,6870,7991,M9,7539,72,7611,-380,0,380
Job_088,8,6691,8145,M7,7575,72,7647,-498,0,498
Job_089,7,6860,8274,M6,7586,65,7651,-623,0,623
Job_092,5,6872,8491,M5,7608,10,7618,-873,0,873
Job_093,8,6988,8115,M8,7608,44,7652,-463,0,463
Job_090,3,6864,8732,M4,7611,99,7710,-1022,0,1022
Job_087,7,6636,8338,M7,7647,89,7736,-602,0,602
Job_083,9,6238,7775,M3,7696,79,7775,0,0,0
Job_089,8,6860,8274,M4,7710,6,7716,-558,0,558
Job_090,4,6864,8732,M6,7710,9,7719,-1013,0,1013
Job_094,8,7086,8626,M4,7716,90,7806,-820,0,820
Job_090,5,6864,8732,M8,7719,52,7771,-961,0,961
Job_092,6,6872,8491,M7,7736,12,7748,-743,0,743
Job_092,7,6872,8491,M6,7748,89,7837,-654,0,654
Job_090,6,6864,8732,M7,7771,85,7856,-876,0,876
Job_079,9,5952,7820,M5,7777,43,7820,0,0,0
Job_087,8,6636,8338,M4,7806,26,7832,-506,0,506
Job_092,8,6872,8491,M9,7837,45,7882,-609,0,609
Job_090,7,6864,8732,M3,7856,98,7954,-778,0,778
Job_091,9,6870,7991,M6,7938,53,7991,0,0,0
Job_090,8,6864,8732,M9,7954,22,7976,-756,0,756
Job_085,9,6485,8025,M7,7980,45,8025,0,0,0
Job_084,9,6454,8156,M8,8041,74,8115,-41,0,41
Job_086,9,6587,8124,M3,8045,79,8124,0,0,0
Job_093,9,6988,8115,M9,8094,21,8115,0,0,0
Job_088,9,6691,8145,M8,8115,30,8145,0,0,0
Job_089,9,6860,8274,M7,8249,25,8274,0,0,0
Job_087,9,6636,8338,M8,8264,74,8338,0,0,0
Job_092,9,6872,8491,M4,8458,33,8491,0,0,0
Job_094,9,7086,8626,M7,8581,45,8626,0,0,0
Job_090,9,6864,8732,M5,8689,43,8732,0,0,0
